
Good
Feature: [2, 99, 5]

States: [array([-9.00107132e+01,  4.06300459e-02,  1.99666827e+01, -8.11959535e-02,
        7.47018585e+00, -9.89042602e+00]), array([-89.98272162,   1.06911321,  19.8303411 ,  -1.00228792,
         7.44219426,  -9.75408443]), array([-88.9841882 ,   1.92896694,  18.92596897,  -1.83154285,
         6.44366085,  -8.84971231]), array([-87.07123878,   2.60529576,  16.9709053 ,  -2.45137367,
         4.53071143,  -6.89464863]), array([-84.53348411,   3.12020059,  14.4944934 ,  -2.9918796 ,
         1.99295676,  -4.41823674]), array([-81.43181799,   1.50220139,  11.40880155,  -3.4746016 ,
         8.75057783, -28.54205049]), array([-79.97151213,   2.20621026,   7.89299783,  -3.76266301,
         7.29027197, -25.02624677]), array([-77.720767  ,   2.7529558 ,   4.08334148,  -4.00531129,
         5.03952683, -21.21659042]), array([-75.01502653,   3.19494895,   0.15920532,  -4.20181059,
         2.33378637, -17.29245426]), array([-71.87294127,   1.5955473 ,  -4.01074693,  -4.37155326,
        -0.80829889, -13.12250201]), array([-70.23746537,   0.3100735 ,  -8.44044749,  -4.45413851,
        -2.44377479,  -8.69280145]), array([-69.92392141,  -0.76698435, -12.94803688,  -4.5624924 ,
        -2.75731875,  -4.18521206]), array([-70.7139495 ,  -1.72444955, -17.49338554,  -4.58494899,
        -1.96729066,   0.3601366 ]), array([-72.48196736,  -2.41734126, -22.15711665,  -4.75159659,
        -2.31335604, -21.37571297]), array([-74.92502369,  -2.18669029, -27.02482215,  -4.7737455 ,
         0.12970029, -16.50800747]), array([-77.17003187,  -0.70584928, -31.7256172 ,  -4.81812357,
         2.37470847, -11.80721242]), array([-77.84010369,   0.45620628, -36.58315922,  -4.87630376,
         3.04478029,  -6.9496704 ]), array([-77.34656198,   1.36151658, -41.430882  ,  -4.80062194,
         2.55123858,  -2.10194762]), array([-75.95830731,   2.0110083 , -46.23500152,  -4.73349996,
        -9.60521188,  -5.26947349]), array([-73.9926132 ,   2.55093519, -51.0456975 ,  -3.32836238,
       -11.57090599,  -0.45877751]), array([-71.40690906,   3.0729681 , -54.36414296,  -3.5689339 ,
         6.40690906,  -7.63585704]), array([-68.28605481,   3.41143682, -57.92558271,  -3.88990855,
         3.28605481,  -4.07441729]), array([-64.867434  ,   3.78689505, -61.77338789,  -3.35221643,
        -0.132566  ,  -0.22661211]), array([-61.09459751,   4.08654588, -65.08626096,  -2.34438746,
       -24.46892168,  13.58178594]), array([-56.91783453,   3.38103142, -67.48651479,  -0.86690278,
       -28.64568467,  15.98203978]), array([-53.57574   ,   1.78933907, -68.33563108,   0.30437211,
       -31.98777919,  16.83115607]), array([-51.80437126,   1.47569256, -68.05149271,   1.3148485 ,
       -33.75914793,  16.54701769]), array([-50.31354352,   1.2821817 , -66.70749396,   2.11694101,
       -35.24997567,  15.20301895]), array([-48.99561056,   1.23061907, -64.51975953,   2.73082946,
       -36.56790864,  13.01528452]), array([-47.77289568,   1.12595   , -61.78231343,   3.1950473 ,
       -37.79062352,  10.27783842]), array([-46.73551773,   1.02606837, -58.59646872,   3.54186643,
       -38.82800147,   7.09199371]), array([-45.66263331,   1.0117479 , -55.05290099,   3.86331774,
       -39.90088589,   3.54842598]), array([-44.52752859,   0.96717212, -51.23124927,   4.05206799,
       -41.0359906 ,  -0.27322574]), array([-43.66117239,   0.82406909, -47.12306033,   4.25954616,
       -41.9023468 ,  -4.38141468]), array([-42.8754431 ,   0.51614004, -42.91075183,   4.35567494,
       -42.68807609,  -8.59372318]), array([-42.33649631,  -0.69655468, -38.60349827,   4.50136171,
       -43.22702288, -12.90097674]), array([-42.99662974,  -0.69206393, -34.11991691,   4.64058982,
       -42.56688946, -17.3845581 ]), array([-43.70443666,  -1.04604203, -29.59173954,   4.80649333,
       -41.85908253, -21.91273547]), array([-44.78295205,  -1.80348197, -24.72155446,   4.91003932,
       -40.78056715, -26.78292055]), array([-46.58938652,  -2.55014655, -19.78825057,   3.00341026,
       -38.97413267, -31.71622444]), array([-49.12739256,  -2.98825342, -16.80796054,   1.37775134,
       -36.43612663, -34.69651447]), array([-52.10358249,  -3.42757135, -15.44400452,   0.08328299,
       -33.45993671, -36.06047049]), array([-55.49973501,  -3.73386258, -15.39349414,  -1.02109654,
       -30.06378418, -36.11098088]), array([-59.14383516,  -3.95499766, -16.44399318,  -1.72362046,
       -26.41968403, -35.06048183]), array([-63.0686412 ,  -2.19113589, -18.24577709,  -2.36128742,
       -22.49487799, -33.25869792]), array([-65.25516991,  -0.69572756, -20.69849805,  -2.82746728,
       -20.30834929, -30.80597696]), array([-65.91558138,   0.44057925, -23.48932691,  -3.24836479,
       -19.64793781, -28.0151481 ]), array([-65.51601436,   1.39564507, -26.70262881,  -3.52415476,
       -20.04750484, -24.8018462 ]), array([-64.00043161,   0.18564363, -30.26051198,  -3.81974335,
       -21.56308758, -21.24396303]), array([-63.92691623,  -0.80005109, -34.01293996,  -4.01738563,
       -21.63660296, -17.49153505]), array([-64.7946102 ,  -1.66465657, -38.06078906,  -4.17206313,
       -20.76890899, -13.44368595]), array([-66.47724057,  -2.33417416, -42.19068874,  -4.37563604,
       -19.08627863,  -9.31378627]), array([-68.81879625,  -2.8776362 , -46.54290979,  -4.49010194,
       -16.74472295,  -4.96156522]), array([-71.60708225,  -3.2847947 , -51.0514053 ,  -2.52376617,
       -13.95643695,  -0.45306972]), array([-74.93957712,  -3.0770796 , -53.48098639,  -1.05804799,
       -10.62394207,   1.97651138]), array([-77.92823351,  -2.81297645, -54.52787752,   0.2376464 ,
        -7.63528569,   3.02340251]), array([-80.76584559,  -2.42218555, -54.20024922,   1.16219902,
        -4.7976736 ,   2.69577421]), array([-83.20985648,  -2.019434  , -53.01282695,   1.91175273,
        -2.35366272,   1.50835194]), array([-85.26405026,  -2.16625873, -51.10588398,   2.5003379 ,
        -4.73594974,  71.10588398]), array([-87.42730523,  -0.69931373, -48.59874328,   2.58255726,
        -2.57269477,  68.59874328]), array([-88.12729009,  -0.79170293, -45.97990254,   2.97547204,
        -1.87270991,  65.97990254]), array([-88.90612539,  -0.96530392, -43.04136296,   3.33842593,
        -1.09387461,  63.04136296]), array([-89.86861441,  -1.01293347, -39.61312757,   3.65752045,
        -0.13138559,  59.61312757]), array([-90.82343402,  -1.28645125, -35.90024158,   3.90009018,
         0.82343402,  55.90024158]), array([-92.13154511,  -1.37973469, -32.05591249,   4.12378286,
         2.13154511,  52.05591249]), array([-93.54175661,  -1.46577319, -28.01208008,   4.32259612,
         3.54175661,  48.01208008]), array([-94.97177157,  -1.56305091, -23.66726559,   4.45684527,
         4.97177157,  43.66726559]), array([-96.48293671,  -1.62098777, -19.27264404,   4.4844886 ,
         6.48293671,  39.27264404]), array([-98.11557462,  -1.6723788 , -14.6971398 ,   4.62512823,
         8.11557462,  34.6971398 ]), array([-99.8196346 ,  -0.82306851, -10.14080236,   4.62894199,
         9.8196346 ,  30.14080236]), array([-100.57308181,    0.3703725 ,   -5.50162397,    3.38846404,
         10.57308181,   25.50162397]), array([-100.19200386,    1.26304962,   -2.11784488,    2.24557482,
         10.19200386,   22.11784488]), array([-9.89779039e+01,  2.05414130e+00,  8.43452254e-02,  1.24817767e+00,
        8.97790390e+00,  1.99156548e+01]), array([-96.96923324,   2.71284856,   1.31405762,   0.2961938 ,
         6.96923324,  18.68594238]), array([ 3.08997355e-02, -3.32388733e-02, -7.94979991e-02,  1.26997825e-01,
       -9.00000000e+01,  2.00000000e+01]), array([-8.97485409e-02,  5.14224008e-03, -8.13154879e-02, -1.97289766e-02,
       -9.00000000e+01,  2.00000000e+01]), array([-2.89807607e-02,  4.99745053e-02, -1.49083014e-02,  1.02297766e-02,
       -9.00000000e+01,  2.00000000e+01]), array([ 2.22457287e-02,  7.17992405e-02,  2.14220939e-02,  2.02965726e-02,
       -9.00000000e+01,  2.00000000e+01]), array([-2.81542907e-03,  2.89487206e-02, -3.40541681e-02,  3.78670252e-02,
       -9.00000000e+01,  2.00000000e+01]), array([-1.13068283e-02, -5.53694570e-02, -2.01534472e-03,  2.23414601e-03,
       -9.00000000e+01,  2.00000000e+01]), array([ 4.90755485e-02,  2.88217890e-02, -3.77016974e-02,  7.75167401e-02,
       -9.00000000e+01,  2.00000000e+01]), array([ 6.61106695e-03, -2.32920651e-02, -1.09640545e-02,  8.53801839e-02,
       -9.00000000e+01,  2.00000000e+01]), array([ 3.03512837e-03,  7.80524642e-02, -4.29198837e-02,  1.11418753e-02,
       -9.00000000e+01,  2.00000000e+01]), array([ 4.67786298e-02, -1.42804292e-03,  7.87016567e-02, -1.13091314e-01,
       -9.00000000e+01,  2.00000000e+01]), array([-1.26952871e-02,  6.46833715e-02,  6.48274976e-02,  6.92158557e-03,
       -9.00000000e+01,  2.00000000e+01]), array([-7.54170572e-02, -4.92255683e-02,  5.47457643e-02,  8.88983254e-02,
       -9.00000000e+01,  2.00000000e+01]), array([-1.14559218e-01,  1.20762837e-02, -4.15652137e-02, -8.89531138e-03,
       -9.00000000e+01,  2.00000000e+01]), array([ 1.29628498e-02,  7.61729419e-02, -4.12197600e-02,  1.07884090e-01,
       -9.00000000e+01,  2.00000000e+01]), array([-5.13622797e-03, -3.65407689e-02,  1.93161121e-03,  9.25151183e-02,
       -9.00000000e+01,  2.00000000e+01]), array([ 2.27578675e-02, -2.71862982e-02, -5.69318404e-02,  4.66538169e-03,
       -9.00000000e+01,  2.00000000e+01]), array([-1.78928436e-02, -1.70089395e-02, -1.21108012e-02, -4.68886524e-03,
       -9.00000000e+01,  2.00000000e+01]), array([ 3.14791362e-02,  1.43291895e-02,  4.21942483e-02,  9.11742130e-03,
       -9.00000000e+01,  2.00000000e+01]), array([ 2.01293309e-02,  1.30451299e-02, -3.17722315e-02, -4.73438989e-04,
       -9.00000000e+01,  2.00000000e+01]), array([ 5.01175519e-03,  6.97257901e-03, -4.61382714e-02, -1.73856295e-02,
       -9.00000000e+01,  2.00000000e+01]), array([ 1.43515748e-02,  1.88185599e-02, -2.62191185e-02, -1.54885866e-02,
       -9.00000000e+01,  2.00000000e+01]), array([-1.18385631e-02, -5.17222474e-02,  3.50756869e-03, -1.06022735e-02,
       -9.00000000e+01,  2.00000000e+01]), array([ 1.46306757e-02,  3.64190124e-02,  1.22935990e-02,  6.78985651e-02,
       -9.00000000e+01,  2.00000000e+01]), array([ 9.75928920e-03, -2.49659891e-02,  5.13869794e-02, -3.71596140e-02,
       -9.00000000e+01,  2.00000000e+01]), array([ 8.62106869e-02,  3.57346281e-04,  1.53497476e-02,  7.42568590e-02,
       -9.00000000e+01,  2.00000000e+01]), array([ 5.20182216e-02,  4.00507042e-02, -2.05750042e-03, -1.13088654e-03,
       -9.00000000e+01,  2.00000000e+01]), array([ 5.81555248e-02,  3.72789487e-03, -1.27603446e-02,  5.14766672e-04,
       -9.00000000e+01,  2.00000000e+01])]

Trash Locations: [(-65, -62), (-72.68124016444597, -17.133248939917323), (-85.56351919416029, -51.504475011564324), (-82.5405273534225, 10.07625666448476), (-74.79532339690513, -43.53282962078241)]
Bad
Feature: [67, 34, 2]

States: [array([-8.99780069e+01, -1.23721345e-02,  2.00438535e+01,  4.86837349e-03,
        7.43747959e+00, -9.96759680e+00]), array([-89.9652735 ,  -1.08667582,  19.99789922,  -1.03441852,
         7.42474614,  -9.92164255]), array([-91.03913348,  -1.95967588,  18.89451424,  -1.78929662,
         8.49860613,  -8.81825758]), array([-93.06130924,  -2.57318705,  17.18493759,  -2.44849492,
        10.52078189,  -7.10868092]), array([-95.60149984,  -3.04599782,  14.75926896,  -2.98688665,
        13.06097249,  -4.6830123 ]), array([-98.64605005,  -3.41816032,  11.76275784,  -3.35903292,
        16.1055227 ,  -1.68650117]), array([-102.02702347,   -3.76139588,    8.36620065,   -3.64435931,
         19.48649611,    1.71005601]), array([-105.7858973 ,   -1.88332154,    4.75202603,   -3.91122344,
         23.24536995,    5.32423063]), array([-107.66211906,   -0.49633539,    0.86045075,   -4.05322684,
         25.12159171,    9.21580591]), array([-108.17770028,    0.53998346,   -3.28245654,   -4.23808259,
         25.63717293,   13.3587132 ]), array([-107.68629596,    1.41978475,   -7.40651234,   -4.36613194,
         25.1457686 ,   17.48276901]), array([-106.22530812,    2.19718837,  -11.79241925,   -4.37003378,
         23.68478077,   21.86867592]), array([-104.01803069,    2.76224987,  -16.20080651,   -4.55861981,
         31.33679053,   -0.93244243]), array([-101.1616429 ,    3.17040112,  -20.7812291 ,   -4.7153622 ,
         28.48040274,    3.64798016]), array([-98.07363113,   3.52645084, -25.57198181,  -4.65895449,
        25.39239097,   8.43873287]), array([-94.5161547 ,   3.77629588, -30.21846232,  -4.67863695,
         8.95263551, -21.28601269]), array([-90.72727   ,   2.0221883 , -34.89149735,  -4.69959901,
         5.16375081, -16.61297766]), array([-88.7998256 ,   0.67616912, -39.72846446,  -4.78504284,
         3.2363064 , -11.77601055]), array([-88.05065213,  -0.48712309, -44.54246091,  -4.90977149,
         2.48713294,  -6.9620141 ]), array([-88.61498943,  -1.29233005, -49.38977451,  -4.85974206,
         3.05147024,  -2.1147005 ]), array([-8.98537946e+01, -3.35121142e-02, -5.41519538e+01, -4.99584215e+00,
        1.50584712e+01,  1.06191242e+01]), array([-89.87463236,   0.91120247, -59.1526754 ,  -4.9678807 ,
        15.07930897,  15.61984578]), array([-88.97182381,   1.70330248, -64.19390373,  -4.96694547,
        23.97182381,   2.19390373]), array([-87.24850088,   2.40280756, -69.1685507 ,  -5.01426454,
        22.24850088,   7.1685507 ]), array([-84.83650207,   2.90223421, -74.17810138,  -4.97053951,
        19.83650207,  12.17810138]), array([-81.93704514,   3.26460975, -79.07157518,  -5.05816522,
        16.93704514,  17.07157518]), array([-78.66299402,   3.61232218, -84.14649119,  -3.52598886,
        13.66299402,  22.14649119]), array([-75.09737883,   3.93329708, -87.68974643,  -1.74709206,
        10.09737883,  25.68974643]), array([-71.11863532,   4.22854787, -89.37490525,  -0.45215282,
         6.11863532,  27.37490525]), array([-66.87792824,   4.30216357, -89.85958816,   0.54603339,
         1.87792824,  27.85958816]), array([-62.58468175,   4.40954715, -89.31058774,   1.45586434,
        -2.41531825,  27.31058774]), array([-58.23110361,   4.4802741 , -87.89073131,   2.12102879,
        -6.76889639,  25.89073131]), array([-53.73532784,   4.50691726, -85.75369571,   2.57009851,
       -11.26467216,  23.75369571]), array([-49.26296556,   4.2690928 , -83.25527822,   3.14567135,
       -15.73703444,  21.25527822]), array([-45.0131271 ,   3.83596795, -80.02413583,   3.57966968,
       -19.9868729 ,  18.02413583]), array([-41.2370959 ,   3.32639536, -76.52997121,   3.85475063,
       -23.7629041 ,  14.52997121]), array([-37.85000523,   2.30302334, -72.68717607,   4.08177474,
       -27.14999477,  10.68717607]), array([-35.49126099,   1.79166018, -68.59135686,   4.33860273,
       -29.50873901,   6.59135686]), array([-33.7638575 ,   1.19180851, -64.30713499,   4.42114471,
       -31.2361425 ,   2.30713499]), array([-32.56208877,   0.83293554, -59.88655056,   4.53973044,
       -32.43791123,  -2.11344944]), array([-31.84336436,   0.49377063, -55.33955731,   4.49799186,
       -33.15663564,  -6.66044269]), array([-31.39822398,   0.26580834, -50.8197463 ,   4.55997816,
       -33.60177602, -11.1802537 ]), array([-31.13453194,  -0.22266274, -46.2396472 ,   4.65664154,
       -33.86546806, -15.7603528 ]), array([-31.35300133,  -0.21926447, -41.73465208,   4.75147639,
       -33.64699867, -20.26534792]), array([-31.67631602,  -0.16075974, -36.98978018,   4.75276858,
       -33.32368398, -25.01021982]), array([-31.75655644,  -0.16883771, -32.27535965,   4.8191649 ,
       -40.92468372,  15.14211071]), array([-31.98542103,  -0.13612145, -27.51877786,   4.83310918,
       -40.69581913,  10.38552892]), array([-32.20739881,  -0.06823803, -22.70703321,   4.90884823,
       -40.47384135,   5.57378427]), array([-3.22328473e+01,  1.47677546e-02, -1.78968453e+01,  4.89489861e+00,
       -4.04483929e+01,  7.63596342e-01]), array([-3.22233291e+01, -8.87604686e-04, -1.29613010e+01,  4.84213369e+00,
       -4.04579111e+01, -4.17194797e+00]), array([-32.1675691 ,   0.12171828,  -8.12753439,   4.85380612,
       -40.51367106,  -9.00571455]), array([-3.18934983e+01,  3.59497282e-02, -3.26488553e+00,  4.87777803e+00,
       -4.07877419e+01, -1.38683634e+01]), array([-31.8669035 ,   0.10118085,   1.60189736,   4.94300535,
       -40.81433666, -18.7351463 ]), array([-31.78137742,   0.19860426,   6.51845595,   4.90049684,
       -40.89986275, -23.65170489]), array([-31.55473295,   0.23255279,  11.48896942,   4.91142359,
       -41.12650722, -28.62221836]), array([-31.23956392,   0.25082697,  16.45484194,   4.99571066,
       -51.30096343,  -6.37858528]), array([-30.97337512,  -0.6711462 ,  21.47220878,   4.97685319,
       -51.56715223, -11.39595211]), array([-31.65988756,  -1.52518546,  26.48371654,   4.88530889,
       -50.88063979, -16.40745988]), array([-33.23664244,  -2.25624135,  31.29339539,   2.92757516,
       -49.30388491, -21.21713872]), array([-35.3691296 ,  -2.7776218 ,  34.27938541,   1.38737135,
       -47.17139775, -24.20312875]), array([-38.12776198,  -3.22577379,  35.72111775,   0.09119732,
       -44.41276537, -25.64486109]), array([-41.34569469,  -3.58675256,  35.87928453,  -0.86852122,
       -41.19483267, -25.80302786]), array([-44.95700408,  -3.9164977 ,  34.99335353,  -1.75960879,
       -37.58352328, -24.91709686]), array([-48.88043952,  -4.1463436 ,  33.14421118,  -2.38943168,
       -33.66008783, -23.06795452]), array([-53.01676843,  -4.25812022,  30.78757753,  -2.85633192,
       -29.52375893, -20.71132086]), array([-57.36400861,  -4.35029962,  27.88511876,  -3.23214614,
       -25.17651874, -17.8088621 ]), array([-61.73947406,  -4.42164648,  24.72318902,  -3.56486265,
       -20.80105329, -14.64693236]), array([-66.1943729 ,  -4.60047016,  21.0894277 ,  -3.81321869,
       -16.34615446, -11.01317103]), array([-70.85687482,  -4.68768513,  17.26288793,  -4.13614753,
       -11.68365253,  -7.18663126]), array([-75.48917229,  -4.80898634,  13.06015775,  -4.28548741,
        -7.05135507,  -2.98390108]), array([-80.33739381,  -4.8538803 ,   8.7872891 ,  -4.45648525,
        -2.20313355,   1.28896756]), array([-85.23963691,  -4.81373479,   4.37785975,  -4.61599173,
        12.55839674, -21.51110869]), array([-90.02968147,  -4.85656378,  -0.17875063,  -4.66044618,
        17.34844131, -16.95449831]), array([-94.92542308,  -4.87745547,  -4.86595094,  -4.67422647,
        22.24418291, -12.267298  ]), array([-99.81114503,  -4.90286227,  -9.40373837,  -2.71636807,
        27.12990487,  -7.72951057]), array([-104.70424495,   -4.98246289,  -12.1702662 ,   -3.14009226,
         32.02300478,   -4.96298274]), array([-109.68588326,   -4.13111374,  -15.31018107,   -3.47423949,
         37.0046431 ,   -1.82306787]), array([-113.88315966,   -2.33067305,  -18.84781166,   -3.77506853,
         41.20191949,    1.71456272]), array([-116.20079524,   -0.87074214,  -22.57795506,   -4.0435324 ,
         43.51955507,    5.44470612]), array([-117.08414859,    0.23548467,  -26.678938  ,   -4.16778329,
         44.40290843,    9.54568906]), array([-116.82594639,    1.19781013,  -30.88883331,   -4.35289635,
         42.03062299,  -12.64399631]), array([-115.67303259,    1.92031441,  -35.21945005,   -4.47794997,
         40.87770919,   -8.31337957]), array([-113.64179651,    2.60328508,  -39.78792598,   -4.61501655,
         38.84647311,   -3.74490364]), array([-111.07430621,    3.14795109,  -44.43463353,   -4.66240237,
         36.27898281,    0.9018039 ]), array([-107.85444122,    3.55676877,  -49.0716979 ,   -4.65994734,
         33.05911783,    5.53886828]), array([-104.30938539,    3.82897064,  -53.57454981,   -4.67683563,
         29.514062  ,   10.04172019]), array([-100.494396  ,    3.96962331,  -58.15407753,   -4.72496726,
         25.6990726 ,   14.62124791]), array([-96.56408154,   4.23089611, -62.90791353,  -4.73419878,
        21.76875815,  19.3750839 ]), array([-92.29463914,   4.35922089, -67.60977384,  -4.79504035,
        27.29463914,   5.60977384]), array([-87.97614449,   4.43997479, -72.38214965,  -4.2246392 ,
        22.97614449,  10.38214965]), array([-83.55593588,   4.52364049, -76.6473952 ,  -3.55827596,
        18.55593588,  14.6473952 ]), array([-79.08818556,   4.55455291, -80.15111753,  -2.65109123,
        14.08818556,  18.15111753]), array([-74.49716573,   4.64617068, -82.83233078,  -1.79778964,
         9.49716573,  20.83233078]), array([-69.85298359,   4.73494491, -84.70193306,  -0.97589314,
         4.85298359,  22.70193306]), array([-65.0858984 ,   4.83294623, -85.67022013,  -0.11067221,
         0.0858984 ,  23.67022013]), array([-60.28737633,   4.81915114, -85.77591876,   0.92489993,
        -4.71262367,  23.77591876]), array([-55.53911437,   4.48939305, -84.93030453,   1.78651679,
        -9.46088563,  22.93030453]), array([-50.92793763,   4.10714396, -83.08979262,   2.44576113,
       -14.07206237,  21.08979262]), array([-46.82597537,   3.62324765, -80.55438268,   2.90738381,
       -18.17402463,  18.55438268]), array([-43.19661591,   3.16121659, -77.73112786,   3.41465237,
       -21.80338409,  15.73112786]), array([ 2.30275498e-02, -2.33219969e-02, -2.56635074e-02, -4.19869725e-02,
       -7.26812402e+01, -1.71332489e+01])]

Trash Locations: [(-65, -62), (-72.68124016444597, -17.133248939917323), (-85.56351919416029, -51.504475011564324), (-82.5405273534225, 10.07625666448476), (-74.79532339690513, -43.53282962078241)]