-10679.109177831237
-9600.662756926924
-9847.505456252055
-9563.1068825054
-8295.92266135202
-6270.460673180064
-5044.997635987017
-4497.630776601075
-4073.8253152151615
-4046.1710737472445
-3812.1848539884836
-3600.182078698076
-3422.9881826355368
-3159.204083875375
-2988.2817086602545
-2913.0527134419913
-2791.6896928972637
-2684.64809935838
-2647.4949596371366
-2582.981797604047
-2543.910769742645
-2529.7921406583637
-2503.337460474436
-2449.340598347383
-2459.0473932388395
-2439.1030176757827
-2391.1638214150116
-2419.848776982865
-2376.201061160381
-2431.463312718835
-2407.7755336694754
-2384.3491396112454
-2390.1070950624608
-2412.162997497271
-2371.596190773201
-2350.4242180196748
-2368.637139443862
-2362.0537039699093
-2324.94144094863
-2371.439953682485
-2370.699207241018
-2352.0026537594144
-2343.38541548358
-2311.0979174007753
-2323.701134752861
-2313.60584026764
-2288.624409994195
-2345.92621332234
-2316.5392334152302
-2311.3328469483886
