-8810.10917783124
-9381.665451201448
-9242.466843901662
-10482.69559610946
-9942.428577334664
-7939.934855371229
-5897.5282212084685
-4093.4548937262252
-3323.682734802574
-3084.0678020755768
-2991.90985671206
-2972.7583375457875
-2942.623707212675
-3009.660489254657
-3015.2750901959917
-2865.1184462228543
-2767.0670385617027
-2650.6419098103243
-2690.3575190400056
-2606.5490871606767
-2507.9995356794457
-2455.171312191512
-2474.953534581485
-2457.1744407648875
-2436.417752960272
-2394.9848514755913
-2356.7825363075985
-2363.6337076823183
-2345.8724431365295
-2396.4665458051363
-2334.4347806796295
-2358.215390261259
-2273.456421289463
-2374.1210471536638
-2311.8600768814854
-2280.4936355127857
-2314.344992644415
-2296.0129392825997
-2273.145639106614
-2323.3174455828917
-2333.3126316171392
-2328.1640989464627
-2296.800505972721
-2266.624358845006
-2273.237385337951
-2277.3840410645503
-2264.8049024238944
-2284.6203145917325
-2267.406736699439
-2292.860015245056
