-10679.109177831237
-19287.547250696254
-20505.509547678575
-20102.54508263547
-29372.74644613423
-33914.80521227601
-33601.16114315433
-32579.67989468141
-31739.72921269489
-28508.90590594776
-22435.838096732277
-14412.122012487274
-11162.759946822118
-6059.317554860375
-4519.496428227655
-3543.8320202750156
-3622.893787325197
-3781.93778343096
-3537.971457841125
-3384.8017413196767
-3357.31762282236
-3370.645470443664
-3390.430979362639
-3355.9475406029887
-3338.9587276892844
-3259.204990717377
-3257.466867636054
-3236.5282448744206
-3197.158748794571
-3235.9226024833265
-3150.181277700098
-3104.142913368515
-3060.9602219200474
-3041.370679783821
-3044.1465033569593
-3046.9735757097155
-2988.3470753567317
-2995.2404645318557
-2935.198509821533
-2948.652957198779
-2922.710661194503
-2931.602129026755
-2921.816792645326
-2924.9438404604184
-2899.5419705057393
-2937.7613167953177
-2927.6055439874212
-2897.9730476387244
-2950.344813547039
-2900.674486449865
