-10679.107421874998
-9591.248046875
-9659.898437499998
-9389.814453125
-8303.377929687498
-6333.575683593748
-5048.562499999999
-4490.548828124998
-4138.581054687499
-4019.419189453124
-3785.103027343749
-3669.476074218749
-3564.576171874999
-3441.910156249999
-3383.508544921874
-3317.804687499999
-3259.112792968749
-3203.739746093749
-3181.141845703124
-3134.355224609374
-3114.590087890624
-3103.156005859374
-3073.575683593749
-3035.967041015624
-3054.203613281249
-3018.116210937499
-3013.599121093749
-3008.295166015624
-2980.342041015624
-3028.801269531249
-2987.657226562499
-3001.010742187499
-2965.290527343749
-3008.689941406249
-2970.481201171874
-2967.757324218749
-2986.200195312499
-2959.835205078124
-2940.123535156249
-2982.011230468749
-2983.714843749999
-2976.389404296874
-2953.879394531249
-2928.304443359374
-2951.983642578124
-2958.664306640624
-2916.529296874999
-2956.655517578124
-2954.026611328124
-2947.974121093749
