-10679.107421874998
-21075.09375
-29008.869140625
-32854.90234375
-34798.23828125
-37083.3984375
-37901.52734375
-35594.26953125
-33404.89453125
-31620.458984375
-29189.884765625
-28162.072265625
-28051.990234375
-28357.35546875
-24449.177734375
-14501.6982421875
-8946.158203125
-7384.6494140625
-6404.87158203125
-5778.2255859375
-5139.0126953125
-4597.7587890625
-4071.958984375
-3616.35546875
-3271.35595703125
-3083.59326171875
-3097.1206054687495
-3258.4357910156245
-3298.816406249999
-3316.188720703124
-3187.7326660156245
-3176.5048828124995
-3199.5708007812495
-3097.40869140625
-2953.881591796875
-2933.687255859375
-2956.3896484375
-2941.7763671875
-2947.499755859375
-3003.683349609375
-3016.71533203125
-2953.715087890625
-2847.33203125
-2815.027587890625
-2835.370361328125
-2814.9326171875
-2784.71044921875
-2799.941650390625
-2791.080322265625
-2698.65380859375
