-9277.359177831235
-8520.264839028374
-8046.678313284736
-8267.096050257836
-7083.907726982754
-4882.362348695691
-3644.589722902832
-3012.3202115713134
-2745.8467616766443
-2662.6833231473806
-2502.617347037017
-2431.988673755669
-2327.0914600972
-2231.422223288028
-2182.0199800161845
-2105.0670091941797
-2073.3748465936706
-2020.2522639651288
-2004.4032928396853
-1971.1170838801918
-1946.8514121788037
-1935.4176287964135
-1912.5874408062004
-1888.477974766584
-1893.2149993691335
-1870.6283229836688
-1852.6101665369674
-1867.5557970310952
-1830.6036819464148
-1870.062216750545
-1833.4183383336574
-1851.2721508072386
-1820.0516306168502
-1847.7015093112636
-1827.4924451881548
-1813.5192232443562
-1836.4613872224513
-1814.5966050766733
-1801.634502437973
-1830.0224353798262
-1838.4763338014018
-1822.1507391608434
-1810.8906138284474
-1785.3156448619757
-1795.4945288992126
-1804.4258313452046
-1780.2896567876312
-1806.9165807941292
-1802.0378838469046
-1793.7354993237077
