-10153.45849609375
-8923.425048828125
-9063.579284667969
-9020.92626953125
-7605.86083984375
-6103.5755615234375
-4777.758850097657
-3980.8882446289067
-3615.06967163086
-3542.446716308594
-3346.0158386230473
-3247.8713684082036
-3124.5642700195317
-3019.257263183594
-2955.522857666016
-2912.790710449219
-2861.3212585449223
-2780.50700378418
-2764.544616699219
-2709.285827636719
-2696.006011962891
-2676.936950683594
-2646.6781768798833
-2618.64437866211
-2624.8122863769536
-2591.188095092774
-2583.0317840576176
-2583.09652709961
-2554.120727539063
-2597.689361572266
-2556.541107177735
-2572.013809204102
-2535.354629516602
-2575.4868469238286
-2547.759368896485
-2534.2864227294926
-2554.5969238281255
-2531.910736083985
-2516.4697113037114
-2552.9160919189458
-2557.3957366943364
-2548.432067871094
-2529.9084472656255
-2503.903900146485
-2523.663223266602
-2530.216400146485
-2494.692962646485
-2527.997207641602
-2524.5185546875005
-2518.5190887451176
