-10679.107421874998
-22638.89453125
-30164.0625
-34423.83984375
-39291.703125
-41385.1640625
-41959.1484375
-42219.30859375
-42182.85546875
-42237.0859375
-41845.97265625
-41143.3046875
-40583.8984375
-40185.33203125
-39814.69140625
-39005.7265625
-38325.7734375
-37421.546875
-36339.7578125
-35905.73046875
-34968.14453125
-33996.8828125
-30638.02734375
-28819.724609375
-28260.162109375
-28346.07421875
-28267.94921875
-28272.787109375
-28131.15234375
-28240.443359375
-28141.509765625
-28471.974609375
-29343.416015625
-30166.49609375
-29529.822265625
-26815.150390625
-25467.666015625
-24078.255859375
-22018.806640625
-20345.0234375
-18344.98046875
-16545.66796875
-13525.671875
-11501.9794921875
-9388.1376953125
-7704.4111328125
-5683.87158203125
-4456.4658203125
-3700.62158203125
-3342.428955078125
