-8810.10917783124
-18262.552840763754
-21761.528248360595
-24188.18170315357
-29075.71358211863
-32089.63647299721
-32861.06769005399
-32758.896788049467
-30539.450883108202
-26418.872357103577
-16907.274882300968
-12745.028639895974
-10508.769371536873
-8404.326881726123
-6468.129132363683
-4655.801335178035
-3494.082587405118
-2660.4831456594684
-2141.8458275652906
-2026.4327004620852
-2007.2646999650322
-1996.5450085114705
-1952.0011418040244
-1857.4855245049682
-1811.774216076013
-1772.8076376447534
-1757.2767626817076
-1779.309208070444
-1715.4285388624357
-1751.0691041551775
-1696.4953186506286
-1718.2877423809318
-1664.635075794534
-1663.6786237880606
-1628.8079450153277
-1579.7351540596692
-1589.408833201817
-1546.3025796686452
-1508.6980087897816
-1508.3337916325493
-1509.564842408858
-1486.7088477350876
-1474.3028893448832
-1444.7962808905918
-1447.3041881827799
-1455.1590356039253
-1438.3832609733968
-1458.9446917223759
-1456.6315514277692
-1450.679245031693
