-10679.109177831237
-9481.744636040743
-9633.597863628649
-9420.766560242539
-8324.883750699279
-6309.544646428257
-5076.492065033884
-4440.261281695207
-4042.4055091435876
-4022.8564557075724
-3777.8587983718453
-3723.201722372012
-3602.9901073336996
-3532.473181614239
-3441.0481143406714
-3420.42348438364
-3363.5120688007555
-3247.3438361376047
-3241.0065972459347
-3169.695339611218
-3174.3222042748175
-3138.9499938595063
-3104.6447635293434
-3072.0910376059105
-3076.9566825957
-3036.7361749087536
-3030.9997648951908
-3025.5642601535187
-2993.7895757159044
-3041.1960618152575
-2998.3939322845968
-3009.315228387655
-2971.8823618082592
-3018.2623674140173
-2981.929598825088
-2976.057740375186
-2996.1182430053354
-2967.8876099384725
-2954.19884739128
-2992.2754298037885
-2993.949332379419
-2987.034786588903
-2961.762946062833
-2934.811953752093
-2959.153288012279
-2964.060848667854
-2923.50761083535
-2960.4883292006584
-2957.726388946945
-2952.6065865190476
