-10679.109177831237
-24614.649670295003
-32962.10744049308
-35105.78976768814
-33795.618151544986
-33535.30393838145
-32744.299794123945
-31161.554838041844
-29339.256441330537
-28726.654653921094
-28315.068853177207
-27962.26246412822
-28033.751195358094
-28483.2595825858
-27539.45259435504
-23480.907758981997
-16254.2311602662
-9808.920820166546
-7146.197222965277
-5698.410130951278
-5470.744053417416
-4818.882606390458
-4136.233851180124
-4263.525775111584
-3922.208840125773
-3247.075277694948
-2968.969238128936
-3588.2856260904023
-3636.3301907870505
-3618.3942845334677
-3491.4381293552697
-3453.644871424526
-3401.3340424686794
-3476.6394713226086
-3473.4346068202112
-3485.8426873592443
-3467.4891610334175
-3384.4551096629193
-3314.7435931099185
-3303.500498010755
-3261.776227040628
-3222.5789198115704
-3165.149934936618
-3110.8388007607086
-3119.1696748039544
-3098.775813835677
-3041.405382307009
-3056.2345708080766
-3052.8466369950506
-3031.9270808671536
