-10679.109177831237
-9530.852874775479
-9488.3015392278
-9010.905107749004
-7826.1544547269905
-6039.284380849002
-4884.621932264685
-4434.264105115641
-4039.493376178879
-4004.6812447933125
-3769.6360766389453
-3727.3931162233384
-3617.1610985600537
-3525.5610342849914
-3466.727994076894
-3434.2500599805217
-3351.0169556877927
-3226.898339724778
-3220.2463072029177
-3164.9537519030137
-3140.4735698817917
-3120.7852806397577
-3086.730871015486
-3050.9295086399648
-3060.965533773384
-3025.6843025704093
-3021.666883701883
-3014.2760211013488
-2986.8849341842724
-3039.8650034254097
-2997.2907262849517
-3006.726888346567
-2969.182890746185
-3013.604057834872
-2977.8999047986263
-2966.0813713809875
-2985.4042550374406
-2961.042326804658
-2941.135143565815
-2984.3055110838645
-2985.791258621096
-2978.4045998950187
-2955.6647342017795
-2933.0956593856686
-2953.8009375939573
-2961.5933306388
-2921.5077719097617
-2956.6848220059906
-2955.2672242563203
-2948.7409835897347
