-8810.10917783124
-7693.74463604075
-6777.148174527172
-6255.044094996982
-4506.269889937584
-3136.9868261312595
-2782.278408189448
-2391.8295125861046
-2199.951540670958
-2128.9920121775917
-2026.588032348526
-1910.8432818297363
-1807.5710820276702
-1758.7691423667882
-1725.8079683261178
-1665.9437832115268
-1636.2388526426541
-1590.922593531639
-1581.5069490699946
-1546.719490893363
-1527.2414996143611
-1520.8575276291874
-1503.5332685823491
-1486.1995772046237
-1489.4647826663668
-1472.605650243586
-1452.148124462494
-1473.9697606040431
-1436.387130454657
-1474.4540100888876
-1439.0363476447533
-1461.0039488046077
-1430.9253458032788
-1455.6202931569983
-1442.495752628952
-1426.3509563908679
-1451.4691661386826
-1430.4238700699777
-1420.1814974599963
-1445.6198805083845
-1456.3592053697735
-1437.9470560770437
-1429.5067210095297
-1404.307347770971
-1410.2791811989887
-1419.9619375895911
-1400.5883117880078
-1423.497008798605
-1418.3777577705712
-1409.9338006011844
