-10679.107421874998
-9591.2763671875
-9687.99609375
-9883.21875
-9172.146484375
-7100.920410156249
-5503.289062499999
-4548.692382812499
-4103.451171874999
-4076.739013671874
-3878.245605468749
-3668.218749999999
-3540.493408203124
-3172.9770507812495
-3006.4829101562495
-2991.0209960937495
-2866.5383300781245
-2713.33984375
-2666.1513671875
-2586.07080078125
-2564.33349609375
-2533.742431640625
-2519.331787109375
-2467.072265625
-2478.04638671875
-2451.122314453125
-2408.678466796875
-2438.572021484375
-2394.435791015625
-2429.5693359375
-2411.9609375
-2404.89453125
-2373.44482421875
-2410.261962890625
-2367.47998046875
-2368.15087890625
-2381.418701171875
-2365.727783203125
-2336.75830078125
-2366.548095703125
-2371.757080078125
-2357.649169921875
-2332.77099609375
-2315.04541015625
-2339.202392578125
-2328.02099609375
-2292.364013671875
-2342.098876953125
-2313.149169921875
-2317.424072265625
