-8810.10917783124
-8424.662756926933
-8595.073700990808
-9597.196907773887
-8947.132021891011
-6761.336381290627
-4745.214401294986
-3366.781439558952
-2834.5456974222857
-2669.026875321963
-2407.3137175716074
-2255.425351053415
-2062.56806232291
-2031.219112498702
-2015.3999262342568
-1923.071068088536
-1831.6956271730862
-1744.3080714118482
-1702.3496193488165
-1643.9929834340687
-1611.3053243169431
-1589.5995664141576
-1561.8401155512324
-1534.6043797992838
-1531.6679890291223
-1509.7899571290134
-1483.9436602575242
-1501.977167996035
-1458.498959434354
-1494.5401346354201
-1457.8112823596352
-1478.181339668401
-1445.8958133357478
-1470.223963992634
-1454.9370579492665
-1435.820327329668
-1461.1659816325823
-1439.8897829875025
-1429.5506725984567
-1454.9544314252773
-1466.091383004224
-1445.571057791467
-1438.3799748637161
-1410.7944200904938
-1415.888603241194
-1425.8613755285412
-1407.191128407885
-1428.3642674262687
-1423.4548017301415
-1415.1457443090562
