-8810.10917783124
-16854.382564449574
-18118.799747566456
-20400.678133152884
-27801.10057607393
-31801.572169498442
-32915.551621122715
-32937.7884450018
-32931.168282282306
-32971.14521213016
-32996.198734183636
-33063.96379839572
-33244.782914291456
-33629.99971802971
-33992.45374168056
-34278.8944715626
-34517.258307390824
-34394.366366801594
-34501.075476179874
-33926.38661486989
-33428.72030114516
-32780.79345449662
-32527.219192660745
-32439.965337846155
-32486.8978184706
-32459.137371568602
-32423.037051583437
-32495.157634039777
-32397.488509242838
-32660.644336107893
-32496.189896163687
-32690.2649612488
-32529.103351305304
-32746.11615289583
-32626.75373142014
-32525.130044744692
-32633.83451909465
-32517.101141710133
-32460.108867833245
-32605.196262760328
-32751.614599271765
-32731.347422834784
-32586.887733569318
-32452.782945510902
-32540.795251963144
-32571.278159575646
-32643.469651018375
-33138.61704861962
-33352.26721383847
-33644.19605045417
