-9277.359177831235
-24614.649670295003
-33701.82526014808
-36486.57879407877
-38117.695911560186
-39776.34540451706
-40553.3270443142
-40777.38286429287
-41357.32370181416
-41014.678617305035
-39495.44901067725
-37526.90279568825
-36271.49702040514
-34977.68753798297
-33700.46938861768
-32617.504746180646
-31524.220166387888
-30513.466873239482
-29320.366232419095
-29100.60381603422
-28766.27690145483
-28714.907313840326
-28753.2673414338
-28295.35906567712
-28107.46922809857
-28051.79589270126
-28235.697121184472
-28757.934444463037
-29317.391219578414
-30349.89342191887
-30293.5608599204
-30939.352105175967
-31411.976443491723
-31635.234942066214
-31691.33620862434
-31791.61434835276
-31565.113345615595
-30938.8654362212
-30089.550106188406
-28958.409326062956
-24648.88734480697
-18743.99647729393
-13642.492955675945
-11185.655822464989
-9028.574845330118
-7809.34965180205
-5912.382795105557
-4459.9712254015885
-3740.3389496029727
-3303.199066333793
