-9277.359177831235
-8718.662756926928
-8885.323700990808
-9728.446907773887
-9119.632021891008
-6968.336381290626
-5038.464401294985
-3718.5314395589476
-3172.7956974222857
-3057.526875321963
-2793.5637175716047
-2666.4253510534136
-2479.5680623229155
-2436.9691124987016
-2410.649926234256
-2330.3210680885345
-2231.4456271730865
-2134.3080714118482
-2102.849619348811
-2036.9929834340626
-2010.305324316942
-1981.849566414156
-1952.5901155512297
-1922.3543797992825
-1920.167989029126
-1894.5399571290156
-1871.6936602575242
-1882.977167996034
-1842.4989594343592
-1881.5401346354233
-1843.3112823596343
-1861.4313396684017
-1827.64581333575
-1857.9739639926363
-1836.6870579492709
-1820.5703273296663
-1843.6659816325814
-1821.6397829875027
-1809.0506725984596
-1838.9544314252798
-1847.8413830042323
-1830.321057791467
-1819.3799748637225
-1792.54442009049
-1801.3886032411901
-1810.611375528538
-1785.9411284078901
-1811.6142674262665
-1807.4548017301445
-1799.8957443090494
