-10679.109177831237
-9607.276985065106
-9854.723095482557
-9528.616092922206
-8283.761442278696
-6304.532334568887
-5050.581317924328
-4485.337756047202
-4075.43192027967
-4018.102452439862
-3792.8202970415814
-3502.203391759048
-3273.1839207636212
-3069.5026441152654
-2960.599961946541
-2866.2316528015244
-2761.476118321828
-2652.288052786866
-2624.8575042282864
-2570.8454926939385
-2533.8559513940736
-2522.9403228258507
-2502.686374427176
-2463.8090255446523
-2460.773453706102
-2449.5047160908016
-2406.412849772079
-2415.9596443051164
-2385.995688397673
-2428.357481289888
-2392.0214928822884
-2393.092655420659
-2358.839085772532
-2397.93355331649
-2354.0292023164916
-2348.0302305936825
-2355.552954017763
-2345.7673272160428
-2311.872972536229
-2366.8783537164263
-2358.9762973295915
-2351.0223443501172
-2328.9621625417813
-2288.2599551528665
-2320.246104022945
-2306.3394752662725
-2283.8522291833187
-2328.512849449966
-2314.3230962172906
-2294.3174069091997
