-9277.359177831235
-20150.30810114002
-24805.389403358437
-26445.104647617532
-28134.858682754355
-30348.882821915737
-27474.837222638325
-18215.1957242616
-8944.880196853355
-4234.761187919564
-3019.769545901488
-2597.3073412523872
-2352.810414322956
-2332.24556463861
-2321.4268490887216
-2299.444728339749
-2285.7233874293606
-2238.058072248185
-2218.8094543945986
-2212.8969435158783
-2282.107463701844
-2283.3409396260795
-2215.3199345028393
-2144.7366836220926
-2108.3996013731567
-2071.287691211099
-2049.0244618368683
-2042.1243503688984
-1997.4197711294432
-2021.0929314312384
-1951.882832016642
-1950.710325434065
-1899.9525495990133
-1916.6697125195853
-1885.1883688039209
-1858.0114909728297
-1875.262560299754
-1849.598882429223
-1828.0778772047365
-1853.2370594207478
-1855.2215608775616
-1839.5682609574892
-1826.6082554456286
-1803.5483515524804
-1815.2407677839717
-1826.9762694627273
-1810.319400559485
-1842.6418437256166
-1838.2790901897065
-1821.0792377648147
