-9277.359177831235
-24614.649670295003
-32962.10744049308
-35105.78976768814
-33795.618151544986
-33535.30393838145
-32744.299794123945
-31161.554838041844
-29339.256441330537
-28726.654653921094
-28315.068853177207
-27962.26246412822
-28033.751195358094
-28483.2595825858
-27539.45259435504
-23480.907758981997
-16254.2311602662
-9808.920820166546
-7146.197222965277
-5698.410130951278
-5463.994053417416
-4814.382606390458
-4127.233851180124
-3779.7757751115837
-3485.708840125778
-3141.3252776949485
-2791.219238128938
-2596.0356260904014
-2542.830190787063
-2470.8942845334636
-2337.1881293552847
-2308.3948714245303
-2262.8340424686885
-2315.639471322601
-2332.68460682021
-2338.342687359239
-2322.239161033419
-2239.205109662923
-2173.993593109916
-2151.5004980107583
-2116.5262270406247
-2068.328919811572
-2022.1499349366245
-1967.8388007607114
-1962.6696748039533
-1946.7758138356744
-1902.9053823070124
-1906.4845708080775
-1900.8466369950463
-1879.9270808671565
