-9277.359177831235
-18262.552840763754
-15298.202118401376
-13908.865967479138
-12300.372033998074
-8479.765899594964
-3677.32104609995
-2749.1875789338987
-2448.580288467686
-2413.436886750162
-2347.2327276474603
-2273.0404427774415
-2255.2904599520425
-2248.9750513642384
-2232.506488275287
-2194.3677548487317
-2182.819323553377
-2119.136920204427
-2097.720991939174
-2057.6564836558678
-2038.57320547833
-2018.87361854353
-1987.1340981056449
-1937.832510217818
-1925.4057421011446
-1879.5365772061596
-1853.0311404124568
-1858.7220315272184
-1815.9151689658634
-1852.9242600534988
-1814.8617561281976
-1835.5482442784403
-1811.4516699270243
-1846.9438196889143
-1845.3916273337586
-1824.0285107766354
-1844.8089963063044
-1822.5462137663853
-1807.0425436760154
-1839.3236852791954
-1848.221260185141
-1838.810717053047
-1829.4218573062383
-1805.64392636598
-1816.3160221230796
-1827.172033153298
-1806.6987184927432
-1831.2763218962882
-1831.7394793590533
-1822.1883077715315
