-10679.107421874998
-9892.501953125
-9343.771484375
-9571.904296875
-8292.033203125
-6358.514648437499
-5232.560058593749
-4552.850097656249
-4100.006347656249
-3892.303222656249
-3515.1254882812495
-3284.28125
-3176.046142578125
-3137.928955078125
-2989.953125
-2881.601318359375
-2823.947265625
-2689.05517578125
-2659.1865234375
-2586.66064453125
-2557.57177734375
-2538.862060546875
-2508.097900390625
-2463.528076171875
-2460.4423828125
-2462.41552734375
-2393.107177734375
-2408.43603515625
-2367.781982421875
-2421.728515625
-2407.092529296875
-2393.081787109375
-2355.90673828125
-2407.74853515625
-2361.70166015625
-2345.2099609375
-2361.48388671875
-2343.18310546875
-2316.700439453125
-2356.823974609375
-2364.935302734375
-2345.9814453125
-2321.75244140625
-2302.42041015625
-2310.962890625
-2324.321533203125
-2288.853515625
-2329.418212890625
-2300.079833984375
-2293.152587890625
