-10153.45849609375
-25471.271484375
-34318.23046875
-37643.50390625
-39285.734375
-40155.74609375
-40584.30859375
-40948.0546875
-41105.28125
-41374.9609375
-41385.73828125
-41246.375
-41230.94775390625
-39135.1328125
-38217.94140625
-35580.91015625
-34486.3046875
-33776.75
-33257.8828125
-32649.490234375
-32463.583984375
-32482.88720703125
-32523.98046875
-32622.14453125
-32925.00390625
-33056.8359375
-33146.24609375
-33507.90234375
-33725.50244140625
-34328.33056640625
-34402.5703125
-35033.39453125
-35323.68359375
-36497.37890625
-37704.1328125
-38645.86328125
-40004.43212890625
-39634.56689453125
-37285.017578125
-38130.27392578125
-37746.89501953125
-38942.486328125
-38985.0478515625
-37996.166015625
-40189.36767578125
-41812.5400390625
-42405.38330078125
-42430.99609375
-42437.40673828125
-41939.599609375
