-8810.10917783124
-9381.655785045004
-10428.440911424688
-10191.233319298955
-8335.626378415962
-5645.396670808297
-3993.492209721871
-3064.1962289629087
-2823.6780808159615
-2885.1474470473745
-2826.0743295982584
-2870.6663503252184
-2734.6192376450244
-2823.3889001036996
-2808.7995521024245
-2739.5367461268515
-2631.983350209305
-2553.3451554430953
-2587.3458346223047
-2494.9635590211456
-2429.2412058442196
-2405.928196875251
-2418.218703086076
-2395.451958829825
-2344.321855027559
-2334.11961012971
-2331.3791009436327
-2361.2967146254314
-2313.0327134221056
-2367.3962831348176
-2328.8006549960296
-2327.5573271093767
-2310.8622842471823
-2394.4658409601698
-2335.8889415573185
-2307.211261562944
-2333.793987639181
-2271.9074868947237
-2262.0880432512436
-2341.3272888100773
-2339.127867244072
-2318.8384056352525
-2291.5332640618863
-2263.081029519473
-2273.9122417551944
-2281.118486545515
-2258.8597014291586
-2267.5361314068605
-2278.280383664818
-2272.1066815203817
