-8810.10917783124
-8163.264839028374
-8383.028175004567
-9097.248847145143
-8359.17276003581
-6212.958727723637
-4336.326945617272
-3153.7184946375664
-2786.466330584511
-2624.7562574273734
-2450.2594864373104
-2390.233736421754
-2283.5078162518707
-2428.987876778207
-2538.4969850696616
-2490.0341357102316
-2452.5531503092993
-2395.3530212484548
-2447.1652784378025
-2439.0849854432936
-2369.3467303398365
-2368.755180837761
-2363.3442773180723
-2356.085209369176
-2325.0594131841576
-2301.1349308161034
-2279.690787077777
-2291.584478800224
-2244.4483750504037
-2327.5815161865007
-2297.9735468322738
-2287.9070535785518
-2253.457449943717
-2323.2742054838523
-2301.4925555975024
-2263.1632526801004
-2282.4311777508774
-2254.7403359782015
-2234.770757625715
-2291.56063732813
-2284.769536018306
-2279.6620849589767
-2260.7833375524415
-2204.057726016879
-2234.2145836544046
-2286.033503175468
-2250.3764181140955
-2270.111032655691
-2262.1619489728573
-2242.4363028585176
