-10153.45849609375
-16854.384033203125
-18118.80078125
-20400.66650390625
-27801.09765625
-31801.572265625
-32915.53125
-32937.765625
-32931.1171875
-32971.1015625
-32996.13671875
-33063.9296875
-33244.75390625
-33629.9736328125
-33992.41796875
-34278.859375
-34517.21875
-34394.3203125
-34501.0390625
-33926.3359375
-33428.65869140625
-32780.7890625
-32527.203125
-32439.9375
-32486.837890625
-32459.09765625
-32422.98046875
-32495.103515625
-32397.427734375
-32660.58984375
-32496.125
-32690.20703125
-32529.041015625
-32746.052734375
-32626.69140625
-32525.072265625
-32633.77734375
-32517.041015625
-32460.05078125
-32605.13671875
-32751.546875
-32731.287109375
-32586.82421875
-32452.72265625
-32540.734375
-32571.21484375
-32643.411376953125
-33138.5546875
-33352.203125
-33644.1328125
