-9277.359177831235
-18262.552840763754
-21761.528248360595
-24188.18170315357
-29075.71358211863
-32089.63647299721
-32861.06769005399
-32758.896788049467
-30539.450883108202
-26418.872357103577
-16915.524882300968
-12763.778639895972
-10604.01937153687
-8556.57688172613
-6645.879132363692
-4937.801335178041
-3759.58258740512
-2982.9831456594684
-2459.8458275652933
-2356.4327004620823
-2334.264699965034
-2318.2950085114685
-2276.001141804017
-2208.485524504972
-2188.2742160760176
-2153.057637644747
-2142.776762681703
-2158.059208070445
-2098.6785388624353
-2137.3191041551718
-2081.9953186506327
-2100.037742380935
-2044.1350757945343
-2050.678623788063
-2009.0579450153286
-1962.235154059672
-1971.1588332018157
-1928.0525796686507
-1888.9480087897762
-1892.333791632545
-1891.3148424088558
-1871.458847735085
-1855.3028893448893
-1825.7962808905934
-1832.8041881827783
-1839.909035603925
-1817.1332609733952
-1842.1946917223781
-1840.6315514277674
-1835.4292450316927
