-10679.107421874998
-21075.103515625
-26265.912109375
-28656.20703125
-31076.162109375
-33098.21484375
-33134.2421875
-32991.74609375
-32871.64453125
-31578.44140625
-28694.609375
-22910.353515625
-15187.830078125
-9209.164062499996
-5786.017089843748
-4338.061523437499
-3827.660888671874
-3594.259033203124
-3558.073730468749
-3403.836425781249
-3321.306640624999
-3335.251464843749
-3343.968017578124
-3288.952636718749
-3325.937011718749
-3288.358642578124
-3309.555419921874
-3218.589355468749
-3167.344970703124
-3160.848388671874
-3067.585449218749
-3033.265380859374
-2974.395019531249
-2987.894531249999
-2982.676513671874
-3006.431152343749
-2939.769531249999
-2932.902343749999
-2913.155029296874
-2922.453124999999
-2907.428466796874
-2919.776367187499
-2908.164794921874
-2912.058105468749
-2887.467285156249
-2926.181152343749
-2913.499023437499
-2883.399658203124
-2946.204589843749
-2891.146728515624
