-9277.359177831235
-22592.490369119965
-31704.81361593049
-35927.17580999765
-37898.08627529829
-39799.49844464745
-38253.56783398486
-37593.21161842258
-38467.03573942834
-39155.03338101239
-39020.96971872175
-38867.1628605637
-38529.559655545665
-37988.35982802482
-36759.09144693435
-36259.77965035271
-36504.02866491928
-36486.041402394134
-36837.185970592705
-38159.074958192126
-40431.52486222614
-41659.795859428516
-42241.66281654745
-42343.82358390145
-42431.35955660394
-42377.39372507218
-42391.345595705716
-42458.18164224949
-42343.46250931263
-42627.83002508465
-42388.43826142871
-42442.54692040985
-42234.78275736586
-42453.90315840303
-42498.74490393138
-42463.98723973865
-42534.1014362083
-42465.43476588176
-42394.090388939934
-42534.58479528759
-42555.14776214123
-42555.15949167636
-42482.77117780388
-42443.08325836859
-42374.31362874995
-42498.52396869727
-42407.76994208797
-42433.426085229985
-42538.213836868315
-42404.09144576285
