-8810.10917783124
-20150.30810114002
-24521.621011063467
-27243.177567093477
-29712.82172008405
-31885.999662647664
-31774.167398523692
-31119.594790455292
-29499.624410437165
-24957.089923944808
-17818.843294632436
-5762.850542010396
-3631.0114879872044
-3028.5680433090547
-2622.569467516304
-2451.9333737368283
-2265.084538921851
-2041.6117241459037
-2101.6359174603604
-2101.7713831862416
-2125.904399417969
-2154.144763452324
-2101.3284296860006
-2036.1648970848044
-1996.1627201805702
-1924.3954127046509
-1888.8917113346804
-1877.7154965572477
-1812.3274151308174
-1817.5779410819869
-1755.1331890025754
-1755.7532610341568
-1708.413240228876
-1728.487155640433
-1712.3625947668381
-1684.6210986210986
-1709.0251158907945
-1694.708331896009
-1660.6773392027171
-1692.9958695030716
-1697.5358432733603
-1664.156927375534
-1654.4619086909902
-1597.7161613926519
-1593.5568477778675
-1591.845276215939
-1563.1389277540147
-1603.1577970872272
-1598.3177305890613
-1610.668738432762
