-10679.109177831237
-9600.662756926924
-9756.07370099082
-10122.196907773876
-9637.13202189102
-7589.33638129062
-5918.214401294982
-4773.7814395589585
-4187.545697422285
-4223.026875321964
-3952.3137175716047
-3899.425351053413
-3730.5680623229173
-3654.219112498698
-3596.3999262342672
-3552.0710680885313
-3430.6956271730824
-3304.3080714118505
-3304.349619348807
-3215.9929834340614
-3207.305324316941
-3158.5995664141615
-3124.840115551224
-3085.604379799276
-3085.6679890291302
-3048.7899571290172
-3034.9436602575183
-3025.9771679960386
-2994.49895943436
-3042.5401346354247
-2999.8112823596357
-3011.1813396684056
-2972.895813335742
-3021.2239639926315
-2981.9370579492715
-2974.8203273296617
-2991.165981632581
-2966.8897829874973
-2947.5506725984624
-2990.9544314252753
-2993.0913830042373
-2984.5710577914697
-2962.379974863725
-2937.7944200904863
-2957.8886032411974
-2964.8613755285423
-2922.191128407894
-2961.36426742626
-2959.4548017301468
-2954.1457443090517
