-9277.359177831235
-20150.30810114002
-24521.621011063467
-27243.177567093477
-29712.82172008405
-31885.999662647664
-31774.167398523692
-31119.594790455292
-29499.624410437165
-24957.089923944808
-17818.843294632436
-7001.100542010393
-4165.761487987203
-3313.5680433090556
-2857.3194675163027
-2746.6833737368297
-2574.084538921855
-2373.8617241459033
-2423.3859174603595
-2471.521383186242
-2488.154399417971
-2496.144763452319
-2420.0784296859956
-2355.6648970848046
-2314.162720180571
-2243.89541270465
-2220.3917113346815
-2201.7154965572495
-2152.0774151308187
-2164.0779410819828
-2096.3831890025776
-2097.003261034158
-2047.4132402288785
-2065.987155640433
-2042.3625947668395
-2025.8710986210954
-2031.5251158907965
-2017.2083318960133
-1986.1773392027171
-2012.495869503075
-2011.0358432733665
-1988.15692737553
-1977.7119086909872
-1935.9661613926514
-1925.8068477778656
-1933.8452762159395
-1905.138927754013
-1927.9077970872252
-1936.5677305890556
-1933.1687384327554
