-8810.10917783124
-24614.649670295003
-32962.10744049308
-35105.78976768814
-33795.618151544986
-33535.30393838145
-32744.299794123945
-31161.554838041844
-29339.256441330537
-28726.654653921094
-28315.068853177207
-27962.26246412822
-28033.751195358094
-28483.2595825858
-27539.45259435504
-23480.907758981997
-16254.2311602662
-9808.920820166546
-7146.197222965277
-5698.410130951278
-5461.744053417416
-4812.882606390458
-4124.233851180124
-3618.5257751115887
-3340.2088401257774
-3106.0752776949494
-2731.969238128941
-2265.285626090398
-2178.3301907870637
-2088.394284533465
-1952.4381293552876
-1926.6448714245319
-1883.3340424686874
-1928.6394713225957
-1952.4346068202067
-1955.8426873592384
-1940.4891610334184
-1857.4551096629214
-1793.7435931099176
-1767.500498010757
-1734.7762270406256
-1683.5789198115756
-1641.1499349366254
-1586.8388007607107
-1577.1696748039465
-1562.7758138356724
-1523.4053823070121
-1523.2345708080848
-1516.846636995049
-1495.9270808671488
