-10679.107421874998
-9513.381835937498
-9038.482421874998
-8051.803222656249
-6514.374023437499
-5206.630371093749
-4587.297851562499
-4293.142578124999
-3992.380371093749
-3926.430908203124
-3732.453124999999
-3657.570800781249
-3542.755859374999
-3445.379638671874
-3376.553222656249
-3327.132080078124
-3280.937011718749
-3204.745605468749
-3194.675292968749
-3129.950195312499
-3109.444824218749
-3104.781005859374
-3076.490722656249
-3046.482421874999
-3055.898193359374
-3019.516357421874
-3011.905761718749
-3012.518554687499
-2983.673583984374
-3035.948730468749
-2997.282958984374
-3007.639404296874
-2973.371093749999
-3019.818847656249
-2983.206787109374
-2971.549316406249
-2991.304199218749
-2967.005371093749
-2949.396972656249
-2989.734619140624
-2990.219482421874
-2984.385009765624
-2961.210205078124
-2936.020019531249
-2961.336914062499
-2967.802001953124
-2927.480712890624
-2964.142822265624
-2960.804199218749
-2955.906738281249
