-8810.10917783124
-24724.130341519143
-34108.02489588886
-36990.875858050786
-38560.6063024356
-39818.308518986996
-40061.56212446594
-39814.6551708234
-38994.34936613422
-38274.428173550885
-36701.381428343295
-34504.75925201313
-32171.09699904963
-28833.62000866734
-21566.910057194906
-13281.188322025593
-6783.838491056531
-4151.939595727627
-3760.1386112453088
-3717.0989964110695
-3613.607383288118
-2833.565358442251
-2299.002722886343
-1965.3248144605345
-1857.4413719256256
-1946.8418209514407
-2180.3359440740446
-2192.569931539385
-1994.376251801286
-1910.203725716728
-1828.519834616484
-1818.8740413365654
-1728.7412195577224
-1740.721300830121
-1700.1779396197173
-1641.3547656261453
-1647.4206385695602
-1594.4795910787602
-1585.8878068202762
-1606.1425850781818
-1642.458758181908
-1621.6058637379701
-1624.9504849621508
-1583.9362212390665
-1588.2385672837443
-1578.6009793735398
-1537.7145080732696
-1565.8731337830718
-1558.4394277196934
-1567.371868678321
