-8810.10917783124
-18262.552840763754
-15298.202118401376
-13908.865967479138
-12156.372033998072
-7490.515899594953
-3212.3210460999458
-2311.937578933896
-2058.5802884676823
-2031.686886750164
-1969.982727647464
-1891.2904427774477
-1874.2904599520486
-1866.4750513642423
-1849.2564882752827
-1812.6177548487383
-1801.0693235533806
-1737.386920204428
-1716.720991939177
-1676.656483655866
-1654.5732054783261
-1634.1236185435268
-1604.6340981056424
-1558.3325102178226
-1542.1557421011455
-1497.7865772061623
-1468.2811404124623
-1479.2220315272148
-1432.6651689658643
-1466.674260053501
-1429.3617561282033
-1453.7982442784437
-1431.201669927027
-1459.9438196889128
-1465.1416273337622
-1441.5285107766372
-1463.0589963063028
-1440.79621376638
-1426.7925436760183
-1455.3236852791983
-1466.47126018514
-1454.0607170530532
-1448.4218573062415
-1424.6439263659763
-1430.8160221230798
-1443.1720331533038
-1427.1987184927439
-1448.0263218962868
-1447.7394793590495
-1438.1883077715358
