-8810.10917783124
-21075.05973415437
-26265.902194731374
-28656.194852353183
-31076.16600396549
-33098.24976727474
-33134.2662730475
-32991.79238114345
-32871.68153961723
-31578.479261742665
-28694.65356603415
-22910.39710568769
-15187.845953511254
-4649.105041576668
-3380.0488025255536
-2607.078736467966
-2159.675724946911
-2142.2735563720053
-2280.0834689207104
-2074.848684830259
-2004.320096656404
-2030.2652584295834
-2023.9808046490864
-1974.96662282586
-1945.950208247334
-1872.3709386878677
-1836.5654151494073
-1853.602795337353
-1787.3582374811133
-1804.859890178915
-1738.5988854942
-1734.2776613910069
-1663.4077242403623
-1670.906563517849
-1641.6887236074035
-1596.4427421743064
-1634.7807582649345
-1621.9139348097158
-1617.1663981236823
-1650.4645932063559
-1662.4411524190432
-1632.7880064583335
-1621.1768310587734
-1565.0695786087774
-1564.4787505531297
-1567.1926969408728
-1542.510786432585
-1584.4107101610202
-1587.216286161322
-1598.1573722573426
