-8810.10917783124
-16854.382564449574
-14011.441557412274
-9268.939684355813
-8781.292523669483
-5567.024586624531
-3989.316463584666
-2987.176135602258
-2356.335255537798
-2006.94048222467
-1925.4745958029057
-1907.6078726701767
-1903.9133710474955
-1915.8499274239668
-1921.713222799448
-1901.6749422359455
-1899.6984286136667
-1881.9036118821557
-1853.5185752584057
-1787.4097436312818
-1742.8948335962207
-1723.2099362969166
-1686.3590670089557
-1663.1052763924476
-1644.7691087353414
-1658.9206629396172
-1649.973763365646
-1631.4331186946501
-1560.233045913447
-1562.544630850753
-1512.3076225374966
-1527.9828697135424
-1482.9382851246028
-1497.723116017704
-1482.3967402165033
-1459.060624690509
-1479.6271170128232
-1456.9254874798287
-1441.8549873441764
-1467.880500402995
-1479.3156114307278
-1466.5450535130287
-1463.6090538914684
-1437.4153563247423
-1440.2389824272007
-1448.6994414044107
-1432.3462133864425
-1453.5920747002747
-1449.9080429078974
-1443.682221831063
