-10679.109177831237
-9818.33023628444
-10221.566514719734
-10050.060895938586
-8681.925652613843
-6520.972842661051
-5142.36386942133
-4446.855486403979
-4025.3123936273705
-3974.2285231259425
-3654.8947331866416
-3419.632170539312
-3180.7249631064906
-3219.230430431536
-3052.492111122564
-2933.484515089498
-2885.805130083258
-2766.9903403617845
-2744.5038353342143
-2672.985054394973
-2586.7438373765212
-2580.4688837929875
-2543.5104983090237
-2498.78482912795
-2488.3585147821186
-2487.0353897607374
-2414.443412168567
-2438.697789774348
-2385.3724642182233
-2443.7260561648577
-2415.815044928103
-2409.2631956090804
-2384.460214280082
-2435.7459388530588
-2386.9183538276684
-2368.0136103445293
-2379.746267263191
-2360.948001685217
-2322.9428122938048
-2374.774717394652
-2374.688748836529
-2362.9101745454714
-2347.0252599944793
-2306.6628293884087
-2326.5861187177175
-2345.858134192726
-2293.6322063122034
-2334.1995560021223
-2327.960388152392
-2328.499487220865
