-10153.45849609375
-9572.791381835938
-10121.973388671875
-9998.572875976562
-8473.491027832031
-6170.7752685546875
-4757.585632324219
-4024.1156921386723
-3666.6999511718755
-3638.4015808105473
-3389.9404907226567
-3229.77001953125
-3058.3648376464844
-3117.126708984375
-3021.258819580078
-2901.4091186523438
-2831.7896423339844
-2725.6329650878906
-2720.02099609375
-2633.3143005371094
-2563.1050720214844
-2556.8310546875
-2515.65380859375
-2474.3029174804688
-2455.43896484375
-2439.772216796875
-2389.96240234375
-2414.216552734375
-2365.953369140625
-2420.08837890625
-2387.95849609375
-2381.4068298339844
-2359.13525390625
-2427.29638671875
-2375.936767578125
-2351.97021484375
-2367.92138671875
-2345.747802734375
-2306.899383544922
-2351.9808044433594
-2358.644775390625
-2345.178466796875
-2325.9192810058594
-2293.9937438964844
-2306.3238220214844
-2319.689697265625
-2280.9642639160156
-2320.6876831054688
-2310.22900390625
-2324.2688903808594
