-8810.10917783124
-24923.60084684394
-33727.78852920242
-36784.77649580751
-40266.88690457
-41011.03636399789
-41716.48426094044
-42265.08873390641
-42306.27904028593
-42479.71126703892
-42404.27121542087
-42375.385034931576
-42395.317130502524
-42416.633077151455
-42551.79703509248
-42428.19201507513
-42451.2656317495
-42497.00744803225
-42467.892967327134
-42501.4560321212
-42350.089896067584
-42399.5870739317
-42440.63170874615
-42413.87758392807
-42452.60312556308
-42390.585284265675
-42398.48413972009
-42501.89195666089
-42412.104222980335
-42637.22537590987
-42407.83920801316
-42506.18120702812
-42342.88343291277
-42471.871398186384
-42506.57007828583
-42466.38724900987
-42534.1014362083
-42465.43301056365
-42394.090388939934
-42534.58479528759
-42555.14776214123
-42555.15949167636
-42481.02831629288
-42439.3737231348
-42373.99680488776
-42495.24295423577
-42406.86177368865
-42426.891998261875
-42500.65015309715
-42378.12021637921
