-9277.359177831235
-25471.155118401428
-34318.118495811126
-37643.39936926503
-39285.625437651004
-39255.62986349581
-37575.782112042405
-36360.36969524472
-35128.097306901975
-34424.83510868096
-33546.06014474366
-31849.773320712615
-29996.591727777908
-29031.536279719323
-28745.492924056813
-28181.489747567095
-28047.367960725045
-28380.2932183932
-28601.302966009516
-28961.74661352852
-29010.34615028287
-29313.080865592492
-29758.634302736224
-29935.560458009386
-30059.827580228455
-30033.91814300879
-30132.26422566351
-30227.617125862096
-30216.245058721444
-30324.933487718496
-30086.758704574622
-30122.14196230162
-30075.972961115902
-30241.548300498398
-30437.576691761136
-30398.130145426887
-30330.837430403764
-30359.063739030396
-30272.88066502065
-30327.28373018103
-30349.79821128898
-30330.663833533054
-30376.867237772578
-30408.35755046127
-30140.646556292246
-30448.19465761913
-30347.210977348303
-30217.24466837594
-19753.87657838123
-20342.552984657235
