-9277.359177831235
-25471.155118401428
-34318.118495811126
-37643.39936926503
-39285.625437651004
-40155.657326572116
-40584.235210359664
-40947.96502282332
-41105.17746756595
-40205.274903254925
-38310.24422054846
-35858.94027593412
-33576.15583808885
-30935.45081729185
-28700.040126535278
-26189.096583284194
-24594.559646484104
-15350.066043058589
-8535.09293037303
-5714.6897634281695
-4285.594370164207
-3967.4175196401493
-3641.0222838774707
-3658.4200813012335
-3156.0384581707667
-2671.433333469313
-2432.584486555112
-2395.719001529937
-2455.624734275699
-2709.5994687973366
-2783.43351229384
-2869.217858672512
-2903.399479659711
-3075.8186456494914
-3190.273978567703
-3312.7235993613913
-3486.875750120147
-3590.026161013831
-3623.507857326846
-3795.5153660108017
-3898.5514574833956
-3989.581807998509
-4051.2541826751417
-4088.706629539739
-4137.519453976629
-4287.937210528034
-4325.281052540829
-3929.908884063653
-3478.285119218529
-3168.2907171335833
