-10153.45849609375
-9103.083984375
-9370.893676757812
-9584.226684570312
-8795.998657226562
-6767.5467529296875
-5141.751770019531
-4156.835205078125
-3716.7549133300786
-3731.763336181641
-3451.58187866211
-3357.2925109863286
-3231.0654907226567
-3133.926422119141
-3080.976440429688
-3032.236968994141
-2956.632904052735
-2837.6033325195317
-2822.0170898437505
-2756.274993896485
-2735.8595886230473
-2707.1843261718755
-2669.593444824219
-2639.7190399169926
-2636.3775024414067
-2610.24398803711
-2595.501358032227
-2596.012145996094
-2561.657348632813
-2606.611907958985
-2562.999404907227
-2578.4670257568364
-2549.512390136719
-2581.1787872314458
-2554.8122100830083
-2541.134216308594
-2561.6330871582036
-2536.277038574219
-2520.8992004394536
-2557.1044921875005
-2561.438079833985
-2550.9333801269536
-2531.2165069580083
-2507.195007324219
-2525.334655761719
-2532.31820678711
-2495.335632324219
-2526.993255615235
-2527.0888671875005
-2518.467697143555
