-10153.45849609375
-25471.25390625
-34318.234375
-37643.5234375
-39285.74462890625
-39255.63671875
-37575.66796875
-36360.2265625
-35127.89453125
-34424.6015625
-33545.8720703125
-31849.244140625
-29995.990234375
-29031.25
-28745.270751953125
-28181.55078125
-28047.431640625
-28380.58203125
-28602.087890625
-28963.349609375
-29013.880859375
-29319.66015625
-29764.91796875
-29942.490234375
-30068.40625
-30044.880859375
-30143.78125
-30245.18359375
-30240.3125
-30353.197265625
-30121.65869140625
-29114.44921875
-27459.462890625
-25647.872314453125
-18219.86328125
-12617.7060546875
-10295.840698242188
-7842.87255859375
-6532.69677734375
-5923.6767578125
-5224.395324707031
-4716.15966796875
-4266.7568359375
-3891.60546875
-3647.64794921875
-3460.9713439941406
-3013.6627502441406
-3043.3147888183594
-2952.8610229492188
-2903.2650146484375
