-9277.359177831235
-19287.547250696254
-20505.509547678575
-20102.54508263547
-29372.74644613423
-33914.80521227601
-33601.16114315433
-32579.67989468141
-31739.72921269489
-28508.90590594776
-22435.838096732277
-14412.122012487274
-8147.759946822085
-4839.817554860381
-3986.246428227657
-3264.8320202750115
-3044.6437873251953
-2843.6877834309557
-2581.7214578411226
-2367.8017413196653
-2299.8176228223606
-2306.3954704436637
-2305.9309793626494
-2251.197540602997
-2220.708727689284
-2147.704990717379
-2121.2168676360516
-2116.0282448744156
-2067.658748794568
-2092.9226024833247
-2045.4312777000935
-2051.1429133685106
-2025.9602219200478
-2051.370679783823
-2040.6465033569632
-1998.4735757097174
-1987.0970753567321
-1935.4904645318559
-1924.9485098215318
-1954.1529571987871
-1964.2106611945055
-1957.3521290267527
-1949.8167926453248
-1919.1938404604218
-1927.5419705057361
-1934.2613167953205
-1912.8555439874199
-1934.9730476387297
-1926.5948135470353
-1910.6744864498628
