-10153.45849609375
-18262.58203125
-21761.5244140625
-24188.184814453125
-29075.724609375
-32089.607177734375
-32861.03515625
-32758.85546875
-30539.412109375
-26418.837646484375
-16930.93798828125
-12798.953247070312
-10782.589477539062
-8842.023071289062
-6979.144836425781
-5466.527099609375
-4257.3787841796875
-3587.651550292969
-3056.074645996094
-2975.167602539063
-2947.3745422363286
-2921.5612792968755
-2883.4873046875005
-2866.5964660644536
-2894.197937011719
-2866.0119323730473
-2865.5759887695317
-2868.2038574218755
-2817.258422851563
-2861.525482177735
-2804.795043945313
-2815.8049621582036
-2755.6862335205083
-2776.2915039062505
-2722.0133972167973
-2679.410827636719
-2686.9277496337895
-2643.821884155274
-2601.9047393798833
-2612.3222503662114
-2607.0845184326176
-2592.8535156250005
-2569.6674346923833
-2540.160079956055
-2555.6055450439458
-2561.3037872314458
-2527.2786254882817
-2560.777267456055
-2560.620498657227
-2556.8242034912114
