-8810.10917783124
-7890.392178910833
-7055.507454552351
-6566.835565096757
-4825.401427325031
-3334.6616582294446
-2925.31673993346
-2502.159184642166
-2315.3933872704715
-2240.445458208801
-2097.46768546692
-2037.584183514721
-1907.7689173873218
-1834.390408692017
-1753.5657461211656
-1704.1440764813528
-1672.9499522006124
-1623.7588919626814
-1613.6867095490552
-1575.9623261998054
-1552.4566767384931
-1544.792612694439
-1522.5024202710733
-1504.4938141350156
-1507.9102173052274
-1489.5281562267674
-1466.9166475012264
-1491.5291601017714
-1453.685092909835
-1490.9598012270105
-1455.2946070157543
-1474.6507996160492
-1446.3827431760528
-1471.8296960502696
-1456.2184293563419
-1435.5605052240198
-1461.3156318825686
-1440.0165169564166
-1428.408871892968
-1453.7455782318352
-1463.230706050341
-1445.396485404543
-1437.2211613823943
-1412.030968748412
-1419.3480037854304
-1428.8133083392897
-1409.4918044670699
-1431.1541024478252
-1424.8157013512387
-1416.9178409257825
