-9277.359177831235
-9549.665451201448
-10481.700599094682
-10234.822969884113
-8468.637471018857
-5893.7299895739
-4299.457502397692
-3417.948220164126
-3127.902902474768
-3153.308259282142
-3014.6348452588472
-2960.7020984256496
-2854.0315292552596
-2916.5630663686406
-2879.0943706658322
-2790.207814034012
-2669.649517848041
-2608.0470118398903
-2637.3592225649295
-2564.997934297618
-2477.607451373152
-2456.93728356673
-2455.457375494002
-2451.1856446140723
-2414.852060139554
-2391.0822654830017
-2356.678861078054
-2380.443138747245
-2354.041063023666
-2396.997484044302
-2347.3532539744174
-2349.552056504467
-2311.652296831252
-2401.0088535489244
-2328.3721466281036
-2331.2778375100834
-2369.413182108861
-2328.4315925484066
-2292.878342874553
-2347.114488215094
-2354.4591510315963
-2338.5488662023336
-2312.122102478574
-2268.7888121457077
-2291.6503547942375
-2308.5531636971536
-2280.181362896188
-2306.2121197713286
-2292.480088793407
-2291.158184836384
