-9277.359177831235
-22592.490369119965
-30224.995969649044
-27238.8837819612
-30590.26924917734
-33695.918272673225
-34110.49275947604
-32465.274388602313
-29756.627879066353
-25306.447485768582
-18964.129414715797
-9156.65300396174
-3809.335755483274
-2762.5603273880192
-2429.182829325973
-2319.1224127209616
-2307.0641267814867
-2279.208249909407
-2307.0606525112003
-2333.099842638478
-2337.036355785293
-2248.585339707569
-2199.3601982956575
-2173.3620272598573
-2145.901661271012
-2095.9854875547403
-2057.794969158026
-2066.2218807637787
-1999.3285917192327
-2006.8125795919755
-1945.3964458471935
-1926.6024320767726
-1888.7597093689576
-1899.0837890907721
-1878.127605240828
-1854.357046352297
-1868.8315518676688
-1844.6525312343128
-1822.2221497467071
-1851.6610945017837
-1857.069714722957
-1846.0245393531927
-1834.202338903624
-1807.9014373168225
-1816.7345703049693
-1826.4369868947554
-1806.086451061772
-1827.8592063153374
-1826.741217778414
-1822.8034321072496
