-8810.10917783124
-8843.275655675428
-9762.000371584216
-9694.970620083403
-7714.512785745728
-5042.822339763546
-3715.2690524417594
-2897.166600894235
-2695.954819590021
-2695.097876012919
-2607.433600677507
-2603.7065141562434
-2626.104983116408
-2687.151056056965
-2677.7108716361377
-2607.8161503463834
-2562.2103770415642
-2495.818642454492
-2538.8879938191026
-2474.3721088523343
-2422.553053026111
-2402.4812858222645
-2406.232537183421
-2380.9945945142654
-2361.1506711913676
-2326.0045624702207
-2311.886977074465
-2345.2927238187776
-2293.6653709068833
-2357.935716535038
-2288.2134580622837
-2295.932527589304
-2240.5228494865637
-2347.3535157078345
-2311.7538688823265
-2262.307758554992
-2312.4583513105154
-2294.793270981337
-2266.447716299782
-2328.9363153995655
-2352.744727181281
-2319.1198020448937
-2285.5283086030895
-2228.0243959659556
-2258.63130117917
-2239.5577567539353
-2216.6967448668215
-2224.9970363740204
-2240.7717536982364
-2230.7598459722785
