-9277.359177831235
-9298.495147431795
-10161.139535014514
-10050.052496434111
-8240.842945236882
-5620.986299776484
-4114.280324206831
-3321.612392649462
-3069.5996399626247
-3093.313486197678
-2960.8351617206904
-2902.283720456419
-2861.0174358377103
-2925.663668749428
-2859.0025802092514
-2751.973274989311
-2645.4640440691724
-2560.601536518293
-2586.248719854392
-2485.238867080214
-2457.2884090506495
-2438.491623128497
-2425.032955020266
-2410.291601807984
-2383.0963835552616
-2370.3331355626988
-2352.5545960815043
-2364.878093296901
-2318.6021988614452
-2375.9473566340594
-2317.811850361958
-2327.802401416011
-2278.070521591527
-2362.44001202917
-2339.167900981997
-2315.111068208978
-2355.2079050104267
-2320.062040786238
-2298.5500831108147
-2337.2749540392024
-2357.8600974202823
-2332.3100114791
-2303.45049450328
-2256.1410428491263
-2271.77235175716
-2289.1822194885017
-2257.410211207776
-2288.2408037697505
-2280.317680315469
-2276.3839182094453
