-10679.109177831237
-18262.552840763754
-15298.202118401376
-13908.865967479138
-12732.372033998086
-11447.515899594988
-5072.321046099948
-4060.9375789339056
-3618.5802884676946
-3558.6868867501653
-3478.9827276474584
-3418.2904427774374
-3398.2904599520457
-3396.4750513642466
-3382.2564882752836
-3339.6177548487367
-3328.069323553375
-3264.3869202044225
-3240.720991939176
-3200.6564836558655
-3190.573205478332
-3173.1236185435205
-3134.634098105645
-3076.332510217815
-3075.1557421011394
-3024.7865772061514
-3007.281140412462
-2997.222031527215
-2965.665168965873
-3011.674260053503
-2971.3617561281944
-2980.798244278435
-2952.201669927033
-3007.9438196889178
-2986.141627333757
-2971.5285107766313
-2990.058996306302
-2967.7962137663862
-2947.792543676015
-2991.3236852791897
-2993.47126018513
-2993.0607170530484
-2972.4218573062385
-2948.6439263659827
-2972.8160221230737
-2979.172033153295
-2945.198718492743
-2981.0263218962846
-2983.7394793590593
-2974.188307771542
