-10153.45849609375
-20150.349609375
-24521.62890625
-27243.16796875
-29712.806640625
-31885.962890625
-31774.12890625
-31119.55078125
-29499.583984375
-24957.048828125
-17818.837158203125
-9322.857482910158
-5168.38543701172
-3847.925903320313
-3297.45947265625
-3299.3254394531255
-3153.4470520019536
-2996.81723022461
-3026.654968261719
-3164.7876586914067
-3167.358062744141
-3137.3813476562505
-3017.719848632813
-2954.7170104980473
-2910.398864746094
-2842.94271850586
-2841.9431762695317
-2809.205230712891
-2789.0964355468755
-2813.75180053711
-2736.2136230468755
-2736.8339538574223
-2683.026275634766
-2698.78598022461
-2661.0999145507817
-2665.7025909423833
-2636.2004394531255
-2621.8838500976567
-2596.4775695800786
-2611.5463562011723
-2598.8359375000005
-2595.6447448730473
-2583.793563842774
-2570.1729125976567
-2548.7639770507817
-2575.083602905274
-2546.3773956298833
-2536.802352905274
-2570.775314331055
-2537.844848632813
