-10679.109177831237
-22592.490369119965
-30224.995969649044
-27238.8837819612
-30590.26924917734
-33695.918272673225
-34110.49275947604
-32465.274388602313
-29756.627879066353
-25306.447485768582
-18964.129414715797
-12295.403003961725
-5746.585755483267
-4094.560327388007
-3608.1828293259737
-3473.3724127209616
-3454.5641267814863
-3424.4582499094067
-3450.060652511198
-3476.0998426384767
-3489.036355785287
-3400.5853397075707
-3344.6101982956634
-3311.862027259854
-3295.6516612710075
-3236.735487554741
-3214.29496915803
-3202.4718807637787
-3149.078591719235
-3165.562579591978
-3101.8964458471896
-3087.602432076777
-3065.5097093689596
-3071.333789090778
-3023.377605240824
-3006.357046352298
-3014.0815518676754
-2989.902531234318
-2962.9721497467044
-3003.6610945017846
-3002.3197147229544
-3000.27453935319
-2977.202338903626
-2950.90143731682
-2973.2345703049677
-2978.436986894744
-2944.5864510617753
-2977.609206315332
-2978.7412177784104
-2974.8034321072464
