-10679.109177831237
-24724.130341519143
-34108.02489588886
-36990.875858050786
-38560.6063024356
-39818.308518986996
-40061.56212446594
-39814.6551708234
-38994.34936613422
-38274.428173550885
-36701.381428343295
-34504.75925201313
-32171.09699904963
-28833.62000866734
-21566.910057194906
-13281.188322025593
-8616.838491056575
-4505.9395957276265
-3760.1386112453088
-3717.0989964110695
-3682.6073832881148
-3907.5653584422507
-3784.0027228863373
-3483.3248144605304
-3390.441371925625
-3446.8418209514384
-3596.335944074059
-3524.569931539386
-3353.3762518012895
-3260.203725716728
-3157.5198346164943
-3126.8740413365745
-3057.7412195577253
-3033.7213008301196
-3014.1779396197117
-3006.3547656261467
-2940.4206385695566
-2947.47959107876
-2923.8878068202703
-2938.1425850781734
-2908.458758181906
-2920.605863737973
-2911.950484962156
-2900.936221239064
-2881.2385672837404
-2922.6009793735475
-2911.714508073282
-2885.873133783074
-2935.43942771969
-2887.3718686783177
