-9277.359177831235
-24724.130341519143
-34108.02489588886
-36990.875858050786
-38560.6063024356
-39818.308518986996
-40061.56212446594
-39814.6551708234
-38994.34936613422
-38274.428173550885
-36701.381428343295
-34504.75925201313
-32171.09699904963
-28833.62000866734
-21566.910057194906
-13281.188322025593
-7242.088491056548
-4240.43959572763
-3760.1386112453088
-3717.0989964110695
-3630.8573832881184
-3102.06535844225
-2670.252722886341
-2344.824814460527
-2240.6913719256213
-2321.841820951442
-2534.3359440740483
-2525.5699315393877
-2334.126251801289
-2247.703725716726
-2160.769834616488
-2145.87404133657
-2060.9912195577244
-2063.9713008301214
-2028.6779396197173
-1982.6047656261405
-1970.6706385695593
-1932.7295910787616
-1920.3878068202716
-1939.1425850781798
-1958.9587581819073
-1946.3558637379697
-1946.7004849621485
-1913.1862212390638
-1911.488567283744
-1914.6009793735448
-1881.2145080732746
-1895.8731337830675
-1902.6894277196898
-1897.3718686783236
