-10679.109177831237
-9514.043739447774
-9638.198699807119
-9376.172321026595
-7991.483065452002
-6567.682079067074
-5252.826848905775
-4496.441100274011
-4093.4912859224073
-4026.7753086074326
-3815.998078544713
-3711.9469067204627
-3595.392416333542
-3474.0488746039964
-3405.2532437993555
-3368.4290664576292
-3317.802966350563
-3227.7071817689043
-3210.9005743629523
-3148.0481663671126
-3138.9865105767235
-3116.5425150453184
-3082.9083664963937
-3053.187183423516
-3061.0427050574463
-3021.5121352418337
-3019.26177063205
-3011.732176267209
-2986.975519513425
-3033.0749434807076
-2990.2396446826438
-3004.0250245220222
-2964.8343616432458
-3010.8731144415924
-2978.0831489796333
-2966.2974567120414
-2984.920197183369
-2961.3906940867532
-2944.2624198879025
-2984.9272199859506
-2986.875916163019
-2981.2868104927993
-2958.5445410623847
-2932.539780837561
-2957.3616729918485
-2963.0710075045126
-2921.6417380048993
-2959.16435726934
-2956.5298138008243
-2951.373856193268
