-10153.45849609375
-24724.17578125
-33554.484375
-35833.90869140625
-35089.6796875
-34780.23046875
-34132.25390625
-33267.1328125
-31073.63671875
-29633.90234375
-28759.28125
-28309.265625
-28054.30078125
-28104.087890625
-28378.728515625
-28606.42578125
-28940.583984375
-29329.412109375
-29432.49609375
-29827.369140625
-29765.21484375
-29610.865234375
-29549.421875
-29373.443359375
-29193.978515625
-28869.86328125
-28671.0625
-28467.021484375
-28233.01171875
-28450.19921875
-27712.109375
-26700.134765625
-25008.671142578125
-17469.43359375
-11363.273681640625
-10412.653076171875
-9079.8173828125
-6961.537536621094
-5128.67724609375
-4390.6953125
-3919.708221435547
-3752.13037109375
-3576.196044921875
-3477.508758544922
-3370.557373046875
-3289.580078125
-3129.562255859375
-3073.30029296875
-2999.0060119628906
-2884.5183715820312
