-10679.109177831237
-22638.865204112557
-30438.90976252656
-33095.476397167426
-34153.1225094889
-36002.656247423845
-35203.778769745855
-32705.368761471298
-28550.83729421373
-19187.675700512707
-9794.066716308473
-4355.603039018375
-3944.075417172769
-3587.480337124308
-3248.7395480923924
-3652.707148458075
-3674.7244160733508
-3570.9033024253295
-3509.3305174542975
-3466.6487000530115
-3457.946513655087
-3480.4919469426322
-3514.656908152768
-3560.8722331903896
-3569.310754855389
-3536.9814799576598
-3549.809170704525
-3511.467049453604
-3489.736398031039
-3512.731662271897
-3421.0620607923242
-3429.79680724958
-3369.5892601116675
-3355.5967926026387
-3308.3840424228792
-3307.5484688992815
-3236.6227073210002
-3223.249629383584
-3145.4683735443696
-3113.9553409428345
-3091.8922586241615
-3063.278056805285
-3041.093558489477
-3013.4617156232716
-2976.8850254611307
-3008.0100147324147
-2991.4454581537607
-2963.396933628359
-3014.644141897138
-2941.0928852865945
