-9277.359177831235
-8736.526985065106
-9030.904481106007
-9626.181279139642
-8423.395393250416
-6362.254646893545
-4719.61030776382
-3557.0633980587677
-3155.5612695921927
-3010.660544983458
-2837.22988001495
-2745.8336805778617
-2635.1640647431495
-2637.7641961000254
-2606.4944594131193
-2615.48904066675
-2544.286825925309
-2472.933903078133
-2500.826937905088
-2485.4289667446656
-2419.46857517972
-2417.342570799518
-2403.5314845244225
-2388.8825648442325
-2392.5577901944525
-2375.9554913239217
-2339.2665255280544
-2359.0244213519813
-2310.6470214681744
-2364.022356761169
-2316.655863060226
-2317.838060700692
-2295.7782113398957
-2374.718405739785
-2348.7122874719707
-2321.3724638833255
-2348.6917155283786
-2315.0893839861974
-2282.82900236592
-2329.8691848892695
-2355.9326071916003
-2346.9898979325894
-2324.6983211499123
-2273.9869165977675
-2287.138458114609
-2294.2871321096054
-2268.435875060835
-2292.5619971397823
-2288.567521092646
-2281.3447759503106
