-10679.109177831237
-9530.852874775479
-9738.798230247698
-9834.00639071954
-9054.21079281398
-7055.3078675778615
-5505.438044096296
-4573.673664926962
-4110.811574184589
-4186.557774954891
-3903.004188269383
-3835.7122356551313
-3717.924178391194
-3594.625612790008
-3533.2392628607595
-3495.468687761671
-3419.865023637809
-3287.3350923937933
-3276.8106932555274
-3200.943732604736
-3183.9022056018657
-3151.0087763188335
-3108.355119849471
-3075.949487340941
-3071.764057040312
-3043.099521776039
-3031.7316768440587
-3025.491717553642
-2993.6687413959835
-3042.8412498938173
-2996.698528612152
-3009.634560136996
-2982.367477898811
-3016.5649819021537
-2985.9795313906507
-2973.9894488569075
-2992.8004519162723
-2965.7569631028355
-2948.691906294964
-2989.115553479287
-2990.9179363128055
-2984.631801535591
-2959.8523722234395
-2936.674693940889
-2959.876948369648
-2966.0167174063945
-2922.284205131515
-2958.1603244645657
-2959.9436406754894
-2951.322860773832
