-9277.359177831235
-9081.775655675434
-8643.091261264215
-8960.940289229291
-7500.346822322519
-5457.183037775808
-4349.15174635149
-3530.929300683336
-3201.2547819967385
-3168.2347197045265
-3019.968605504259
-2945.284056333197
-2823.5856494285053
-2847.3029633427586
-2821.1314258151415
-2747.7256109286513
-2638.8458408304473
-2553.910143569068
-2573.556686719642
-2499.926832504794
-2430.4285945933143
-2421.5335286456584
-2413.9141566934586
-2382.7926621088855
-2375.746464983371
-2351.610665792076
-2329.318257636382
-2366.9323168803094
-2327.0030685831266
-2375.975846594158
-2332.1806699799877
-2325.9288702601516
-2285.025027765632
-2345.6272022492676
-2326.5348710589083
-2301.0041063551666
-2337.4296462054804
-2307.4523196990476
-2291.0517490407838
-2343.717958037304
-2347.9270162637717
-2296.283675990877
-2281.982289046944
-2247.8423513022217
-2264.24366750325
-2267.519618506688
-2233.8084794390134
-2271.258273009364
-2284.272797936259
-2282.953783028897
