-10679.109177831237
-21075.05973415437
-29008.877514029453
-32854.91469237634
-34798.26753846614
-37083.40008375982
-37901.54763469174
-35594.29975516385
-33404.92604852302
-31620.488795374542
-29189.897346572943
-28162.09910670698
-28052.005089076516
-28357.371138957496
-24449.21057707416
-14501.710236291468
-8946.109137033582
-7384.669522579019
-6404.889666783964
-5778.245129068651
-5139.031719076798
-4597.776868374627
-4071.977324933585
-3616.370574182822
-3271.371597688875
-3083.607850129002
-3097.1339164574883
-3258.45105341864
-3298.830517522382
-3316.2022493141376
-3187.745737933189
-3176.51762089273
-3199.58387289045
-3097.4245598429125
-2953.8958324579244
-2933.7037984981143
-2956.403585862049
-2941.7919186180625
-2947.514934386462
-3003.697920898005
-3016.732657866008
-2953.729616502996
-2847.3474313445577
-2815.0422085177893
-2835.385751690107
-2814.9483874182306
-2784.7257246150025
-2799.9570062731896
-2791.0948098980866
-2698.6686285593496
