-10679.109177831237
-24923.60084684394
-33407.443109082546
-36204.41456865438
-37860.17087129735
-39305.50371361484
-39282.14982349156
-38749.24573768579
-37429.63729193041
-36225.22304332229
-34381.7198969775
-31799.447879068197
-29590.75570451902
-27047.139421454303
-23943.015698339048
-17986.836309664046
-12528.29286896904
-7175.455389536133
-5761.99861084527
-5171.025189037439
-4672.217122808446
-4335.231269693575
-3401.5244963763844
-3251.6573731813323
-3569.444844988294
-3536.167811268574
-3419.4215800440425
-3372.3552799932595
-3335.268134856274
-3357.058717398836
-3303.792060117321
-3281.514000193822
-3254.287782732173
-3273.6763549313173
-3235.26457349416
-3196.20546953547
-3175.4490135313767
-3128.337437599388
-3085.3828560302886
-3095.1574686956674
-3074.466079456706
-3061.39371262031
-3033.086601098146
-3005.910375944613
-3023.129906054287
-3021.7046662038097
-2990.864415252062
-3043.5007875002125
-3061.0511252338138
-3064.0934596601955
