
Good
Feature: [0, 101, 10]

States: [array([23.39321686,  0.        , 32.42952699,  0.        ,  0.58317389,
        5.24327426]), array([23.39321686,  0.06727013, 32.42952699,  0.5       ,  0.58317389,
        5.24327426]), array([23.460487  ,  0.12108624, 32.92952699,  0.9       ,  0.51590376,
        4.74327426]), array([23.58157324,  0.16413913, 33.82952699,  1.22      ,  0.39481752,
        3.84327426]), array([23.74571237,  0.19858144, 35.04952699,  1.476     ,  0.23067839,
        2.62327426]), array([2.39442938e+01, 2.26135284e-01, 3.65255270e+01, 1.68080000e+00,
       3.20969518e-02, 1.14727426e+00]), array([24.17042909, -0.31909177, 38.20632699,  1.22878019, -9.77377137,
       -0.46179894]), array([23.85133732, -0.75527342, 39.43510718,  0.77991353, -9.4546796 ,
       -1.69057913]), array([23.0960639 , -1.10421873, 40.21502071,  0.37374674, -8.69940618,
       -2.47049266]), array([21.99184516, -1.35296202, 40.58876744, -0.20100261, -7.59518744,
       -2.8442394 ]), array([20.63888314, -1.47810828, 40.38776483, -0.66080209, -6.24222542,
       -2.64323679]), array([19.16077486, -1.51637833, 39.72696274, -1.02864167, -4.76411714,
       -1.9824347 ]), array([17.64439653, -1.71310266, 38.69832107, -0.851973  , -3.24773881,
       -0.95379303]), array([15.93129387, -1.87048213, 37.84634808, -0.61549076, -1.53463615,
       -0.10182003]), array([14.06081174, -1.99638571, 37.23085731, -0.38036759,  0.33584598,
        0.51367073]), array([12.06442603, -1.4999736 , 36.85048972, -0.80429407,  6.85716589,
       -5.23760468]), array([10.56445243, -0.79860472, 36.04619565, -1.14343526,  8.35713949,
       -4.43331061]), array([ 9.76584772, -0.13888377, 34.90276039, -1.31060239,  9.15574421,
       -3.28987535]), array([ 9.62696394,  0.38889298, 33.592158  , -1.27869086,  9.29462798,
       -1.97927296]), array([10.01585693,  0.81111439, 32.31346714, -1.07677015,  8.905735  ,
       -0.70058209]), array([10.82697131,  1.14889151, 31.23669698, -0.81433654,  8.09462061,
        0.37618806]), array([11.97586282,  1.41911321, 30.42236044, -0.53460032,  6.9457291 ,
        1.1905246 ]), array([13.39497603,  1.21238544, 29.88776012,  0.07231974,  5.5266159 ,
        1.72512492]), array([14.60736147,  1.13239871, 29.96007986,  0.55785579,  4.31423046,
        1.65280518]), array([15.73976017,  1.05335632, 30.51793566,  0.94628463,  3.18183175,
        1.09494939]), array([16.79311649,  1.34268506, 31.46422029,  0.57891754,  2.12847543,
        0.14866475]), array([18.13580155,  1.57414805, 32.04313782,  0.14834623,  0.78579038,
       -0.43025278]), array([ 1.97099496e+01,  1.71192042e+00,  3.21914841e+01, -3.81323016e-01,
       -1.64405628e-02, -1.08632141e+00]), array([21.42187001,  1.31157882, 31.81016104, -0.80505841,  0.25310698,
       -3.88041617]), array([22.73344884,  0.54926306, 31.00510262, -0.4951952 , -1.05847184,
       -3.07535776]), array([23.28271189, -0.06058955, 30.50990742, -0.23362409, -1.6077349 ,
       -2.58016255]), array([ 2.32221223e+01, -5.48471643e-01,  3.02762833e+01, -1.42841413e-02,
       -1.54714534e+00, -2.34653847e+00]), array([22.6736507 , -0.93877731, 30.26199919,  0.16932456, -0.9986737 ,
       -2.33225432]), array([21.73487338, -0.71340386, 30.43132375, -0.36454035, -0.05989639,
       -2.50157888]), array([21.02146952, -0.46006874, 30.0667834 , -0.79163228,  0.65350748,
       -2.13703853]), array([20.56140078, -0.21465101, 29.27515112, -1.13330583,  1.11357622,
       -1.34540625]), array([ 2.03467498e+01,  2.30528572e-02,  2.81418453e+01, -1.40664466e+00,
        1.32822723e+00, -2.12100425e-01]), array([20.36980262,  0.51844229, 26.73520063, -0.74092397,  6.54415018,
        1.76196654]), array([20.88824491,  0.69736163, 25.99427666, -0.09273918,  6.02570789,
        2.50289051]), array([21.58560654,  0.791188  , 25.90153749,  0.42580866,  5.32834626,
        2.59562969]), array([22.37679455,  0.82765955, 26.32734615,  0.84064693,  4.53715825,
        2.16982103]), array([23.2044541 ,  1.16212764, 27.16799308,  0.80343316,  3.7094987 ,
        1.3291741 ]), array([24.36658174,  1.42970211, 27.97142624,  0.55447279,  2.54737106,
        0.52574094]), array([25.79628386,  1.64376169, 28.52589903,  0.27264807,  1.11766894,
       -0.02873185]), array([ 27.44004555,   0.81500935,  28.7985471 ,   0.6719445 ,
       -10.39251778,  10.73328768]), array([ 28.2550549 ,   0.15200748,  29.47049159,   0.93934715,
       -11.20752714,  10.06134319]), array([ 28.40706238,  -0.37839401,  30.40983874,   1.11593714,
       -11.35953462,   9.12199604]), array([ 28.02866837,  -0.80271521,  31.52577587,   1.09877946,
       -10.98114061,   8.0060589 ]), array([ 27.22595316,  -1.14217217,  32.62455534,   1.05089783,
       -10.17842539,   6.90727944]), array([26.08378099, -1.41373774, 33.67545317,  0.92162297, -9.03625323,
        5.85638161]), array([24.67004326, -1.63099019, 34.59707614,  0.84990122, -7.62251549,
        4.93475864]), array([23.03905307, -1.80479215, 35.44697736,  0.97241702, -5.9915253 ,
        4.08485742]), array([21.23426092, -1.94345383, 36.41939438,  1.27793362, -4.18673315,
        3.1124404 ]), array([19.29080709, -1.68111996, 37.697328  ,  1.5223469 , -2.24327933,
        1.83450678]), array([17.60968713, -1.3951058 , 39.2196749 ,  1.71787752, -0.56215937,
        0.31215988]), array([16.21458133, -1.2972114 , 40.93755241,  0.87430201, -6.17741163,
       -8.91615549]), array([14.91736993, -1.15603159, 41.81185443,  0.19944161, -4.88020022,
       -9.79045751]), array([13.76133833, -0.98359283, 42.01129604, -0.34044671, -3.72416863,
       -9.98989912]), array([12.7777455 , -0.81162375, 41.67084932, -0.77235737, -2.7405758 ,
       -9.64945241]), array([11.96612175, -0.64560743, 40.89849195, -1.1178859 , -1.92895205,
       -8.87709504]), array([11.32051433, -0.48760428, 39.78060606, -1.39430872, -1.28334462,
       -7.75920914]), array([10.83291004, -0.33769408, 38.38629734, -1.61544697, -0.79574034,
       -6.36490043]), array([10.49521596, -0.19465677, 36.77085037, -1.79235758, -0.45804626,
       -4.74945345]), array([10.30055919, -0.05618407, 34.97849279, -1.93388606, -0.26338949,
       -2.95709587]), array([10.24437513, -0.22836195, 33.04460673, -2.04710885, -0.20720542,
       -1.02320981]), array([ 10.01601318,   0.31731044,  30.99749788,  -1.94721494,
        18.30801362, -10.39905933]), array([10.33332362,  0.75384835, 29.05028294, -1.76490506, 17.99070317,
       -8.45184439]), array([11.08717198,  1.10307868, 27.28537787, -1.4955794 , 17.23685482,
       -6.68693933]), array([12.19025066,  1.38246295, 25.78979847, -1.05482665, 16.13377614,
       -5.19135992]), array([13.57271361,  1.60597036, 24.73497183, -0.72338276, 14.75131319,
       -4.13653328]), array([15.17868396,  1.78477629, 24.01158907, -0.43697441, 13.14534283,
       -3.41315052]), array([16.96346025,  1.92782103, 23.57461465, -0.60252249, 11.36056655,
       -2.9761761 ]), array([18.89128128,  2.04225682, 22.97209216, -0.76611092,  9.43274552,
       -2.37365361]), array([20.9335381 ,  2.13380546, 22.20598124, -0.75833148,  7.3904887 ,
       -1.60754269]), array([23.06734356,  2.20704437, 21.44764976, -0.43815789,  5.25668324,
       -0.84921121]), array([ 2.52743879e+01,  2.26563549e+00,  2.10094919e+01,  1.82440818e-02,
        3.04963887e+00, -4.11053320e-01]), array([27.54002342,  2.31250839, 21.02773595, -0.11565652,  0.78400338,
       -0.4292974 ]), array([ 29.85253181,   1.35000672,  20.91207943,   0.22930809,
       -14.06100063,   7.54143083]), array([ 31.20253853,   0.58000537,  21.14138752,   0.45750818,
       -15.41100735,   7.31212274]), array([ 31.7825439 ,  -0.0359957 ,  21.59889569,   0.60923617,
       -15.99101272,   6.85461456]), array([ 31.7465482 ,  -0.52879656,  22.20813186,   0.70792784,
       -15.95501702,   6.2453784 ]), array([ 31.21775164,  -0.92303725,  22.9160597 ,   0.76863821,
       -15.42622046,   5.53745056]), array([ 30.29471439,  -1.2384298 ,  23.68469791,   0.80150849,
       -14.50318321,   4.76881235]), array([ 29.05628459,  -1.49074384,  24.4862064 ,   0.60957399,
       -13.26475341,   3.96730385]), array([ 27.56554075,  -1.69259507,  25.0957804 ,   0.42436541,
       -11.77400957,   3.35772986]), array([ 25.87294568,  -1.85407606,  25.5201458 ,   0.24402071,
       -10.0814145 ,   2.93336445]), array([24.01886962, -1.98326085, 25.76416651,  0.15764089, -8.22733844,
        2.68934374]), array([22.03560877, -2.08660868, 25.9218074 ,  0.62428565, -6.24407759,
        2.53170285]), array([19.9490001 , -2.07793481, 26.54609306,  0.99942852, -4.15746892,
        1.9074172 ]), array([17.87106529, -2.16234785, 27.54552158,  0.4252152 , -2.07953411,
        0.90798868]), array([15.70871745, -2.22987828, 27.97073677, -0.07671428,  0.08281373,
        0.48277348]), array([13.47883917, -2.28390262, 27.89402249, -0.23833732,  7.16089753,
       -5.33282242]), array([11.19493655, -1.92237733, 27.65568517, -0.69066985,  9.44480015,
       -5.0944851 ]), array([ 9.27255922, -1.35663033, 26.96501532, -1.05253588, 11.36717748,
       -4.40381524]), array([ 7.9159289 , -0.58530426, 25.91247943, -1.31956192, 12.7238078 ,
       -3.35127936]), array([ 7.33062464,  0.03175659, 24.59291752, -1.18028747, 13.30911206,
       -2.03171744]), array([ 7.36238123,  0.52540527, 23.41263004, -0.92724637, 13.27735547,
       -0.85142997]), array([ 7.8877865 ,  0.92032422, 22.48538367, -0.64508998, 12.7519502 ,
        0.0758164 ]), array([ 8.80811072,  1.23625938, 21.84029369, -0.35999759, 11.83162598,
        0.72090638]), array([10.0443701 ,  1.4890075 , 21.4802961 , -0.09335742, 10.5953666 ,
        1.08090398]), array([11.5333776 ,  1.691206  , 21.38693867,  0.11279493,  9.1063591 ,
        1.1742614 ])]

Actions: [array([0.06727013, 0.5       ]), array([0.06727013, 0.5       ]), array([0.06727013, 0.5       ]), array([0.06727013, 0.5       ]), array([0.06727013, 0.5       ]), array([-0.5       , -0.11585981]), array([-0.5       , -0.20311062]), array([-0.5       , -0.25018409]), array([-0.46958704, -0.5       ]), array([-0.39573866, -0.5       ]), array([-0.33389171, -0.5       ]), array([-0.5       , -0.02905966]), array([-0.5       ,  0.06608763]), array([-0.5       ,  0.11202502]), array([ 0.09713496, -0.5       ]), array([ 0.40137417, -0.5       ]), array([ 0.5       , -0.39585419]), array([ 0.5       , -0.23020895]), array([ 0.5       , -0.05381746]), array([0.5       , 0.04707959]), array([0.5       , 0.11686891]), array([0.07709487, 0.5       ]), array([0.16249036, 0.5       ]), array([0.14743736, 0.5       ]), array([ 0.5       , -0.17811017]), array([ 0.5      , -0.3147878]), array([ 0.45260198, -0.5       ]), array([-0.05795751, -0.5       ]), array([-0.5       ,  0.14885153]), array([-0.5       ,  0.16253208]), array([-0.5       ,  0.17261513]), array([-0.5       ,  0.18075187]), array([ 0.03761799, -0.5       ]), array([ 0.11065435, -0.5       ]), array([ 0.15340398, -0.5       ]), array([ 0.19477366, -0.5       ]), array([0.5       , 0.38439176]), array([0.28260781, 0.5       ]), array([0.23329869, 0.5       ]), array([0.19470915, 0.5       ]), array([0.5       , 0.13091562]), array([ 0.5       , -0.08827374]), array([ 0.5       , -0.17093016]), array([-0.5       ,  0.45382604]), array([-0.5       ,  0.40179155]), array([-0.5       ,  0.36445942]), array([-0.5       ,  0.20602975]), array([-0.5       ,  0.17187426]), array([-0.5       ,  0.08090471]), array([-0.5       ,  0.11260284]), array([-0.5       ,  0.29249605]), array([-0.49962011,  0.5       ]), array([-0.1263569,  0.5      ]), array([-0.05020984,  0.5       ]), array([-0.18112676, -0.5       ]), array([-0.11826247, -0.5       ]), array([-0.05876756, -0.5       ]), array([-0.02474948, -0.5       ]), array([ 0.00369157, -0.5       ]), array([ 0.02888166, -0.5       ]), array([ 0.05238934, -0.5       ]), array([ 0.0754985, -0.5      ]), array([ 0.09954135, -0.5       ]), array([-0.18341469, -0.5       ]), array([ 0.5       , -0.30952786]), array([ 0.5       , -0.20713311]), array([ 0.5       , -0.08365535]), array([0.5       , 0.14163687]), array([0.5       , 0.12047855]), array([0.5      , 0.1417318]), array([ 0.5       , -0.25294296]), array([ 0.5       , -0.28409292]), array([ 0.5       , -0.14544275]), array([0.5       , 0.16850729]), array([0.5       , 0.36877039]), array([ 0.5       , -0.13025179]), array([-0.5       ,  0.32183331]), array([-0.5      ,  0.2740617]), array([-0.5       ,  0.24322963]), array([-0.5       ,  0.22053891]), array([-0.5       ,  0.20229593]), array([-0.5       ,  0.18659793]), array([-0.5      , -0.0316328]), array([-0.5       , -0.06329379]), array([-0.5       , -0.09547162]), array([-0.5       , -0.03757567]), array([-0.5       ,  0.49817294]), array([-0.40864787,  0.5       ]), array([-0.5       , -0.37432762]), array([-0.5       , -0.41688644]), array([-0.5       , -0.17696589]), array([-0.09525523, -0.5       ]), array([ 0.18127154, -0.5       ]), array([ 0.5       , -0.47753321]), array([ 0.5       , -0.12463794]), array([0.5       , 0.01698361]), array([0.5       , 0.09670712]), array([0.5       , 0.15607439]), array([0.5       , 0.19464065]), array([0.5       , 0.18748087])]

Trash Locations: [(23.976390756296865, 37.67280124832809), (14.396657719701093, 37.744528046583675), (18.921591924105037, 31.61288504192792), (19.69350903030864, 31.105162642166448), (21.674976995699385, 27.929744869155396), (26.9139528014829, 28.497167178188125), (17.047527765381474, 39.531834775876995), (10.037169705261494, 32.02139691791577), (28.32402679726647, 20.59843854882508), (15.791531181714586, 28.453510255187073)]
Bad
Feature: [0, 101, 5]

States: [array([ 23.70643047,   0.        ,  38.89057538,   0.        ,
        -3.20791914, -16.75512823]), array([ 23.70643047,  -0.09498473,  38.89057538,  -0.5       ,
        -3.20791914, -16.75512823]), array([ 23.61144574,  -0.17097252,  38.39057538,  -0.9       ,
        -3.11293441, -16.25512823]), array([ 23.44047322,  -0.23176275,  37.49057538,  -1.22      ,
        -2.94196188, -15.35512823]), array([ 23.20871046,  -0.28039494,  36.27057538,  -1.476     ,
        -2.71019913, -14.13512823]), array([ 22.92831553,  -0.31930068,  34.79457538,  -1.6808    ,
        -2.42980419, -12.65912823]), array([ 22.60901484,  -0.43693392,  33.11377538,  -1.84464   ,
        -2.11050351, -10.97832823]), array([22.17208093, -0.53876321, 31.26913538, -1.975712  , -1.67356959,
       -9.13368823]), array([21.63331771, -0.53826933, 29.29342338, -2.0805696 , -1.13480638,
       -7.15797623]), array([21.09504839, -0.5204388 , 27.21285378, -2.16445568, -0.59653705,
       -5.07740663]), array([20.57460959, -0.47319057, 25.0483981 , -2.23156454, -0.07609826,
       -2.91295095]), array([20.10141902,  0.12144754, 22.81683356, -2.20179358,  0.39709232,
       -0.68138641]), array([20.22286656,  0.59715803, 20.61503998, -1.87354831,  3.02596074,
       15.584224  ]), array([20.82002459,  0.97772643, 18.74149167, -1.42563661,  2.4288027 ,
       17.4577723 ]), array([21.79775102,  1.28218114, 17.31585506, -0.82353499,  1.45107628,
       18.88340891]), array([23.07993216,  1.52574491, 16.49232008, -0.26645031,  0.16889514,
       19.7069439 ]), array([24.60567707,  1.63210184, 16.22586977,  0.28683975, -1.35684978,
       19.97339421]), array([26.23777891,  1.50650313, 16.51270952,  0.7294718 , -2.98895161,
       19.68655445]), array([27.74428203,  1.29792384, 17.24218132,  1.08357744, -4.49545474,
       18.95708265]), array([29.04220587,  1.07906975, 18.32575876,  1.36686195, -5.79337858,
       17.87350521]), array([30.12127562,  0.77020815, 19.69262072,  1.59348956, -6.87244833,
       16.50664326]), array([30.89148377,  0.45976159, 21.28611028,  1.77479165, -7.64265648,
       14.91315369]), array([31.35124536,  0.36116653, 23.06090193,  1.91983332, -8.10241806,
       13.13836204]), array([31.71241189,  0.26787612, 24.98073525,  2.03586666, -8.46358459,
       11.21852872]), array([31.98028801,  0.17835711, 27.0166019 ,  2.12869332, -8.73146072,
        9.18266207]), array([32.15864512, -0.35731431, 29.14529523,  2.18408939, -8.90981782,
        7.05396874]), array([31.8013308 , -0.78585145, 31.32938462,  1.74131657, -8.55250351,
        4.86987935]), array([31.01547935, -1.12868116, 33.07070119,  1.27777935, -7.76665206,
        3.12856278]), array([29.88679819, -1.40294493, 34.34848055,  0.80157954, -6.63797089,
        1.85078343]), array([28.48385326, -1.42772218, 35.15006009,  0.14126363, -5.23502597,
        1.04920389]), array([27.05613108, -1.64217774, 35.29132372,  0.10415784, -3.80730379,
        0.90794025]), array([25.41395334, -1.81374219, 35.39548155,  0.38884906, -2.16512605,
        0.80378242]), array([23.60021115, -1.95099376, 35.78433061,  0.66119328, -0.35138385,
        0.41493336]), array([21.64921739, -2.060795  , 36.4455239 ,  0.27766478, -6.87339077,
       -1.69161602]), array([19.58842239, -2.00109255, 36.72318867, -0.27786818, -4.81259577,
       -1.96928079]), array([17.58732984, -1.82589458, 36.44532049, -0.72229454, -2.81150322,
       -1.69141261]), array([15.76143526, -1.52538241, 35.72302595, -1.07783564, -0.98560864,
       -0.96911807]), array([14.23605285, -1.72030593, 34.64519031, -1.09934176,  0.43092884,
       -3.84362978]), array([12.51574692, -1.87624474, 33.54584855, -1.10748672,  2.15123477,
       -2.74428801]), array([10.63950218, -2.00099579, 32.43836183, -1.09299062,  4.02747951,
       -1.63680129]), array([ 8.63850639, -1.7567001 , 31.34537121, -1.3743925 ,  6.0284753 ,
       -0.54381067]), array([ 6.88180629, -0.90536008, 29.97097871, -0.92562959,  7.7851754 ,
        0.83058183]), array([ 5.97644622, -0.22428806, 29.04534912, -0.48657362,  8.69053548,
        1.75621141]), array([ 5.75215816,  0.32056955, 28.55877551, -0.11610364,  8.91482354,
        2.24278503]), array([ 6.07272771,  0.75645564, 28.44267187,  0.04120871,  8.59425399,
        2.35888867]), array([ 6.82918335,  1.10516451, 28.48388058,  0.17880073,  7.83779835,
        2.31767996]), array([ 7.93434786,  1.38413161, 28.66268131,  0.30030525,  6.73263384,
        2.13887923]), array([ 9.31847947,  1.60730529, 28.96298655,  0.41002585,  5.34850223,
        1.83857398]), array([10.92578476,  1.78584423, 29.3730124 ,  0.51363523,  3.74119694,
        1.42854813]), array([12.71162899,  1.92867538, 29.88664763,  0.6213989 ,  1.95535271,
        0.91491291]), array([1.46403044e+01, 2.04294031e+00, 3.05080465e+01, 7.51387376e-01,
       2.66773224e-02, 2.93514005e-01]), array([16.68324468,  2.13435225, 31.25943391,  0.28225849, 11.80098217,
        5.80921752]), array([18.81759693,  2.00708599, 31.5416924 , -0.27419321,  9.66662992,
        5.52695903]), array([20.82468291,  1.81146476, 31.26749919, -0.71935456,  7.65954393,
        5.80115224]), array([22.63614768,  1.57606408, 30.54814463, -1.07548365,  5.84807917,
        6.5205068 ]), array([24.21221176,  1.31556643, 29.47266098, -1.36038692,  4.27201509,
        7.59599045]), array([25.52777818,  1.55245314, 28.11227406, -1.1106852 ,  2.95644867,
        8.95637737]), array([27.08023132,  1.74196251, 27.00158886, -0.6661601 ,  1.40399553,
       10.06706258]), array([28.82219383,  1.89357001, 26.33542876, -0.05691719, -0.33796698,
       10.73322267]), array([30.71576384,  1.83910935, 26.27851157, -0.54553375, -2.23153699,
       10.79013986]), array([32.55487319,  1.74958887, 25.73297782,  0.063573  , -4.07064634,
       11.33567361]), array([34.30446206,  1.57491349, 25.79655081,  0.5508584 , -5.82023521,
       11.27210062]), array([35.87937554,  1.34995136, 26.34740921,  0.94068672, -7.39514869,
       10.72124222]), array([37.2293269 ,  1.05331796, 27.28809593,  1.25254937, -8.74510005,
        9.7805555 ]), array([38.28264485,  0.63079892, 28.5406453 ,  1.5020395 , -9.798418  ,
        8.52800613]), array([ 38.91344378,   0.19933219,  30.0426848 ,   1.7016316 ,
       -10.42921693,   7.02596663]), array([ 39.11277597,  -0.34053425,  31.7443164 ,   1.11551129,
       -10.62854912,   5.32433503]), array([ 38.77224172,  -0.7724274 ,  32.85982769,   0.5934457 ,
       -10.28801487,   4.20882374]), array([37.99981432, -0.79509793, 33.45327339,  0.97475656, -9.51558747,
        3.61537804]), array([37.20471639, -0.77725321, 34.42802996,  1.27980525, -8.72048954,
        2.64062148]), array([36.42746317, -0.71657882, 35.7078352 ,  1.5238442 , -7.94323633,
        1.36081623]), array([35.71088436, -0.60194147, 37.2316794 ,  1.71907536, -7.22665751,
       -0.16302797]), array([35.10894289, -0.46176831, 38.95075476,  1.87526029, -6.62471604,
       -1.88210333]), array([34.64717458, -0.5167779 , 40.82601505,  2.00020823, -6.16294773,
       -3.75736362]), array([34.13039668, -0.91342232, 42.82622328,  1.45746689, -5.64616983,
       -5.75757185]), array([33.21697435, -1.23073786, 44.28369017,  0.81909801, -4.7327475 ,
       -7.21503874]), array([31.98623649, -1.14819129, 45.10278818,  0.15527841, -3.50200965,
       -8.03413675]), array([30.83804521, -0.96928572, 45.25806659, -0.37577727, -2.35381836,
       -8.18941516]), array([29.86875948, -0.76906661, 44.88228932, -0.80062182, -1.38453264,
       -7.81363789]), array([29.09969288, -0.55928187, 44.0816675 , -1.14049745, -0.61546603,
       -7.01301607]), array([28.540411  , -0.39867161, 42.94117005, -1.41239796, -0.05618415,
       -5.87251862]), array([28.1417394 ,  0.04745286, 41.52877208, -1.62991837,  0.34248745,
       -4.46012065]), array([28.18919226,  0.3000209 , 39.89885371, -1.8039347 ,  0.29503459,
       -2.83020228]), array([ 2.84892132e+01,  3.00541091e-01,  3.80949190e+01, -1.94314776e+00,
       -4.98631389e-03, -1.02626759e+00]), array([28.78975425,  0.68378169, 36.15177126, -2.05451821, -2.74100584,
       -3.63550575]), array([29.47353594,  1.04702535, 34.09725305, -2.01251078, -3.42478753,
       -1.58098754]), array([30.52056129,  1.33762028, 32.08474228, -1.75293261, -4.47181288,
        0.43152323]), array([31.85818157,  1.27441902, 30.33180966, -1.90234609, -5.80943316,
        2.18445585]), array([33.13260059,  1.16893944, 28.42946357, -2.02187687, -7.08385218,
        4.08680194]), array([34.30154003,  0.82806482, 26.4075867 , -2.1175015 , -8.25279162,
        6.10867881]), array([35.12960485,  0.27077384, 24.2900852 , -2.1940012 , -9.08085644,
        8.22618031]), array([35.40037869, -0.28338093, 22.096084  , -1.51424536, -9.35163028,
       10.42018151]), array([35.11699776, -0.72670474, 20.58183865, -0.74601051, -9.06824935,
       11.93442687]), array([34.39029301, -0.97511735, 19.83582813, -0.09680841, -8.3415446 ,
       12.68043738]), array([33.41517567, -1.05419648, 19.73901972,  0.42255327, -7.36642726,
       12.77724579]), array([32.36097919, -1.05625452, 20.16157299,  0.83804262, -6.31223078,
       12.35469252]), array([31.30472466, -1.00310088, 20.99961561,  1.17043409, -5.25597625,
       11.5166499 ]), array([30.30162379, -0.90515846, 22.1700497 ,  1.43634727, -4.25287538,
       10.34621581]), array([29.39646533, -0.74851054, 23.60639698,  1.64907782, -3.34771692,
        8.90986853]), array([28.64795479, -0.53525948, 25.2554748 ,  1.81926226, -2.59920638,
        7.26079071]), array([28.11269531, -0.21010085, 27.07473705,  1.9554098 , -2.0639469 ,
        5.44152846])]

Actions: [array([-0.09498473, -0.5       ]), array([-0.09498473, -0.5       ]), array([-0.09498473, -0.5       ]), array([-0.09498473, -0.5       ]), array([-0.09498473, -0.5       ]), array([-0.18149337, -0.5       ]), array([-0.18921608, -0.5       ]), array([-0.10725875, -0.5       ]), array([-0.08982334, -0.5       ]), array([-0.05683954, -0.5       ]), array([ 0.5       , -0.41654194]), array([ 0.5       , -0.11211344]), array([0.5       , 0.07320204]), array([0.5      , 0.3169743]), array([0.5       , 0.39237768]), array([0.41150591, 0.5       ]), array([0.20082166, 0.5       ]), array([0.09272134, 0.5       ]), array([0.04073068, 0.5       ]), array([-0.09304765,  0.5       ]), array([-0.15640493,  0.5       ]), array([-0.00664274,  0.5       ]), array([-0.0210571,  0.5      ]), array([-0.03594379,  0.5       ]), array([-0.5       ,  0.48113473]), array([-0.5       , -0.00595494]), array([-0.5      , -0.1152739]), array([-0.5       , -0.22064394]), array([-0.30536623, -0.5       ]), array([-0.5       , -0.00885307]), array([-0.5       ,  0.30552279]), array([-0.5       ,  0.35011404]), array([-0.5       , -0.25128985]), array([-0.35245655, -0.5       ]), array([-0.22502054, -0.5       ]), array([-0.06466674, -0.5       ]), array([-0.5       , -0.23707326]), array([-0.5       , -0.22801331]), array([-0.5       , -0.20700124]), array([-0.15590346, -0.5       ]), array([0.5       , 0.17388441]), array([0.5       , 0.25393005]), array([0.5       , 0.27315526]), array([0.5       , 0.13409162]), array([0.5       , 0.14583376]), array([0.5       , 0.15726466]), array([0.5       , 0.16978165]), array([0.5       , 0.18561455]), array([0.5       , 0.21049072]), array([0.5       , 0.25426825]), array([ 0.5       , -0.31885141]), array([ 0.29960419, -0.5       ]), array([ 0.20579597, -0.5       ]), array([ 0.12689227, -0.5       ]), array([ 0.05471516, -0.5       ]), array([ 0.5       , -0.02237567]), array([0.5       , 0.22238807]), array([0.5       , 0.47601089]), array([ 0.32425334, -0.5       ]), array([0.27830139, 0.5       ]), array([0.17524239, 0.5       ]), array([0.09002057, 0.5       ]), array([-0.02664313,  0.5       ]), array([-0.21185544,  0.5       ]), array([-0.30530695,  0.5       ]), array([-0.5       , -0.24579399]), array([-0.5       , -0.29896333]), array([-0.17715601,  0.5       ]), array([-0.14117487,  0.5       ]), array([-0.09477625,  0.5       ]), array([-0.02867842,  0.5       ]), array([0.01978487, 0.5       ]), array([-0.14736325,  0.5       ]), array([-0.5       , -0.14269969]), array([-0.5      , -0.3468755]), array([-0.163601, -0.5     ]), array([-0.05073269, -0.5       ]), array([ 0.00636197, -0.5       ]), array([ 0.05597142, -0.5       ]), array([ 0.04875389, -0.5       ]), array([ 0.36639015, -0.5       ]), array([ 0.26205862, -0.5       ]), array([ 0.06052437, -0.5       ]), array([ 0.44334882, -0.5       ]), array([ 0.5       , -0.36889621]), array([ 0.5       , -0.14292399]), array([ 0.20432279, -0.5       ]), array([ 0.14940423, -0.5       ]), array([-0.10708673, -0.5       ]), array([-0.39167802, -0.5       ]), array([-0.5      ,  0.2409556]), array([-0.5       ,  0.46538577]), array([-0.39375355,  0.5       ]), array([-0.2741026,  0.5      ]), array([-0.21289734,  0.5       ]), array([-0.15809726,  0.5       ]), array([-0.10267775,  0.5       ]), array([-0.02438377,  0.5       ]), array([0.06354894, 0.5       ]), array([0.21810674, 0.5       ])]

Trash Locations: [(20.498511334281467, 22.13544714444013), (23.248827295176653, 36.19926397268839), (14.775826617224553, 34.753907876040806), (14.666981695227605, 30.80156053548461), (28.484226849432076, 37.06865143074523)]