-49491.98046874998
-35106.589843749985
-33209.906249999985
-36161.246093749985
-36486.207031249985
-39785.363281249985
-34133.839843749985
-39296.535156249985
-34335.82421875
-27294.91015624999
-23362.708984374993
-21423.080078124993
-22453.527343749993
-21209.240234374993
-18689.640624999993
-17952.442871093743
-17227.945312499993
-16352.19824218749
-15289.984374999993
-15209.3359375
-14935.905761718743
-14723.0341796875
-14262.414062499993
-14201.353515624993
-14018.306640624993
-14010.5703125
-13728.908203124993
-13527.004882812493
-13491.787109374993
-13160.427734374993
-13247.057617187493
-13332.896484374993
-13430.291015624993
-13293.870117187493
-13093.173828124993
-13066.476562499993
-13219.212890624993
-13206.421874999993
-13271.826171874993
-13081.134765624993
-13001.651367187493
-12986.782226562493
-13125.314453124993
-13156.718749999993
-13255.374999999993
-12962.566406249993
-12999.033203124993
-13170.501953124993
-12982.654296874993
-13207.572265624993
-12949.999023437493
-13015.076171874993
-13001.476562499993
-13065.214843749993
-13096.302734374993
-13080.185546874993
-13010.696289062493
-12979.123046874993
-12991.078124999993
-12934.775390624993
-13043.311523437493
-12971.430664062493
-13176.187499999993
-13040.017578124993
-13098.318359374993
-13098.687499999993
-13095.653320312493
-13108.708984374993
-12902.364257812495
-12800.542968749993
-13127.614257812493
-12947.763671874993
-12898.563476562493
-13307.955078124993
-13136.776367187493
-12785.444335937493
-12869.499023437493
-13117.212890624993
-13143.062499999993
-13049.410156249993
-12781.349609374995
-13017.721679687493
-13033.379882812493
-12797.424804687493
-12872.886718749993
-12888.758789062493
-12891.333984374993
-12846.563476562495
-12896.225585937493
-13070.383789062493
-12841.123046874993
-12789.751953124993
-13012.163085937493
-13097.610351562493
-12952.654296874993
-12919.262695312493
-13187.619140624993
-13051.615234374993
-13012.027343749993
-12903.673828124995
