-49491.98793622043
-29293.986844202125
-22879.672575799246
-23061.229268752948
-26616.991303937713
-28384.234304129925
-28971.832085365837
-28325.176066606462
-22905.22451135901
-19775.526821892825
-19504.89026018155
-17769.451673738513
-17375.919420663744
-16324.467555313517
-14856.67029548113
-13418.824071319028
-13282.362130378577
-13893.460273189567
-12009.69463708161
-12163.090914133632
-12563.112478638379
-11996.252325864367
-10891.82200736436
-10708.472782503246
-10240.738157742917
-10763.270542607821
-9947.553645329663
-10130.320193209045
-9255.793696731354
-9390.64956946708
-10313.734182864708
-9878.048741515408
-9492.823787612793
-9860.34339080585
-8951.745160774768
-9033.176454392004
-8673.949007342108
-8729.567831932842
-8587.307564568297
-8547.119910860802
-8726.554425981902
-8244.066787325759
-8474.094020377966
-8259.466853397054
-8949.95643671995
-8180.102496263881
-8113.769059425072
-8386.497600927125
-8138.465583413895
-8228.122167272892
-8092.332663132952
-7968.0858850804725
-7831.459720904811
-8042.5890659124925
-7972.246138571562
-7829.387499632336
-7785.351132522094
-7714.381986651043
-7778.5701093936195
-7692.057867358002
-7634.470769280798
-7607.650029262511
-7705.363556563677
-7807.396097076114
-7783.818741535186
-7789.419895565516
-7652.930948190209
-7649.846781842412
-7670.019751852512
-7535.067811765126
-7615.095894210457
-7509.0755810484725
-7484.84656243936
-7517.435555873305
-7581.2610990490775
-7485.9900809802075
-7500.131891276399
-7526.207804424363
-7553.090446935204
-7479.24939120409
-7526.919596882022
-7490.12575406481
-7414.835822001522
-7395.310502713821
-7412.183764936279
-7373.026243539786
-7412.32609592721
-7408.926477787844
-7406.55167931998
-7465.858401275133
-7441.4769920299
-7343.45229492303
-7444.278786685018
-7467.357472477648
-7433.278429204275
-7376.215799328704
-7441.437555919647
-7371.516804506556
-7412.7459342159955
-7439.66254456256
