-19530.73793622042
-20160.33134929256
-19514.934248717014
-17942.526805687703
-17497.47902912046
-17345.358472529006
-16561.36867733264
-14257.811592984377
-12693.313518327956
-11606.191492952534
-10300.252705059987
-8608.095804585999
-8483.554532977378
-7500.508514464651
-6369.66314123247
-5549.963203490975
-5581.716872577217
-5008.467380134104
-4784.998518820606
-4608.10469501923
-4417.171424044318
-4355.552213334693
-4224.931711851311
-4122.620538628288
-4104.572213697632
-4055.587985102986
-3966.423302650026
-3984.5220095958903
-3894.3043665729433
-3934.1950279334533
-3842.0761091543636
-3886.662183088899
-3819.05604081297
-3875.1343604135204
-3825.6893025612844
-3785.242822276768
-3827.977618406927
-3787.688463708479
-3770.5932055859435
-3813.652758824907
-3844.1677919075205
-3801.7976676757003
-3789.080119665221
-3724.2325239160173
-3754.1406173478404
-3763.833656573279
-3717.799689510875
-3779.2662847612264
-3742.6681468431843
-3747.5876510940807
-3737.5150426039677
-3706.343468587244
-3788.992068020253
-3783.979044125538
-3705.0700306806275
-3730.202934320966
-3743.212495148981
-3766.638089811609
-3737.3415827727563
-3749.7900739415295
-3762.078895890493
-3690.195639214292
-3729.9507676700678
-3717.531837427422
-3720.8342114835737
-3679.9543265392895
-3745.667362171108
-3731.2232344678814
-3813.630881049099
-3753.0568218566054
-3681.378715937105
-3694.029772551189
-3754.8271767390493
-3627.971104206933
-3745.5406717248493
-3792.9605170172317
-3698.2642825294147
-3698.477858768263
-3751.8293515334785
-3685.67638656895
-3678.8635412112176
-3736.487816786945
-3710.894444257922
-3763.6915623805958
-3756.6522231391828
-3731.274692963274
-3747.5996180647503
-3744.080118976036
-3738.741210430074
-3747.9007498231267
-3738.6367398648813
-3756.0181697219073
-3689.678103100272
-3775.1266276956912
-3685.170675139724
-3734.2772663852884
-3700.1336424791384
-3687.8776399561743
-3758.2932406955238
-3773.69117375479
