0.4496583965246952
0.6138762409895436
0.8205202620863629
0.8505672866158517
0.6651467843373688
0.6227055661098803
0.5308253959028402
0.4749000078072063
0.4566497626321423
0.5047920149461995
0.6173927827854874
0.6509912269370521
0.5961200722640987
0.5396791770972615
0.45906171894577047
0.41669194435501455
0.41589193204985686
0.3998274581488789
0.39241510891048165
0.3816520854030585
0.37077562151859383
0.36823500362932554
0.36544710578767997
0.3635164205813699
0.3629686871469706
0.3602606693862213
0.35798145462255665
0.3617079823670175
0.3574871044266327
0.3654094745103467
0.3568424863249648
0.3579470428157586
0.35075866601954697
0.3581020457382383
0.35789591450929326
0.35609989863612124
0.35766895082703004
0.3541294919996388
0.3517567745503518
0.35868733847452483
0.3613126849835875
0.3590922351556351
0.3548463640322228
0.3507476423771294
0.34921468908857306
0.3555889919309835
0.3514948525760595
0.35300659579139987
0.3546167004186061
0.34972889879087266
0.35318153337958674
0.35002562149368205
0.3560678599160735
0.35507588413749164
0.34830898978330593
0.3513689345578853
0.35297664165045217
0.354866457276093
0.3532328293767204
0.354630607869685
0.3536272946333843
0.35007509101080914
0.34879431402795835
0.35026334091861666
0.34861039005166633
0.34647694468419477
0.35141020945465
0.34984341091504495
0.35937245240834953
0.3576324349401457
0.3470025839656516
0.3504460892100127
0.3556298327222102
0.3385677139787617
0.34990584266163166
0.36107663391956807
0.35198591842225946
0.3473789325711206
0.3505774564654371
0.3478435891760576
0.35267066715128104
0.3519566784706843
0.3498836773981231
0.35842944448982544
0.3566637271616019
0.3542279167945652
0.3556343957718268
0.3563065747439281
0.3545910254189605
0.35165749916775385
0.3556918470414978
0.3580068655754748
0.3487850910974639
0.3530523820703343
0.3496459562053155
0.3538085851628417
0.34605111451773934
0.3479716369642986
0.35393343210249417
0.35688026859363847
