0.4496583965246952
0.6129643081788183
0.6251121755689436
0.5419824336126599
0.5268762911557021
0.48724855617209634
0.531989762103685
0.42075084747201513
0.4269831413926533
0.47746728075300987
0.49171229307118175
0.45619437516093875
0.4343879949454063
0.41240284324411325
0.40073826289084075
0.3719524796013775
0.3854469260181389
0.3693515833193133
0.37540870339229837
0.3663439249558618
0.3597649767622646
0.3598474104802973
0.3602072785093428
0.35481579224500626
0.3570913934911782
0.3540599431214027
0.3535545501745998
0.35869107081765106
0.3533111092525998
0.36267352796981783
0.35457455444892205
0.3559171558264559
0.3494191440278529
0.3559068389749672
0.3565356915482848
0.3542643680471698
0.3541604512420924
0.3516420022302077
0.3491861027739856
0.35594361174963984
0.3596975300982827
0.3570393399765338
0.35334959786775283
0.3482424314386155
0.34837831269221364
0.3548739802532031
0.3509140897577812
0.3517718048852644
0.35298353890047585
0.3488591386113118
0.35328260450298576
0.3497933748670505
0.35584316352428613
0.3542019070998433
0.34809931492210966
0.3501629873266746
0.35245667728487123
0.3547337317742079
0.35244086715887246
0.3544541540862002
0.35311759234574236
0.34953279420973843
0.3482567432434063
0.35007827391378876
0.34915388000056025
0.3463093916356675
0.35093036766086555
0.34966969341571624
0.3596143164448136
0.3574498270297108
0.3458453018575499
0.35027470749586026
0.3555490744366312
0.3387421770687398
0.35010763181483995
0.36060183447289895
0.3521511521753166
0.3472325027672397
0.35041859128668584
0.3476724763349417
0.35257298852984253
0.35184591065281035
0.3497472944407212
0.35827016986414606
0.35620578356424293
0.35408910479713124
0.3551877618498826
0.3558596978057404
0.3544630668611409
0.35158835890210244
0.3555866456658363
0.3578851554602841
0.348687058165862
0.35293620432887285
0.34955499052637673
0.35367901564231424
0.3459781918556104
0.34778249618922036
0.3534835502475367
0.3567731985959473
