-49491.98793622043
-29322.321786397148
-23006.398141625614
-22872.219767980096
-26241.801784437772
-25994.609666852943
-25599.40364014373
-23819.711505436622
-22663.79631946044
-21213.152235675305
-21364.60930288426
-20058.10700001832
-20098.002003011905
-19096.532229098735
-18466.848603451235
-16295.186196715678
-17189.887968867697
-16009.40971141812
-14905.76023178125
-17275.643589524865
-14219.929753946552
-14949.293110320854
-14207.13844292429
-12739.71041290531
-12738.49970664395
-13393.33836308101
-12342.22360617937
-12050.24479898857
-11125.00155779834
-11323.455358293857
-10774.599154123756
-11145.384783156504
-11744.788794612316
-10538.991303248798
-10033.180274099685
-10534.07423915661
-9556.007050059196
-9460.631012294434
-9125.26772574208
-9244.707022572682
-9245.41254921419
-8677.01307069145
-9205.287356009378
-8926.608816650789
-9280.063578567753
-8758.658636028928
-8634.255605031918
-8657.506533208605
-8587.016635693708
-8491.645718941058
-8466.870779734078
-8207.932202451098
-8224.78484303021
-8429.053298677918
-8206.71382520535
-8151.682728441368
-8253.020474050338
-8114.783205959562
-8443.049258363404
-8041.993998581251
-7936.349778938576
-7929.474369689422
-7926.820097480144
-7988.576899016179
-8137.226251042554
-7979.316097553254
-7875.824119168174
-7887.411141923117
-7767.379349338053
-7661.877461563095
-7756.067720268565
-7656.418603142929
-7635.416947848362
-7662.77885774402
-7756.824422722651
-7564.523303855485
-7593.53594693324
-7616.144027142279
-7639.244401238776
-7563.143470782185
-7478.855497224812
-7537.139027602227
-7494.619769224225
-7395.912295512282
-7501.816087709191
-7428.4461223221615
-7412.2015484298845
-7544.85826800465
-7401.50052672524
-7505.948655272546
-7499.782965817132
-7390.335389031042
-7492.92489039709
-7515.862879163183
-7408.068927079917
-7454.302360948905
-7490.023254291447
-7408.118549031913
-7431.388159487675
-7459.79933200732
