54.475
16.925
6.75
9.425
18.525
23.3
23.625
24.925
17.775
14.75
17.025
14.475
12.6
11.425
7.8
5.025
4.675
8.425
4.2
3.55
6.8
5.5
3.45
3.45
2.8
3.725
2.8
3.0
1.7
1.8
5.3
2.925
2.075
4.2
1.75
2.45
1.125
1.5
1.625
1.275
2.125
1.125
0.975
0.95
3.225
0.9
0.775
1.675
1.325
1.35
1.0
0.925
0.475
1.0
0.95
0.45
0.475
0.275
0.775
0.55
0.25
0.425
0.525
1.15
0.275
1.025
0.35
0.175
0.725
0.525
0.425
0.3
0.175
0.275
0.35
0.475
0.7
0.4
0.375
0.4
0.85
0.5
0.35
0.35
0.275
0.25
0.35
0.325
0.35
0.4
0.6
0.375
0.4
0.225
0.5
0.275
0.3
0.25
0.35
0.475
