-22254.487936220437
-20960.513808806303
-19613.933201827338
-18584.995966144375
-17836.094941889165
-17120.886444860385
-16702.089925021686
-14832.424862448494
-13310.045337913942
-11915.616212052637
-10814.136358170073
-9802.398293689153
-9555.002057137759
-8566.634383533645
-7559.828065021764
-6854.281796062508
-6591.063394749826
-5998.550136616733
-5756.994602104024
-5605.808363881359
-5375.463629500662
-5341.407164134454
-5211.323171577454
-5098.853016611816
-5035.384369458292
-5000.876403711764
-4854.2736953205585
-4866.421120365622
-4782.0855994848425
-4779.5500277311885
-4710.787053265633
-4756.557648190708
-4712.020254234696
-4738.849303611812
-4676.211073906604
-4635.494578023494
-4675.297641761643
-4636.027961885416
-4636.119091653906
-4653.883014884502
-4678.988111836202
-4636.8098845649665
-4637.349409067837
-4582.019153291209
-4618.3712842777695
-4600.392383239956
-4560.834042953457
-4632.044914198576
-4585.046889200156
-4607.468434226738
-4578.629191533721
-4555.551064454184
-4630.644158197008
-4629.739237924044
-4562.51948975388
-4584.619028786133
-4588.321930002137
-4606.949331442211
-4580.3568009735845
-4588.46267143536
-4610.0961663110975
-4537.588049606379
-4592.868475531398
-4568.22920918244
-4574.831650420518
-4539.783192659521
-4598.677641993209
-4587.722435037067
-4641.952657410972
-4578.132407205019
-4542.354973127806
-4538.40936477667
-4587.6758505307
-4511.211817420055
-4602.439199085498
-4612.888918374055
-4535.220187393223
-4558.762773735643
-4609.5026468042115
-4541.4930678262335
-4508.02369043885
-4582.279026721876
-4560.074340552589
-4587.736677021416
-4587.210011300794
-4566.487735098772
-4582.180358573724
-4573.5077744894825
-4573.890920783523
-4597.607068825468
-4568.040827673387
-4579.517666021563
-4539.555196232628
-4624.951147578327
-4530.151593369406
-4573.578635334291
-4564.5419852600435
-4542.827082891425
-4601.393081453413
-4606.2600444978825
