-22254.487936220437
-20847.321786397097
-19531.398141625614
-18322.219767980125
-16954.30178443779
-16907.109666852917
-17761.90364014369
-16057.211505436655
-15426.296319460405
-14425.652235675294
-12377.109302884315
-11858.107000018315
-13335.502003011996
-12109.03222909875
-11941.84860345118
-12257.686196715764
-12714.88796886769
-10971.909711418128
-10430.760231781234
-12213.143589524823
-10844.92975394658
-10436.79311032087
-11519.638442924277
-10977.210412905311
-10450.999706643945
-10855.838363081017
-10342.223606179361
-10087.744798988551
-9700.001557798332
-9898.455358293857
-9312.099154123744
-9307.884783156498
-9994.788794612325
-9051.491303248815
-8983.180274099674
-8346.574239156587
-8818.507050059194
-8660.63101229443
-8550.267725742076
-8407.207022572678
-8132.912549214173
-8414.513070691453
-8517.78735600938
-8351.608816650789
-7717.563578567749
-8083.658636028932
-8171.755605031916
-8032.506533208609
-7849.5166356937025
-7991.64571894106
-8054.370779734076
-7770.432202451106
-7962.284843030199
-8054.053298677904
-7869.213825205361
-7826.682728441367
-8040.520474050337
-8002.28320595956
-7380.549258363399
-7591.9939985812525
-7798.849778938573
-7816.974369689419
-7639.320097480142
-7451.076899016169
-7987.226251042552
-7554.316097553255
-7713.324119168174
-7812.411141923114
-7579.879349338048
-7461.877461563093
-7593.567720268569
-7543.918603142927
-7472.916947848363
-7537.77885774402
-7531.824422722655
-7464.5233038554825
-7306.035946933244
-7491.144027142281
-7514.244401238776
-7488.1434707821945
-7291.355497224814
-7399.639027602227
-7382.11976922423
-7345.912295512282
-7351.816087709194
-7365.946122322161
-7362.201548429881
-7332.358268004655
-7351.500526725237
-7368.448655272541
-7224.782965817122
-7277.835389031037
-7380.424890397087
-7453.36287916318
-7295.568927079918
-7341.802360948898
-7390.02325429145
-7370.618549031914
-7318.88815948768
-7297.299332007317
