54.475
27.075
8.575
6.45
17.95
21.075
29.75
34.125
34.175
26.1
15.375
12.0
14.575
15.9
18.95
19.6
19.475
18.85
18.325
18.525
18.525
18.575
18.425
18.075
17.875
17.875
17.6
17.325
17.35
16.75
17.1
17.2
17.525
17.1
16.85
16.85
16.875
17.0
17.15
16.7
16.575
16.6
16.9
17.0
17.25
16.7
16.85
17.0
16.7
17.15
16.775
16.925
16.75
16.825
17.075
16.925
16.825
16.75
16.775
16.7
16.85
16.85
17.15
16.95
17.1
17.125
16.975
17.05
16.55
16.45
17.1
16.825
16.625
17.625
17.1
16.325
16.7
17.125
17.075
17.025
16.55
16.875
16.95
16.425
16.55
16.65
16.6
16.525
16.65
16.95
16.55
16.425
16.95
16.95
16.85
16.7
17.25
17.025
16.8
16.6
