-49491.98046874998
-29872.994140624993
-23288.916015624996
-22934.972656249996
-26923.578124999993
-28545.855468749993
-32389.542968749985
-29519.88476562499
-22610.015624999993
-17978.080078124993
-18226.591796874993
-18227.378906249993
-18779.972656249993
-17066.619140624993
-16847.277343749993
-16329.255371093743
-15891.041503906243
-15136.031249999993
-14744.476562499993
-14480.789062499993
-14350.445312499993
-14316.388671875
-13998.807617187493
-13911.337890624993
-13822.869140624993
-13713.361328124993
-13466.755859374993
-13266.404296874993
-13419.572265624993
-12992.035156249993
-13210.770507812493
-13319.041992187493
-13337.004882812493
-13213.833007812493
-13051.197265624993
-13010.479492187493
-13050.284179687493
-13086.011718749993
-13223.604492187493
-13003.868164062493
-12978.971679687493
-12949.293945312493
-13087.332031249993
-13119.502929687493
-13255.857421874993
-12950.375976562493
-12973.320312499993
-13094.531249999993
-12935.029296874993
-13182.451171874993
-12966.113281249993
-13018.035156249993
-13005.630859374993
-13054.723632812493
-13087.505859374993
-12997.105468749993
-13000.806640624993
-12994.434570312493
-12967.842773437493
-12950.947265624993
-13060.083984374993
-12975.072265624993
-13155.354492187493
-13043.215820312493
-13099.816406249993
-13102.268554687493
-13086.163085937493
-13112.708007812493
-12916.939453124993
-12803.118164062495
-13092.337890624993
-12925.893554687493
-12900.160156249993
-13323.698242187493
-13127.424804687493
-12775.374999999993
-12885.207031249993
-13121.248046874993
-13146.987304687493
-13053.978515624993
-12783.009765624993
-13019.763671874993
-13035.059570312493
-12800.221679687493
-12862.193359374993
-12891.471679687493
-12894.665039062493
-12835.993164062493
-12898.875976562493
-13085.093749999993
-12843.025390624993
-12779.500976562493
-13014.541015624993
-13099.935546874993
-12967.638671874993
-12923.564453124993
-13189.526367187493
-13055.311523437493
-13013.876953124993
-12906.244140624995
