0.4496583965246952
0.7111181880087822
0.8524891477874613
0.7956526972139676
0.6520080014216425
0.5895608852726771
0.5922763888319436
0.5600203871391821
0.6119880861419855
0.627064296874491
0.5635709872524661
0.5926998686911484
0.637429257843592
0.650065156450351
0.737491650387755
0.81276302702484
0.8240147364561138
0.6967997952152399
0.8251412659972251
0.8540666996135481
0.7293664284403142
0.77076174080876
0.841624294003917
0.8389126035956779
0.8632911047587465
0.8269578012903196
0.8592618798635683
0.8519296555892143
0.9081656281621564
0.9041599845311806
0.7430610530565435
0.8519444438603131
0.8907069146955154
0.7870256727612445
0.9022536964262412
0.8643887887959516
0.9351506448188852
0.9140850939657648
0.9053836148419282
0.9254134718304415
0.8782451872600957
0.9317691117125867
0.9424717263193343
0.9424902347292979
0.8198315252815944
0.9449884643614758
0.9522416774298165
0.9001370965744516
0.9185964487765154
0.917964271035645
0.9382131184154237
0.9419559469274822
0.9696735974564192
0.9378309651404177
0.9404182972096348
0.971262119800487
0.9694939899360633
0.9821761483631586
0.9501836462806912
0.9642488389008386
0.9836268938898861
0.9720675899676469
0.9659328209404993
0.9263518857182951
0.9823351487790575
0.9342056267512602
0.977132944072704
0.9885618624143306
0.9527380617354424
0.9651628881706755
0.9720949016332734
0.9800241722991073
0.9883097135966555
0.9817091880631328
0.9769167691610106
0.9682740696379744
0.9533341539757321
0.9734261921545095
0.9751757242525679
0.9732593486941075
0.9435359984214454
0.9666227232747951
0.9763986682644088
0.9763363553246636
0.981449461540545
0.9830463101756174
0.9763906771322216
0.9780669978994689
0.9763722704469036
0.9732113858513781
0.9596854226222421
0.9744670500372654
0.9731337305156119
0.9849344295603041
0.9663674645876595
0.981359005248666
0.9798426044869951
0.9830428386294143
0.9763920143017139
0.9680765090382244
