-22254.487936220437
-20847.32574453241
-19531.389800005836
-18322.148184991154
-16954.064838300634
-16916.11729075603
-17759.824297475458
-16111.46020129424
-15466.529894257303
-14508.715257396147
-12454.129187821087
-11804.736511499232
-13292.677598767294
-12865.019067987228
-12302.852889146041
-11705.415524381731
-12338.364879731618
-12115.562861024793
-12182.122229184479
-11392.219483678582
-10558.879480212712
-11499.498862022196
-10635.652702941657
-10387.169920196486
-10610.901374415642
-10354.925491024978
-10236.771153359441
-10065.303512619103
-9251.433113125579
-10039.827344291236
-9083.537601106525
-8972.08167665552
-9814.60740152251
-9286.477587319754
-8864.655207364702
-8506.438496364426
-9208.032478859335
-8787.412390642112
-8354.415559751898
-8579.771569989967
-8095.050417814176
-8440.344988849645
-8541.820375118996
-8544.578739387976
-7888.079004888062
-8220.310045400209
-8235.818107095802
-8034.16290288215
-7813.760753667743
-8012.270174915105
