-22254.487936220437
-20824.729312150237
-19483.245140869996
-18399.049706858892
-17525.284725069672
-16789.653585861677
-16657.69264279593
-15483.891252917703
-13742.37953646434
-12162.49088600451
-11008.569392047091
-10183.772788857135
-10411.378537599803
-9358.064306459682
-8893.569242553856
-8294.233906333533
-8309.977892943274
-7483.746968824069
-7072.527849037391
-7101.228713795497
-6758.0365130432165
-6680.54385077078
-6499.2898018102005
-6382.732203687423
-6344.911726384492
-6330.671728119388
-6165.895430934348
-6175.98990403829
-6081.435585152711
-6015.155464174115
-5919.710427510917
-5973.783302832187
-5938.060566178619
-5959.409494069246
-5835.313335662804
-5760.480172568548
-5823.896342439218
-5788.958557910853
-5914.190502132352
-5848.880970623153
-5825.7372194861055
-5747.821773614987
-5786.297155585204
-5780.164164316857
-5788.344543664552
-5678.9529151595725
-5683.164078725545
-5794.131744384705
-5690.488859145374
-5748.140132179253
