-19530.73793622042
-19974.643889073435
-19156.143437156374
-17903.491280277613
-16488.984842931008
-15496.09504110991
-15691.817952177085
-13539.096678489237
-12378.187096909878
-10901.708825648355
-10121.922066845033
-10194.321992151736
-10457.891015090772
-9231.113652324528
-9534.975003378333
-9522.80992310025
-9767.37278115494
-8182.0436846389375
-8624.011848517981
-9303.502700870273
-8079.2918999704225
-8288.36699916331
-8096.303934098886
-8011.091314338633
-7717.594725028683
-7839.0224826280555
-7621.6831899833105
-7858.579359461104
-7601.616341000171
-7779.943105755602
-7223.166055996815
-7556.134611439144
-7693.858910032433
-6941.430431753705
-7222.99168381443
-7226.993351000952
-7597.348018526531
-7436.479885184529
-7559.512586356007
-7529.855723310573
-6903.108186432139
-7130.7335233066915
-7438.8512016662135
-7496.769363052563
-7286.084955107047
-7268.821824506379
-7390.605758723995
-7409.596535775435
-7172.9001186662845
-7162.860105466474
