-49491.98046875
-29337.208984375
-22783.224609375
-23124.0234375
-27362.771484375
-28639.625
-32007.650390625
-30283.84765625
-23304.837890625
-18162.45703125
-18508.533203125
-18258.751953125
-18623.849609375
-16708.03515625
-16531.04296875
-15731.7060546875
-14772.4482421875
-14321.21875
-13735.0048828125
-13126.205078125
-13045.5146484375
-12755.5263671875
-12311.767578125
-11870.2119140625
-11482.392578125
-11368.1513671875
-11253.375
-11000.9697265625
-11168.9169921875
-10802.6337890625
-10944.69140625
-11023.763671875
-10950.5390625
-10996.8896484375
-10847.7958984375
-10910.4609375
-10786.376953125
-10876.439453125
-10714.1708984375
-10648.861328125
-10688.216796875
-10722.802734375
-10723.779296875
-10717.6435546875
-10775.8251953125
-10741.435546875
-10683.1455078125
-10669.115234375
-10615.4677734375
-10785.62109375
