-49491.98793622043
-29310.893889073468
-22772.393437156392
-23100.991280277565
-27145.234842930986
-28682.34504110994
-29111.817952176993
-27151.596678489186
-21054.43709690989
-19399.20882564839
-18701.922066845076
-16533.071992151752
-16466.64101509076
-16023.61365232447
-15488.72500337835
-13895.309923100245
-12751.12278115493
-13847.043684638897
-12281.511848517981
-11434.752700870278
-12369.291899970454
-11712.11699916329
-10983.803934098907
-10802.34131433864
-10577.594725028655
-10534.022482628063
-10027.933189983332
-9701.079359461122
-9279.11634100018
-8934.943105755588
-9478.166055996815
-9192.384611439164
-8903.85891003242
-9993.930431753695
-9010.491683814409
-8959.493351000961
-8436.098018526529
-8453.97988518453
-8178.262586356015
-8354.855723310555
-9254.358186432133
-8368.233523306695
-8263.851201666233
-8060.519363052556
-8344.834955107044
-8011.321824506372
-7830.605758723994
-7918.346535775429
-7970.400118666284
-8139.110105466479
