-49491.98793622043
-29337.22931215015
-22783.245140870025
-23124.049706858892
-27362.784725069698
-28639.65358586185
-32007.692642795882
-30283.891252917696
-23304.879536464287
-18162.49088600451
-18508.56939204711
-18258.77278885717
-18623.878537599787
-16708.064306459684
-16531.069242553822
-15731.733906333518
-14772.47789294327
-14321.246968824125
-13735.027849037398
-13126.228713795488
-13045.536513043215
-12755.543850770777
-12311.789801810177
-11870.232203687407
-11482.41172638453
-11368.171728119418
-11253.395430934353
-11000.989904038292
-11168.935585152709
-10802.655464174128
-10944.710427510941
-11023.783302832178
-10950.560566178607
-10996.909494069212
-10847.813335662813
-10910.480172568557
-10786.396342439217
-10876.458557910846
-10714.190502132366
-10648.880970623159
-10688.237219486093
-10722.821773614985
-10723.797155585184
-10717.664164316899
-10775.844543664542
-10741.452915159509
-10683.164078725564
-10669.13174438474
-10615.488859145375
-10785.640132179235
