8.975
12.375
11.325
11.275
10.775
11.375
10.725
8.875
9.4
7.175
7.775
7.475
9.075
7.975
8.975
7.875
6.625
6.475
6.175
9.025
8.475
5.85
6.425
7.775
11.475
10.925
12.875
16.75
13.075
16.2
13.825
11.425
12.65
10.425
11.15
13.8
13.975
12.525
12.725
14.5
14.35
13.1
11.575
9.7
8.275
11.3
7.175
5.8
8.35
7.15
7.475
7.3
6.1
5.425
5.975
6.225
6.8
6.0
5.85
5.425
5.525
5.3
5.175
6.65
6.3
5.4
5.275
5.7
5.1
5.225
5.4
5.3
5.425
5.275
5.275
5.475
5.15
5.7
5.475
5.175
5.275
5.25
5.175
5.175
5.175
5.275
5.1
5.15
5.05
5.15
5.2
5.125
5.175
5.05
5.075
5.075
5.6
5.375
5.025
5.425
