-14146.487431588926
-13407.896837066399
-12893.064127956935
-12282.924915908601
-11487.985398081582
-9958.918593110662
-9861.05973499949
-10530.997649560008
-10290.837018432441
-10119.427566878809
-10318.024271895965
-10969.168797803843
-9432.630474084448
-9929.333464223355
-9559.838024789238
-9775.116940438773
-9648.609141273104
-9846.166012513891
-9572.497499202682
-8719.498584125493
-8691.058289463179
-9164.535405941277
-7057.0671307348075
-6178.718335058446
-5428.1579465914765
-5480.481610577521
-4964.474530683806
-4647.850039271231
-4923.86834323568
-4760.100601000489
-4866.124717102777
-4972.469603297397
-4866.280312974128
-5015.464180583817
-4995.325227752803
-4523.448767156779
-4501.302689358407
-4572.762192775165
-4570.084253735823
-4245.078544129794
-4205.095156914948
-4097.591906886386
-4270.588429041087
-4013.0317705651555
-3880.0682408521157
-3442.1227067196332
-4269.055519385787
-3805.076178969453
-3358.042137468424
-3195.284239487254
-3134.607371065496
-3063.037545999755
-3022.3084169165404
-2987.5521328471723
-2872.9047351553413
-2911.868037374019
-2783.617866811842
-2770.504415705455
-2668.2105835015213
-2685.2540717010497
-2690.0473315143
-2642.1742883410616
-2653.454371823199
-2555.4488919554533
-2548.632684473146
-2531.1058363341976
-2518.74475615923
-2477.7640144533316
-2501.02563291578
-2478.689870839353
-2447.288759687178
-2443.7870407081036
-2423.8433339553276
-2409.7644640290982
-2406.5017268864312
-2376.712281231638
-2396.512062634211
-2357.1175386617892
-2370.4282885774714
-2366.179455932929
-2359.7751432544387
-2361.7179480450104
-2339.8013581502605
-2346.1830352007332
-2328.868737406258
-2336.5886592083875
-2337.3938284200462
-2330.0808724160665
-2344.1150338761245
-2357.4535736022717
-2331.8680387036247
-2329.989909728704
-2314.669825023979
-2330.249914306426
-2318.0832655935
-2313.874813070337
-2273.525267971905
-2283.9457418520165
-2304.7501861665705
-2284.6748204693213
