-1036.532958984375
-995.9749145507812
-973.115234375
-581.4782104492188
-492.8006896972656
-383.557861328125
-137.97793579101562
-146.38970947265625
86.33305358886719
120.42459869384766
102.4747543334961
184.22872924804688
344.1448974609375
189.02606201171875
360.67547607421875
247.80319213867188
318.07855224609375
587.7105712890625
565.8515014648438
631.6731567382812
798.5059204101562
745.6845092773438
909.3518676757812
954.5685424804688
869.2459106445312
836.1112060546875
941.0032958984375
976.3671875
942.2716674804688
998.3302001953125
1210.756591796875
1227.837890625
1082.1298828125
1067.1142578125
1215.750244140625
1147.120849609375
1382.1207275390625
1372.740478515625
1249.858642578125
1523.75048828125
1362.748779296875
1423.8736572265625
1329.751220703125
1459.374267578125
1451.128173828125
1565.876708984375
1672.2513427734375
1695.882080078125
1606.12841796875
1616.2449951171875
