-13697.737431588906
-12789.14683706642
-12326.814127956935
-11719.174915908607
-10949.235398081586
-9390.168593110668
-9324.80973499948
-10087.24764956001
-9820.837018432434
-9760.6775668788
-9929.274271895967
-10595.418797803839
-8978.880474084457
-9530.583464223364
-9111.088024789227
-9381.366940438771
-9317.359141273098
-9522.416012513882
-9263.74749920268
-8268.248584125486
-8267.308289463179
-8872.035405941282
-6735.817130734821
-5789.968335058447
-4854.407946591478
-4934.231610577519
-4320.7245306838095
-3810.3500392712203
-4270.118343235681
-3950.100601000472
-4174.87471710278
-4401.219603297401
-4233.780312974129
-4494.214180583815
-4437.825227752803
-3833.4487671567813
-3802.5526893584065
-3946.5121927751693
-3933.8342537358285
-3520.0785441297994
-3487.5951569149547
-3442.591906886379
-3691.8384290410877
-3528.0317705651496
-3466.318240852116
-2877.1227067196346
-3910.305519385787
-3515.0761789694625
-2940.5421374684256
-2837.784239487251
-2760.857371065492
-2698.0375459997526
-2717.308416916538
-2716.302132847173
-2574.154735155341
-2600.618037374021
-2443.61786681184
-2470.5044157054554
-2375.71058350152
-2414.0040717010497
-2413.797331514298
-2377.1742883410634
-2394.704371823199
-2222.948891955453
-2233.6326844731475
-2261.105836334199
-2254.9947561592307
-2192.764014453336
-2246.0256329157783
-2217.43987083935
-2177.288759687178
-2178.7870407081
-2152.5933339553258
-2146.014464029097
-2142.751726886434
-2102.9622812316366
-2139.012062634208
-2072.1175386617915
-2096.6782885774714
-2107.42945593293
-2096.0251432544346
-2099.2179480450086
-2081.051358150257
-2087.4330352007337
-2070.1187374062556
-2072.838659208386
-2082.3938284200453
-2072.5808724160634
-2091.6150338761245
-2099.953573602271
-2071.8680387036243
-2073.739909728703
-2055.9198250239833
-2077.7499143064256
-2064.333265593502
-2060.124813070337
-1993.5252679719074
-2015.1957418520155
-2053.5001861665687
-2013.4248204693213
