170.54291424400003
172.00933358125002
234.56526461174985
259.06977500599976
278.20101429649947
326.85700260024953
330.88321229374935
330.0533845874994
307.1999755689996
322.2609402362492
346.6752818022495
379.5815012804992
380.1749973604993
390.064654417999
367.7306903254993
396.6166349807491
372.0044994157493
349.7458467072492
365.27274451224923
385.39258149824917
389.2485586532493
372.7424518409995
377.75151688074925
403.97276350524913
391.07505208549895
386.1458559772492
401.4597360594994
400.9368388207492
394.06821072499906
409.2712272417492
409.7498831587492
428.17847151399883
413.5926522807492
440.7195814194987
414.1697199434992
397.8795209797494
405.96644435499917
390.85381133699923
407.6020491662493
436.4461209744991
426.4314991204991
411.37096040799906
435.7185450029989
457.04275318199916
438.5410639122489
443.12325885499905
434.29101306699874
445.8977358607491
426.9498962294989
417.2409250974991
