170.53965759277344
171.99508666992188
234.5580596923828
259.0450439453125
278.18084716796875
326.814453125
330.837158203125
330.0543212890625
307.173095703125
322.2183837890625
346.6764221191406
379.57000732421875
380.1754150390625
390.064453125
367.7157897949219
396.62109375
372.00732421875
349.73858642578125
365.2630310058594
385.3990478515625
389.2492980957031
372.7455139160156
377.7536315917969
403.9657287597656
391.06695556640625
386.13970947265625
401.4567565917969
400.9337158203125
394.0836486816406
409.25439453125
409.74884033203125
428.1681213378906
413.586669921875
440.69842529296875
414.158203125
397.874267578125
405.9656066894531
390.847900390625
407.601318359375
436.44549560546875
426.418212890625
411.37725830078125
435.713623046875
457.0400390625
438.5419921875
443.1259765625
434.30426025390625
445.894287109375
426.9497985839844
417.23016357421875
