
Optimal
Feature: [0, 93, 8]

States: [array([25.97379979,  0.        , 24.0280199 ,  0.        , -4.0027385 ,
        8.33492589]), array([25.97379979, -0.17063527, 24.0280199 ,  0.5       , -4.0027385 ,
        8.33492589]), array([25.80316453, -0.31178672, 24.5280199 ,  0.9       , -3.83210324,
        7.83492589]), array([25.4913778 , -0.42634409, 25.4280199 ,  1.22      , -3.52031651,
        6.93492589]), array([25.06503371, -0.52153232, 26.6480199 ,  1.476     , -3.09397242,
        5.71492589]), array([24.54350139, -0.91722585, 28.1240199 ,  1.54890368, -2.5724401 ,
        4.23892589]), array([23.62627554, -1.23378068, 29.67292358,  1.36944719, -1.65521425,
        2.69002221]), array([22.39249486, -1.48702455, 31.04237078,  1.17472153, -0.42143357,
        1.32057502]), array([20.90547031, -1.68961964, 32.21709231,  0.97603662, -9.71189692,
        1.18153365]), array([19.21585068, -1.85169571, 33.19312892,  0.77334883, -8.02227729,
        0.20549703]), array([17.36415497, -1.98135657, 33.96647775,  0.56354496, -6.17058158,
       -0.5678518 ]), array([15.3827984 , -2.08508525, 34.53002272,  0.32672126, -4.18922501,
       -1.13139677]), array([13.29771315, -1.97087494, 34.85674398, -0.23862299, -2.10413975,
       -1.45811803]), array([11.32683821, -1.57025525, 34.61812099, -0.69089839, -0.13326482,
       -1.21949503]), array([ 9.75658296, -1.08384677, 33.92722259, -1.05271871, 13.31986169,
        3.30303539]), array([ 8.67273619, -0.36707741, 32.87450388, -0.73505584, 14.40370846,
        4.35575411]), array([ 8.30565877,  0.20633807, 32.13944804, -0.28560585, 14.77078587,
        5.09080995]), array([ 8.51199684,  0.66507045, 31.85384219,  0.09096244, 14.5644478 ,
        5.37641579]), array([ 9.1770673 ,  1.03205636, 31.94480463,  0.41688156, 13.89937735,
        5.28545335]), array([10.20912366,  1.32564509, 32.36168619,  0.65097286, 12.86732099,
        4.8685718 ]), array([11.53476875,  1.56051607, 33.01265904,  0.84630517, 11.5416759 ,
        4.21759894]), array([13.09528482,  1.74841286, 33.85896421,  1.01044662,  9.98115982,
        3.37129377]), array([14.84369768,  1.89873029, 34.86941083,  1.1499185 ,  8.23274696,
        2.36084715]), array([16.74242797,  2.01898423, 36.01932933,  0.69853745,  6.33401668,
        1.21092866]), array([18.7614122 ,  2.11518738, 36.71786678,  0.17700621,  4.31503245,
        0.5123912 ]), array([20.87659958,  2.13836209, 36.89487299, -0.35839503,  2.19984506,
        0.33538499]), array([23.01496167,  2.01285906, 36.53647796, -0.78671603,  0.06148297,
        0.69378002]), array([ 25.02782074,   1.11028725,  35.74976194,  -0.95495017,
       -14.13900552, -10.18366566]), array([ 26.13810799,   0.3882298 ,  34.79481176,  -1.0340472 ,
       -15.24929277,  -9.22871548]), array([ 26.52633779,  -0.18941616,  33.76076456,  -0.97789409,
       -15.63752257,  -8.19466828]), array([ 26.33692162,  -0.65153293,  32.78287047,  -0.86114566,
       -15.44810641,  -7.21677419]), array([ 25.6853887 ,  -1.02122634,  31.92172481,  -0.74447571,
       -14.79657348,  -6.35562854]), array([ 24.66416235,  -1.31698107,  31.17724911,  -0.63113867,
       -13.77534714,  -5.61115283]), array([ 23.34718128,  -1.55358486,  30.54611043,  -0.68207768,
       -12.45836607,  -4.98001415]), array([ 21.79359642,  -1.74286789,  29.86403275,  -0.83951446,
       -10.90478121,  -4.29793647]), array([20.05072853, -1.89429431, 29.02451829, -0.97332175, -9.16191332,
       -3.45842201]), array([18.15643422, -2.01543545, 28.05119654, -0.9197486 , -7.26761901,
       -2.48510026]), array([16.14099878, -2.11234836, 27.13144794, -0.85395645, -5.25218356,
       -1.56535166]), array([14.02865042, -2.18987869, 26.27749149, -0.78325143, -3.1398352 ,
       -0.71139521]), array([11.83877173, -2.25190295, 25.49424007, -0.70546592, -0.94995652,
        0.07185621]), array([ 9.58686878, -1.30152236, 24.78877414, -0.46962567, 13.38573202,
        4.141741  ]), array([ 8.28534642, -0.54121789, 24.31914847, -0.27291988, 14.68725438,
        4.61136667]), array([ 7.74412853,  0.06702569, 24.04622859, -0.11013751, 15.22847227,
        4.88428655]), array([ 7.81115422,  0.55362055, 23.93609108,  0.02414756, 15.16144658,
        4.99442406]), array([ 8.36477478,  0.94289644, 23.96023865,  0.13484856, 14.60782603,
        4.97027649]), array([ 9.30767122,  1.25431715, 24.09508721,  0.26699747, 13.66492958,
        4.83542793]), array([10.56198837,  1.50345372, 24.36208468,  0.47040431, 12.41061243,
        4.56843046]), array([12.06544209,  1.70276298, 24.83248899,  0.64500029, 10.90715871,
        4.09802615]), array([13.76820507,  1.86221038, 25.47748928,  0.79640646,  9.20439573,
        3.45302586]), array([15.63041545,  1.98976831, 26.27389575,  0.92974935,  7.34218535,
        2.65661939]), array([17.62018376,  2.09181464, 27.2036451 ,  1.04998265,  5.35241704,
        1.72687004]), array([19.7119984 ,  2.17345172, 28.25362775,  0.9419336 ,  3.2606024 ,
        0.67688739]), array([21.88545012,  2.23876137, 29.19556136,  0.80924007,  1.08715068,
       -0.26504622]), array([ 24.12421149,   2.2910091 ,  30.00480143,   0.60275035,
       -11.34928199,  -8.05088368]), array([ 26.41522059,   1.33280728,  30.60755179,   0.11675599,
       -13.64029109,  -8.65363404]), array([ 27.74802787,   0.56624582,  30.72430777,  -0.22932186,
       -14.97309837,  -8.77039002]), array([ 28.31427369,  -0.04700334,  30.49498591,  -0.4892644 ,
       -15.53934419,  -8.54106817]), array([ 28.26727035,  -0.53760267,  30.00572152,  -0.67854203,
       -15.49234085,  -8.05180377]), array([ 27.72966768,  -0.93008214,  29.32717949,  -0.81492018,
       -14.95473817,  -7.37326174]), array([ 26.79958554,  -1.24406571,  28.51225931,  -0.91100565,
       -14.02465604,  -6.55834156]), array([ 25.55551983,  -1.49525257,  27.60125366,  -0.87151054,
       -12.78059032,  -5.64733591]), array([ 24.06026726,  -1.69620206,  26.72974312,  -0.81333245,
       -11.28533776,  -4.77582537]), array([22.3640652 , -1.85696164, 25.91641068, -0.73911801, -9.5891357 ,
       -3.96249293]), array([20.50710356, -1.98556932, 25.17729267, -0.64083735, -7.73217406,
       -3.22337492]), array([18.52153424, -2.08845545, 24.53645532, -1.00425187, -5.74660474,
       -2.58253757]), array([16.43307879, -2.11933673, 23.53220345, -1.3034015 , -3.65814929,
       -1.5782857 ]), array([14.31374206, -2.08532627, 22.22880195, -1.5427212 , -1.53881255,
       -0.2748842 ]), array([12.22841579, -2.16826101, 20.68608076, -1.47126724,  0.54651371,
        1.26783699]), array([10.06015478, -1.69493876, 19.21481352, -0.67701379,  2.55100307,
       18.77541895]), array([ 8.36521602, -1.27718889, 18.53779973, -0.04161103,  4.24594183,
       19.45243274]), array([ 7.08802713, -0.9134852 , 18.49618869,  0.46671117,  5.52313072,
       19.49404378]), array([ 6.17454193, -0.59900117, 18.96289987,  0.87336894,  6.43661592,
       19.0273326 ]), array([ 5.57554076, -0.31295794, 19.83626881,  1.19869515,  7.03561709,
       18.15396366]), array([ 5.26258282, -0.0664666 , 21.03496396,  1.45895612,  7.34857502,
       16.95526851]), array([ 5.19611623,  0.14644014, 22.49392008,  1.6671649 ,  7.41504162,
       15.49631239]), array([ 5.34255637,  0.33474807, 24.16108497,  1.83373192,  7.26860148,
       13.8291475 ]), array([ 5.67730444,  0.71400768, 25.99481689,  1.96698553,  6.93385341,
       11.99541558]), array([ 6.39131211,  1.07120614, 27.96180243,  1.91626536,  6.21984573,
       10.02843004]), array([ 7.46251825,  1.35696491, 29.87806779,  1.80942076,  5.14863959,
        8.11216469]), array([ 8.81948317,  1.31783994, 31.68748855,  1.94753661,  3.79167468,
        6.30274392]), array([10.13732311,  1.25694896, 33.63502516,  2.05802929,  2.47383474,
        4.35520731]), array([11.39427207,  1.18775843, 35.69305445,  2.14642343,  1.21688578,
        2.29717802]), array([1.25820305e+01, 1.10902819e+00, 3.78394779e+01, 2.21713874e+00,
       2.91273488e-02, 1.50754590e-01]), array([ 13.69105869,   0.93272096,  40.05661663,   1.273711  ,
         2.33997556, -16.17150849]), array([ 14.62377965,   0.75878519,  41.33032762,   0.5189688 ,
         1.4072546 , -17.44521948]), array([ 15.38256484,   0.61189826,  41.84929642,  -0.08482496,
         0.64846941, -17.96418828]), array([ 1.59944631e+01,  4.91740070e-01,  4.17644715e+01, -5.67859970e-01,
        3.65711522e-02, -1.78793633e+01]), array([ 16.48620317,   0.38215388,  41.19661149,  -0.95428798,
        -0.45516892, -17.31150335]), array([ 16.86835705,   0.28309606,  40.24232351,  -1.26343038,
        -0.83732279, -16.35721537]), array([ 17.15145311,   0.19381572,  38.97889313,  -1.5107443 ,
        -1.12041886, -15.09378499]), array([ 17.34526883,   0.11321927,  37.46814882,  -1.70859544,
        -1.31423457, -13.58304069]), array([ 1.74584881e+01, -3.04451547e-02,  3.57595534e+01, -1.86687635e+00,
       -1.42745384e+00, -1.18744452e+01]), array([ 17.42804294,  -0.1616544 ,  33.89267702,  -1.99350108,
        -1.39700869, -10.00756889]), array([17.26638854, -0.28484158, 31.89917594, -2.09480087, -1.23535429,
       -8.0140678 ]), array([16.98154696, -0.20274625, 29.80437507, -2.17584069, -0.95051271,
       -5.91926694]), array([16.77880072, -0.12292215, 27.62853438, -2.24067256, -0.74776646,
       -3.74342624]), array([16.65587856, -0.3590394 , 25.38786183, -2.29253804, -0.62484431,
       -1.50275369]), array([16.29683916, -0.58874901, 23.09532378, -2.33403044, -0.26580491,
        0.78978436]), array([15.70809016,  0.0290008 , 20.76129335, -2.27304334,  1.62766719,
        8.46206127]), array([15.73709095,  0.52320064, 18.48825   , -1.92986396,  1.5986664 ,
       10.73510462]), array([16.26029159,  0.80450219, 16.55838605, -1.04389117,  1.07546576,
       12.66496857])]

Actions: [array([-0.17063527,  0.5       ]), array([-0.17527851,  0.5       ]), array([-0.17691471,  0.5       ]), array([-0.18045704,  0.5       ]), array([-0.5       ,  0.36810368]), array([-0.5       ,  0.13032425]), array([-0.5       ,  0.07916378]), array([-0.5       ,  0.03625939]), array([-0.5       , -0.00748046]), array([-0.5      , -0.0551341]), array([-0.5       , -0.12411471]), array([-0.30280673, -0.5       ]), array([ 0.0064447, -0.5      ]), array([ 0.17235743, -0.5       ]), array([0.5       , 0.10711913]), array([0.5       , 0.30243883]), array([0.5       , 0.31944712]), array([0.5      , 0.3441116]), array([0.5       , 0.31746761]), array([0.5       , 0.32552689]), array([0.5       , 0.33340248]), array([0.5       , 0.34156121]), array([ 0.5       , -0.22139735]), array([ 0.5       , -0.38182375]), array([ 0.44621218, -0.5       ]), array([ 0.30216939, -0.5       ]), array([-0.5       , -0.32557735]), array([-0.5       , -0.27008706]), array([-0.5       , -0.15065633]), array([-0.5       , -0.07883038]), array([-0.5       , -0.05555918]), array([-0.5      , -0.0355581]), array([-0.5       , -0.17716675]), array([-0.5       , -0.29385231]), array([-0.5       , -0.30171018]), array([-0.5      , -0.1410912]), array([-0.5       , -0.11815756]), array([-0.5       , -0.10008627]), array([-0.5       , -0.07886478]), array([0.5       , 0.09474706]), array([0.5       , 0.10278066]), array([0.5      , 0.1081984]), array([0.5       , 0.11225757]), array([0.5       , 0.11553051]), array([0.5       , 0.15911862]), array([0.5       , 0.25680634]), array([0.5       , 0.26867684]), array([0.5       , 0.28040623]), array([0.5       , 0.29262418]), array([0.5       , 0.30618317]), array([0.5       , 0.10194748]), array([0.5       , 0.05569319]), array([ 0.5      , -0.0446417]), array([-0.5      , -0.3654443]), array([-0.5       , -0.32272665]), array([-0.5       , -0.30580691]), array([-0.5       , -0.28713052]), array([-0.5       , -0.27208655]), array([-0.5      , -0.2590695]), array([-0.5       , -0.14270602]), array([-0.5       , -0.11612402]), array([-0.5       , -0.08845205]), array([-0.5       , -0.04954295]), array([-0.5       , -0.49158199]), array([-0.44857237, -0.5       ]), array([-0.38985688, -0.5       ]), array([-0.5       , -0.23709028]), array([0.03967005, 0.5       ]), array([0.07876212, 0.5       ]), array([0.10826592, 0.5       ]), array([0.13178699, 0.5       ]), array([0.166243, 0.5     ]), array([0.18389975, 0.5       ]), array([0.19961342, 0.5       ]), array([0.21759596, 0.5       ]), array([0.44620922, 0.5       ]), array([0.5       , 0.34267693]), array([0.5       , 0.27640848]), array([0.23226801, 0.5       ]), array([0.202677, 0.5     ]), array([0.18219927, 0.5       ]), array([0.15882145, 0.5       ]), array([ 0.04549841, -0.5       ]), array([ 0.01260842, -0.5       ]), array([ 0.00487011, -0.5       ]), array([ 0.00222146, -0.5       ]), array([-0.01123818, -0.5       ]), array([-0.02262704, -0.5       ]), array([-0.03266113, -0.5       ]), array([-0.04183331, -0.5       ]), array([-0.12102057, -0.5       ]), array([-0.13729828, -0.5       ]), array([-0.15551806, -0.5       ]), array([ 0.02512702, -0.5       ]), array([ 0.03927484, -0.5       ]), array([-0.26070168, -0.5       ]), array([-0.30151749, -0.5       ]), array([ 0.5     , -0.405819]), array([ 0.5       , -0.11142928]), array([0.38594168, 0.5       ])]

Trash Locations: [(21.97106129020027, 32.362945791882346), (11.193573391036328, 33.39862595221142), (23.076444647122933, 37.2302579848428), (10.88881521274915, 25.566096279743594), (22.97260080193685, 28.93051514082407), (12.774929503482191, 21.953917748626754), (12.611157846917951, 37.99023247077445), (16.031034255784352, 23.885108138609176)]