
Optimal
Feature: [0, 93, 8]

States: [array([17.69981893,  0.        , 31.99863854,  0.        , 11.24032115,
        6.28072858]), array([17.69981893,  0.5       , 31.99863854,  0.33264665, 11.24032115,
        6.28072858]), array([18.19981893,  0.9       , 32.33128519,  0.60490518, 10.74032115,
        5.94808194]), array([19.09981893,  1.22      , 32.93619037,  0.82289133,  9.84032115,
        5.34317676]), array([20.31981893,  1.476     , 33.75908169,  1.00070864,  8.62032115,
        4.52028543]), array([21.79581893,  1.6808    , 34.75979033,  1.14322412,  7.14432115,
        3.5195768 ]), array([23.47661893,  1.84464   , 35.90301445,  1.25762248,  5.46352115,
        2.37635268]), array([25.32125893,  1.975712  , 37.16063692,  0.90582716,  3.61888115,
        1.1187302 ]), array([27.29697093,  2.0805696 , 38.06646409,  0.54033634,  1.64316915,
        0.21290304]), array([29.37754053,  2.16445568, 38.60680043,  0.15708908, -0.43740045,
       -0.3274333 ]), array([ 3.15419962e+01,  1.23156454e+00,  3.87638895e+01,  3.61159763e-02,
       -1.43942074e+01, -2.11288845e+00]), array([ 32.77356075,   0.48525164,  38.80000548,  -0.04660191,
       -15.62577193,  -2.14900443]), array([ 33.25881239,  -0.11179869,  38.75340358,  -0.10840227,
       -16.11102357,  -2.10240252]), array([ 33.1470137 ,  -0.58943895,  38.64500131,  -0.15456031,
       -15.99922487,  -1.99400025]), array([ 32.55757474,  -0.97155116,  38.49044099,  -0.18882321,
       -15.40978592,  -1.83943994]), array([ 31.58602358,  -1.27724093,  38.30161778,  -0.21393559,
       -14.43823476,  -1.65061673]), array([ 30.30878265,  -1.52179274,  38.08768219,  -0.23193507,
       -13.16099383,  -1.43668113]), array([ 28.78698991,  -1.7174342 ,  37.85574712,  -0.24433455,
       -11.63920108,  -1.20474607]), array([27.06955571, -1.87394736, 37.61141257, -0.20155592, -9.92176689,
       -0.96041151]), array([25.19560835, -1.99915789, 37.40985665, -0.15191397, -8.04781953,
       -0.7588556 ]), array([23.19645047, -2.09932631, 37.25794269, -0.09401393, -6.04866165,
       -0.60694163]), array([21.09712416, -2.17946105, 37.16392875, -0.1945765 , -3.94933534,
       -0.5129277 ]), array([18.91766311, -2.24356884, 36.96935225, -0.29812873, -1.76987429,
       -0.3183512 ]), array([ 1.66740943e+01, -2.29485507e+00,  3.66712235e+01, -4.09528342e-01,
        4.73694544e-01, -2.02224714e-02]), array([ 14.37923921,  -1.60454484,  36.26169518,  -0.82762267,
         9.93189661, -13.9876615 ]), array([ 12.77469437,  -0.96040919,  35.43407251,  -1.16209814,
        11.53644145, -13.16003882]), array([ 11.81428518,  -0.30013496,  34.27197437,  -1.42967851,
        12.49685064, -11.99794068]), array([ 11.51415022,   0.25989203,  32.84229586,  -1.57722942,
        12.7969856 , -10.56826217]), array([11.77404225,  0.70791362, 31.26506644, -1.63745623, 12.53709357,
       -8.99103275]), array([12.48195587,  1.0663309 , 29.62761021, -1.63750246, 11.82917995,
       -7.35357652]), array([13.54828677,  1.35306472, 27.99010775, -1.59453685, 10.76284905,
       -5.71607406]), array([14.90135149,  1.58245178, 26.3955709 , -1.52461191,  9.40978433,
       -4.12153721]), array([16.48380327,  1.76596142, 24.87095899, -1.22670622,  7.82733255,
       -2.59692531]), array([18.24976469,  1.91276914, 23.64425278, -0.92315624,  6.06137113,
       -1.37021909]), array([20.16253383,  2.03021531, 22.72109654, -0.57928605,  4.148602  ,
       -0.44706285]), array([22.19274913,  2.12417225, 22.14181049, -0.22878027,  2.11838669,
        0.1322232 ]), array([ 2.43169214e+01,  2.19933780e+00,  2.19130302e+01,  1.45848957e-01,
       -5.78556081e-03,  3.61003473e-01]), array([26.51625918,  1.6268443 , 22.05887917,  0.61667917, -0.47007513,
       12.22325261]), array([28.14310348,  1.0913444 , 22.67555834,  0.99334333, -2.09691943,
       11.60657344]), array([29.23444788,  0.62994654, 23.66890167,  1.29467467, -3.18826383,
       10.61323011]), array([29.86439442,  0.20626257, 24.96357634,  1.53573973, -3.81821037,
        9.31855544]), array([30.07065699, -0.18602065, 26.49931607,  1.72859179, -4.02447294,
        7.78281571]), array([29.88463634, -0.64881652, 28.22790786,  1.80580488, -3.83845229,
        6.05422392]), array([29.23581981, -1.01905322, 30.03371274,  1.76733339, -3.18963576,
        4.24841904]), array([28.21676659, -1.31524257, 31.80104612,  1.6395855 , -2.17058255,
        2.48108565]), array([26.90152402, -1.55219406, 33.44063162,  1.44721682, -0.85533997,
        0.84150016]), array([ 25.34932996,  -1.74175525,  34.88784844,   0.85932164,
       -15.26087232,  -8.83609742]), array([ 23.60757471,  -1.8934042 ,  35.74717008,   0.30554286,
       -13.51911708,  -9.69541906]), array([ 21.71417051,  -2.01472336,  36.05271293,  -0.22521977,
       -11.62571288, -10.00096192]), array([19.69944716, -2.05184554, 35.82749317, -0.68017581, -9.61098952,
       -9.77574215]), array([17.64760162, -2.00458286, 35.14731736, -1.04414065, -7.55914398,
       -9.09556634]), array([15.64301876, -1.89673202, 34.10317671, -1.33531252, -5.55456112,
       -8.05142569]), array([13.74628674, -1.74135583, 32.76786419, -1.56825002, -3.6578291 ,
       -6.71611317]), array([12.0049309 , -1.54278081, 31.19961417, -1.75460001, -1.91647327,
       -5.14786315]), array([10.46215009, -0.85698202, 29.44501416, -1.90368001, -0.37369246,
       -3.39326314]), array([ 9.60516808, -0.18558561, 27.54133415, -1.89358456,  0.48328956,
       -1.48958313]), array([ 9.41958246,  0.35153151, 25.64774958, -1.73544082,  0.66887517,
        0.40400143]), array([ 9.77111397,  0.62298118, 23.91230877, -0.88835265, 13.37028532,
       15.63112643]), array([10.39409515,  0.81013651, 23.02395612, -0.21068212, 12.74730414,
       16.51947908]), array([11.20423166,  0.93172674, 22.81327399,  0.3314543 , 11.93716763,
       16.73016121]), array([12.1359584 ,  0.9710279 , 23.1447283 ,  0.76516344, 11.00544089,
       16.3987069 ]), array([13.1069863 ,  0.96574583, 23.90989174,  1.11213075, 10.03441299,
       15.63354346]), array([14.07273213,  0.94553398, 25.02202249,  1.3897046 ,  9.06866716,
       14.52141271]), array([15.01826611,  0.90833301, 26.41172709,  1.61176368,  8.12313318,
       13.13170811]), array([15.92659912,  0.86838221, 28.02349078,  1.78941095,  7.21480017,
       11.51994442]), array([16.79498133,  0.9392121 , 29.81290172,  1.93152876,  6.34641796,
        9.73053348]), array([17.73419343,  1.02465577, 31.74443048,  2.04522301,  5.40720586,
        7.79900472]), array([18.75884921,  1.13492625, 33.78965348,  2.1361784 ,  4.38255009,
        5.75378172]), array([19.89377546,  1.28628955, 35.92583189,  2.20894272,  3.24762383,
        3.61760331]), array([21.180065  ,  1.52903164, 38.13477461,  2.21729939,  1.96133429,
        1.40866059]), array([22.70909664,  1.50288288, 40.352074  ,  1.27383951,  0.43230265,
       -0.8086388 ]), array([ 24.21197952,   1.40962303,  41.62591351,   0.51907161,
       -11.76272264, -20.09419892]), array([ 25.62160255,   1.28526792,  42.14498512,  -0.08474271,
       -13.17234567, -20.61327053]), array([ 26.90687047,   0.86763208,  42.0602424 ,  -0.56779417,
       -14.45761358, -20.52852782]), array([ 27.77450254,   0.43870925,  41.49244823,  -0.95423534,
       -15.32524566, -19.96073364]), array([ 28.21321179,  -0.04374741,  40.53821289,  -1.26338827,
       -15.76395491, -19.00649831]), array([ 28.16946438,  -0.53499793,  39.27482462,  -1.47344354,
       -15.72020749, -17.74311004]), array([ 27.63446644,  -0.92799835,  37.80138108,  -1.58352784,
       -15.18520956, -16.2696665 ]), array([ 26.7064681 ,  -1.24239868,  36.21785324,  -1.64284528,
       -14.25721122, -14.68613865]), array([ 25.46406942,  -1.49391894,  34.57500795,  -1.66989908,
       -13.01481254, -13.04329337]), array([ 23.97015048,  -1.69513515,  32.90510887,  -1.67299267,
       -11.5208936 , -11.37339428]), array([22.27501533, -1.85610812, 31.2321162 , -1.65799856, -9.82575845,
       -9.70040161]), array([20.41890721, -1.9848865 , 29.57411763, -1.79490511, -7.96965033,
       -8.04240304]), array([18.43402071, -1.91039204, 27.77921252, -1.93592409, -5.98476383,
       -6.24749793]), array([16.52362867, -1.79952671, 25.84328843, -2.04873927, -4.07437179,
       -4.31157384]), array([14.72410197, -1.62427911, 23.79454916, -2.13899142, -2.27484509,
       -2.26283457]), array([13.09982286, -1.43381924, 21.65555774, -2.21119313, -0.65056598,
       -0.12384315]), array([11.66600362, -0.64705539, 19.44436461, -1.79451466, 13.96391146,
       10.43805748]), array([ 1.10189482e+01, -1.76443132e-02,  1.76498499e+01, -1.09096552e+00,
        1.46109669e+01,  1.22325721e+01]), array([11.00130391,  0.48588455, 16.55888443, -0.4356216 , 14.62861117,
       13.32353766]), array([11.48718846,  0.83918698, 16.12326282,  0.15150272, 14.14272662,
       13.75915927]), array([12.32637544,  1.02621638, 16.27476554,  0.62120217, 13.30353964,
       13.60765655]), array([13.35259182,  1.14415244, 16.89596771,  0.99696174, 12.27732326,
       12.98645437]), array([14.49674426,  1.22361537, 17.89292945,  1.29756939, 11.13317082,
       11.98949264]), array([15.72035963,  1.26678731, 19.19049884,  1.53805551,  9.90955545,
       10.69192324]), array([16.98714694,  1.49962508, 20.72855436,  1.73044441,  8.64276814,
        9.15386773]), array([18.48677203,  1.69970007, 22.45899877,  1.87368713,  7.14314305,
        7.42342332]), array([20.18647209,  1.85976005, 24.3326859 ,  1.97906301,  5.44344299,
        5.54973619]), array([22.04623215,  1.98780804, 26.31174891,  2.05374281,  3.58368293,
        3.57067318]), array([24.03404019,  2.09024643, 28.36549172,  1.26833214,  1.59587489,
        1.51693037]), array([26.12428663,  2.07022645, 29.63382385,  0.51466571, -0.49437155,
        0.24859823])]

Actions: [array([0.5       , 0.33264665]), array([0.5       , 0.33878786]), array([0.5       , 0.33896719]), array([0.5       , 0.34239557]), array([0.5       , 0.34265721]), array([0.5       , 0.34304318]), array([ 0.5       , -0.10027082]), array([ 0.5       , -0.18432539]), array([ 0.5    , -0.27518]), array([-0.5       , -0.08955529]), array([-0.5       , -0.07549469]), array([-0.5       , -0.07112075]), array([-0.5      , -0.0678385]), array([-0.5       , -0.06517496]), array([-0.5       , -0.06287703]), array([-0.5       , -0.06078659]), array([-0.5      , -0.0587865]), array([-0.5       , -0.00608828]), array([-0.5       ,  0.00933076]), array([-0.5       ,  0.02751724]), array([-0.5       , -0.11936535]), array([-0.5       , -0.14246753]), array([-0.5       , -0.17102536]), array([ 0.23133922, -0.5       ]), array([ 0.32322668, -0.5       ]), array([ 0.46819239, -0.5       ]), array([ 0.5       , -0.43348662]), array([ 0.5       , -0.37567269]), array([ 0.5       , -0.32753748]), array([ 0.5       , -0.28453488]), array([ 0.5       , -0.24898243]), array([ 0.5       , -0.00701669]), array([0.5       , 0.05820874]), array([0.5       , 0.15923893]), array([0.5       , 0.23464857]), array([0.5       , 0.32887317]), array([-0.13262594,  0.5       ]), array([-0.21013104,  0.5       ]), array([-0.24312899,  0.5       ]), array([-0.29769466,  0.5       ]), array([-0.35103071,  0.5       ]), array([-0.5       ,  0.42293145]), array([-0.5       ,  0.32268949]), array([-0.5       ,  0.22571879]), array([-0.5       ,  0.13554842]), array([-0.5       , -0.29845182]), array([-0.5       , -0.38191445]), array([-0.5       , -0.46965405]), array([-0.44006685, -0.5       ]), array([-0.36310643, -0.5       ]), array([-0.29306574, -0.5       ]), array([-0.22397021, -0.5       ]), array([-0.14969614, -0.5       ]), array([ 0.37724263, -0.5       ]), array([ 0.5       , -0.37064056]), array([ 0.5       , -0.22057316]), array([0.34175597, 0.5       ]), array([0.31175157, 0.5       ]), array([0.28361752, 0.5       ]), array([0.22564652, 0.5       ]), array([0.1889235, 0.5      ]), array([0.17293732, 0.5       ]), array([0.15190583, 0.5       ]), array([0.1417158, 0.5      ]), array([0.24450633, 0.5       ]), array([0.27328609, 0.5       ]), array([0.31520163, 0.5       ]), array([0.37834854, 0.5       ]), array([0.5       , 0.45014521]), array([ 0.27965757, -0.5       ]), array([ 0.20731672, -0.5       ]), array([ 0.15756949, -0.5       ]), array([-0.16058225, -0.5       ]), array([-0.25539642, -0.5       ]), array([-0.39471481, -0.5       ]), array([-0.5       , -0.46273293]), array([-0.5       , -0.40477301]), array([-0.5       , -0.37602301]), array([-0.5       , -0.35562286]), array([-0.5       , -0.33707341]), array([-0.5       , -0.31960443]), array([-0.5       , -0.46850626]), array([-0.32248284, -0.5       ]), array([-0.27121308, -0.5       ]), array([-0.18465774, -0.5       ]), array([-0.13439595, -0.5       ]), array([ 0.5       , -0.02556016]), array([0.5       , 0.34464621]), array([0.5       , 0.43715081]), array([0.45047934, 0.5       ]), array([0.3548668, 0.5      ]), array([0.32317933, 0.5       ]), array([0.30829342, 0.5       ]), array([0.28789502, 0.5       ]), array([0.48619523, 0.5       ]), array([0.5      , 0.4893316]), array([0.5       , 0.48011331]), array([0.5      , 0.4704924]), array([ 0.5       , -0.37466211]), array([ 0.3980293, -0.5      ])]

Trash Locations: [(28.940140083317175, 38.27936712571095), (17.147788821195636, 36.65100105474818), (24.311135820555535, 22.274033688341095), (26.046184048949293, 34.2821317784656), (10.088457635343307, 26.05175101856851), (23.141399291552545, 39.543435200070846), (12.449256880658545, 21.531714585815493), (25.62991507931028, 29.882422088290525)]