
Optimal
Feature: [0, 93, 8]

States: [array([13.87239605,  0.        , 29.391529  ,  0.        , 11.65788314,
       -1.31820046]), array([13.87239605,  0.5       , 29.391529  , -0.09825875, 11.65788314,
       -1.31820046]), array([14.37239605,  0.9       , 29.29327025, -0.17686575, 11.15788314,
       -1.21994171]), array([15.27239605,  1.22      , 29.1164045 , -0.23975135, 10.25788314,
       -1.04307596]), array([16.49239605,  1.476     , 28.87665315, -0.29005983,  9.03788314,
       -0.80332461]), array([17.96839605,  1.6808    , 28.58659331, -0.33030662,  7.56188314,
       -0.51326478]), array([19.64919605,  1.84464   , 28.2562867 , -0.36250404,  5.88108314,
       -0.18295816]), array([21.49383605,  1.975712  , 27.89378265, -0.38826199,  4.03644314,
        0.17954588]), array([23.46954805,  2.0805696 , 27.50552066, -0.40886834,  2.06073114,
        0.56780787]), array([ 2.55501176e+01,  2.16445568e+00,  2.70966523e+01, -4.25353423e-01,
       -1.98384585e-02,  9.76676210e-01]), array([ 27.71457333,   1.23156454,  26.6712989 ,  -0.42714829,
       -14.34210193,  -0.91155989]), array([ 28.94613787,   0.48525164,  26.24415061,  -0.3835349 ,
       -15.57366647,  -0.4844116 ]), array([ 29.43138951,  -0.11179869,  25.86061571,  -0.3333514 ,
       -16.05891811,  -0.1008767 ]), array([ 29.31959081,  -0.58943895,  25.52726431,  -0.28172001,
       -15.94711941,   0.2324747 ]), array([ 28.73015186,  -0.97155116,  25.24554431,  -0.2310967 ,
       -15.35768046,   0.51419471]), array([ 27.7586007 ,  -1.27724093,  25.01444761,  -0.18256592,
       -14.3861293 ,   0.7452914 ]), array([ 26.48135977,  -1.52179274,  24.83188169,  -0.1364456 ,
       -13.10888837,   0.92785732]), array([ 24.95956702,  -1.7174342 ,  24.69543609,  -0.0925847 ,
       -11.58709562,   1.06430292]), array([23.24213283, -1.87394736, 24.6028514 , -0.05049486, -9.86966143,
        1.15688762]), array([21.36818547, -1.99915789, 24.55235654,  0.10363068, -7.99571407,
        1.20738247]), array([19.36902759, -2.09932631, 24.65598722,  0.28652674, -5.99655619,
        1.10375179]), array([17.26970128, -2.17946105, 24.94251396,  0.51377559, -3.89722988,
        0.81722505]), array([15.09024023, -2.24356884, 25.45628955,  0.76763301, -1.71776883,
        0.30344946]), array([12.8466714 , -2.29485507, 26.22392256,  1.0969374 ,  0.52580001,
       -0.46418355]), array([10.55181633, -2.12825101, 27.32085997,  1.37754992, 12.89175307,
       -0.10517304]), array([ 8.42356532, -1.2026008 , 28.69840989,  1.03433574, 15.02000408,
       -1.48272297]), array([ 7.22096452, -0.46208064, 29.73274563,  0.70694182, 16.22260488,
       -2.51705871]), array([ 6.75888387,  0.13033548, 30.43968745,  0.42053579, 16.68468552,
       -3.22400053]), array([ 6.88921936,  0.60426839, 30.86022324,  0.17478379, 16.55435004,
       -3.64453632]), array([ 7.49348774e+00,  9.83414710e-01,  3.10350070e+01, -1.18527682e-02,
        1.59500817e+01, -3.81932011e+00]), array([ 8.47690245,  1.28673177, 31.02315427, -0.16552939, 14.96666694,
       -3.80746734]), array([ 9.76363422,  1.52938541, 30.85762488, -0.2981559 , 13.67993517,
       -3.64193796]), array([11.29301964,  1.72350833, 30.55946899, -0.41361377, 12.15054976,
       -3.34378206]), array([13.01652797,  1.87880667, 30.14585522, -0.51553986, 10.42704143,
       -2.9301683 ]), array([14.89533464,  2.00304533, 29.63031536, -0.60750207,  8.54823476,
       -2.41462844]), array([16.89837997,  2.10243627, 29.02281329, -0.69340733,  6.54518943,
       -1.80712637]), array([19.00081623,  2.18194901, 28.32940597, -0.77852958,  4.44275316,
       -1.11371904]), array([21.18276525,  2.24555921, 27.55087639, -0.87292447,  2.26080415,
       -0.33518947]), array([ 2.34283245e+01,  2.29644737e+00,  2.66779519e+01, -1.01035090e+00,
        1.52449391e-02,  5.37735003e-01]), array([25.72477182,  2.19937386, 25.66760102, -1.30828072, -9.66724466,
        7.06341583]), array([ 27.92414568,   1.85567045,  24.3593203 ,  -1.54662457,
       -11.86661852,   8.37169655]), array([ 29.77981613,   1.12414791,  22.81269573,  -1.73729966,
       -13.72228897,   9.91832113]), array([ 30.90396404,   0.39931833,  21.07539607,  -1.37342802,
       -14.84643688,  11.65562079]), array([ 31.30328237,  -0.18054534,  19.70196805,  -0.83041472,
       -15.24575521,  13.02904881]), array([ 31.12273703,  -0.64443627,  18.87155333,  -0.23299944,
       -15.06520987,  13.85946353]), array([ 30.47830077,  -0.97640714,  18.63855388,   0.31360045,
       -14.4207736 ,  14.09246297]), array([ 29.50189363,  -1.1974131 ,  18.95215433,   0.75088036,
       -13.44436647,  13.77886253]), array([ 28.30448053,  -1.35464956,  19.70303468,   1.10070429,
       -12.24695337,  13.02798217]), array([ 26.94983097,  -1.46327502,  20.80373897,   1.38056343,
       -10.89230381,  11.92727789]), array([25.48655595, -1.53437414, 22.1843024 ,  1.60445074, -9.42902879,
       10.54671446]), array([23.95218181, -1.57600254, 23.78875314,  1.78356059, -7.89465464,
        8.94226372]), array([22.37617927, -1.5745634 , 25.57231373,  1.92684848, -6.31865211,
        7.15870312]), array([20.80161587, -1.54258569, 27.49916221,  2.04147878, -4.74408871,
        5.23185465]), array([19.25903018, -1.73406856, 29.54064099,  1.52481359, -3.20150301,
        3.19037587]), array([17.52496162, -1.88725484, 31.06545458,  1.0076648 , -1.46743446,
        1.66556228]), array([15.63770678, -2.00980388, 32.07311938,  0.48880427,  0.41982039,
        0.65789748]), array([13.6279029 , -1.14110346, 32.56192364, -0.10895659,  7.21783345,
       -5.82609471]), array([12.48679944, -0.41288277, 32.45296706, -0.51186448,  8.35893691,
       -5.71713812]), array([12.07391667,  0.16969378, 31.94110258, -0.77181062,  8.77181968,
       -5.20527364]), array([12.24361045,  0.63575503, 31.16929196, -0.93498317,  8.6021259 ,
       -4.43346302]), array([12.87936547,  1.00860402, 30.23430879, -1.0281542 ,  7.96637087,
       -3.49847985]), array([13.8879695 ,  1.30688322, 29.20615459, -1.06761402,  6.95776685,
       -2.47032565]), array([15.19485271,  1.54550657, 28.13854056, -1.06232573,  5.65088364,
       -1.40271163]), array([16.74035929,  1.68566958, 27.07621483, -0.34986059,  4.10537706,
       -0.34038589]), array([1.84260289e+01, 1.64545478e+00, 2.67263542e+01, 2.20111530e-01,
       2.41970749e+00, 9.47469623e-03]), array([20.07148364,  1.50262115, 26.94646577,  0.67608922,  0.77425271,
       -0.21063683]), array([21.57410479,  1.70209692, 27.622555  ,  0.3252843 ,  6.46327216,
       -4.74853531]), array([23.2762017 ,  1.86167753, 27.94783929, -0.08941638,  4.76117525,
       -5.07381961]), array([25.13787924,  1.96590463, 27.85842292, -0.5715331 ,  2.89949771,
       -4.98440323]), array([27.10378387,  1.89562725, 27.28688981, -0.95722648,  0.93359308,
       -4.41287013]), array([28.99941112,  1.11196965, 26.32966333, -1.26578119, -0.96203417,
       -3.45564365]), array([30.11138077,  0.38957572, 25.06388214, -1.31776723, -2.07400382,
       -2.18986246]), array([30.50095649, -0.18833942, 23.74611491, -1.22743304, -2.46357954,
       -0.87209523]), array([30.31261706, -0.65067154, 22.51868187, -0.76317295, -2.27524011,
        0.35533781]), array([29.66194552, -1.02053723, 21.75550892, -0.28121358, -1.62456858,
        1.11851076]), array([28.64140829, -1.31642979, 21.47429534,  0.17692938, -0.60403134,
        1.39972434]), array([27.32497851, -0.55314383, 21.65122472,  0.60281582,  0.71239844,
        1.22279496]), array([ 26.77183468,  -0.94251506,  22.25404054,   0.94631779,
       -16.29318497,  14.01242524]), array([ 25.82931962,  -1.25401205,  23.20035834,   1.21876975,
       -15.35066991,  13.06610745]), array([ 24.57530757,  -1.50320964,  24.41912808,   1.43463122,
       -14.09665786,  11.8473377 ]), array([ 23.07209793,  -1.70256771,  25.85375931,   1.60535873,
       -12.59344822,  10.41270648]), array([ 21.36953021,  -1.86205417,  27.45911803,   1.7129642 ,
       -10.89088051,   8.80734775]), array([19.50747604, -1.98964334, 29.17208223,  1.78942789, -9.02882634,
        7.09438355]), array([17.51783271, -2.09171467, 30.96151012,  1.84469123, -7.039183  ,
        5.30495566]), array([15.42611804, -2.17337173, 32.80620135,  1.83035326, -4.94746833,
        3.46026444]), array([13.25274631, -2.23869739, 34.63655461,  1.79058758, -2.7740966 ,
        1.62991118]), array([11.01404892, -2.29095791, 36.42714218,  1.74692812, -0.53539921,
       -0.1606764 ]), array([  8.72309101,  -1.43939977,  38.17407031,   0.8975425 ,
        11.78408896, -12.91774835]), array([  7.28369124,  -0.72142799,  39.0716128 ,   0.218034  ,
        13.22348873, -13.81529085]), array([  6.56226325,  -0.11298831,  39.2896468 ,  -0.3255728 ,
        13.94491672, -14.03332485]), array([  6.44927494,   0.39052767,  38.964074  ,  -0.76045824,
        14.05790503, -13.70775205]), array([  6.83980261,   0.80740014,  38.20361576,  -1.10836659,
        13.66737735, -12.94729381]), array([  7.64720275,   1.14592011,  37.09524917,  -1.37924319,
        12.85997721, -11.83892721]), array([  8.79312287,   1.41673609,  35.71600598,  -1.58460763,
        11.7140571 , -10.45968402]), array([10.20985896,  1.63338887, 34.13139834, -1.7294328 , 10.29732101,
       -8.87507639]), array([11.84324783,  1.8067111 , 32.40196554, -1.82337859,  8.66393214,
       -7.14564359]), array([13.64995893,  1.94536888, 30.57858695, -1.883309  ,  6.85722104,
       -5.32226499]), array([15.59532781,  2.0562951 , 28.69527795, -1.91272537,  4.91185216,
       -3.438956  ]), array([17.65162291,  2.14503608, 26.78255259, -1.89187746,  2.85555706,
       -1.52623063]), array([19.79665899,  2.21602887, 24.89067512, -1.58818722,  0.71052097,
        0.36564683]), array([22.01268786,  2.27282309, 23.3024879 , -1.10479118,  2.3936708 ,
       10.15436545])]

Actions: [array([ 0.5       , -0.09825875]), array([ 0.5       , -0.09825875]), array([ 0.5       , -0.09825875]), array([ 0.5       , -0.09825875]), array([ 0.5       , -0.09825875]), array([ 0.5       , -0.09825875]), array([ 0.5       , -0.09825875]), array([ 0.5       , -0.09825875]), array([ 0.5       , -0.09825875]), array([-0.5       , -0.08686555]), array([-0.5       , -0.04181627]), array([-0.5       , -0.02652348]), array([-0.5       , -0.01503889]), array([-0.5       , -0.00572069]), array([-0.5       ,  0.00231144]), array([-0.5       ,  0.00960713]), array([-0.5       ,  0.01657178]), array([-0.5      ,  0.0235729]), array([-0.5       ,  0.14402657]), array([-0.5       ,  0.20362219]), array([-0.5      ,  0.2845542]), array([-0.5       ,  0.35661254]), array([-0.5       ,  0.48283099]), array([-0.29236695,  0.5       ]), array([ 0.5      , -0.0677042]), array([ 0.5       , -0.12052677]), array([ 0.5       , -0.14501767]), array([ 0.5       , -0.16164484]), array([ 0.5      , -0.1516798]), array([ 0.5       , -0.15604717]), array([ 0.5       , -0.16573239]), array([ 0.5       , -0.17508905]), array([ 0.5       , -0.18464884]), array([ 0.5       , -0.19507018]), array([ 0.5       , -0.20740567]), array([ 0.5       , -0.22380371]), array([ 0.5       , -0.25010081]), array([ 0.5       , -0.31201132]), array([ 0.36221596, -0.5       ]), array([ 0.09617136, -0.5       ]), array([-0.36038844, -0.5       ]), array([-0.5       ,  0.01641171]), array([-0.5       ,  0.26832769]), array([-0.5       ,  0.43133234]), array([-0.46085812,  0.5       ]), array([-0.41628739,  0.5       ]), array([-0.39671908,  0.5       ]), array([-0.37955537,  0.5       ]), array([-0.36375412,  0.5       ]), array([-0.34850322,  0.5       ]), array([-0.31376137,  0.5       ]), array([-0.28293497,  0.5       ]), array([-0.5       , -0.10836944]), array([-0.5       , -0.21218607]), array([-0.5       , -0.31732758]), array([ 0.46673964, -0.5       ]), array([ 0.5       , -0.42469921]), array([ 0.5       , -0.36231903]), array([ 0.5       , -0.31753468]), array([ 0.5       , -0.28016767]), array([ 0.5       , -0.24509066]), array([ 0.5       , -0.20823452]), array([0.44926432, 0.5       ]), array([0.29691912, 0.5       ]), array([0.18625732, 0.5       ]), array([ 0.5       , -0.21558708]), array([ 0.5       , -0.34964382]), array([ 0.4765626, -0.5      ]), array([ 0.32290355, -0.5       ]), array([-0.40453215, -0.5       ]), array([-0.5       , -0.30514228]), array([-0.5       , -0.17321925]), array([-0.5       ,  0.21877348]), array([-0.5       ,  0.32932478]), array([-0.5       ,  0.40190025]), array([0.5       , 0.46127231]), array([-0.5       ,  0.46406514]), array([-0.5       ,  0.46171551]), array([-0.5       ,  0.45961543]), array([-0.5       ,  0.45765375]), array([-0.5       ,  0.42867722]), array([-0.5       ,  0.41905653]), array([-0.5       ,  0.41314892]), array([-0.5       ,  0.35460028]), array([-0.5       ,  0.32630497]), array([-0.5       ,  0.31445806]), array([ 0.39336656, -0.5       ]), array([ 0.43009182, -0.5       ]), array([ 0.46415408, -0.5       ]), array([ 0.48091833, -0.5       ]), array([ 0.494978, -0.5     ]), array([ 0.5       , -0.49254992]), array([ 0.5       , -0.48121308]), array([ 0.5      , -0.4617467]), array([ 0.5       , -0.43983235]), array([ 0.5       , -0.42460612]), array([ 0.5       , -0.40607817]), array([ 0.5       , -0.36169717]), array([ 0.5       , -0.07468525]), array([0.5      , 0.1657586])]

Trash Locations: [(25.530279188580828, 28.073328535202236), (13.372471401032307, 25.759739013191915), (23.44356939504496, 27.21568692385539), (16.057527161796536, 32.73101685686048), (20.845736347978058, 26.735828937926893), (28.03737694916221, 22.874019681680316), (10.478649705172632, 36.2664657847266), (20.50717996727673, 25.25632195509287)]