
Optimal
Feature: [0, 91, 10]

States: [array([ 25.57130121,   0.        ,  28.48769248,   0.        ,
       -11.78167072,   7.89216697]), array([ 25.57130121,  -0.5       ,  28.48769248,   0.32464963,
       -11.78167072,   7.89216697]), array([ 25.07130121,  -0.9       ,  28.81234211,   0.58436934,
       -11.28167072,   7.56751734]), array([ 24.17130121,  -1.22      ,  29.39671145,   0.79517149,
       -10.38167072,   6.983148  ]), array([22.95130121, -1.476     , 30.19188295,  0.96396834, -9.16167072,
        6.18797651]), array([21.47530121, -1.6808    , 31.15585129,  1.09594468, -7.68567072,
        5.22400817]), array([19.79450121, -1.84464   , 32.25179597,  1.20503049, -6.00487072,
        4.12806348]), array([17.94986121, -1.975712  , 33.45682646,  1.3246367 , -4.16023072,
        2.92303299]), array([15.97414921, -2.0805696 , 34.78146316,  1.48996404, -2.18451872,
        1.5983963 ]), array([13.89357961, -2.16445568, 36.27142719,  1.64263264, -0.10394912,
        0.10843226]), array([ 11.72912393,  -1.4632602 ,  37.91405983,   0.81410611,
         9.80738361, -10.83018211]), array([ 10.26586373,  -0.80988907,  38.72816594,   0.15128489,
        11.27064381, -11.64428822]), array([  9.45597466,  -0.24869144,  38.87945083,  -0.37897209,
        12.08053288, -11.79557311]), array([  9.20728323,   0.23862268,  38.50047874,  -0.80317767,
        12.32922431, -11.41660102]), array([  9.44590591,   0.6586781 ,  37.69730107,  -1.14254214,
        12.09060163, -10.61342335]), array([10.10458401,  1.01619688, 36.55475893, -1.41403371, 11.43192353,
       -9.47088121]), array([11.12078089,  1.3129575 , 35.14072522, -1.61110282, 10.41572665,
       -8.0568475 ]), array([12.43373839,  1.550366  , 33.5296224 , -1.72893399,  9.10276915,
       -6.44574468]), array([13.98410439,  1.7402928 , 31.80068841, -1.71260212,  7.55240314,
       -4.71681069]), array([15.7243972 ,  1.89223424, 30.08808628, -1.21021762,  5.81211034,
       -3.00420856]), array([17.61663144,  2.01378739, 28.87786866, -0.67435193,  3.9198761 ,
       -1.79399094]), array([19.63041883,  1.13719451, 28.20351673, -0.03948154,  1.90608871,
       -1.11963901]), array([20.76761334,  0.40975561, 28.16403519,  0.44336254,  0.7688942 ,
       -1.08015747]), array([21.17736895,  0.48453074, 28.60739773, -0.14530997,  2.54820476,
       -6.58642039]), array([21.66189969,  0.36359701, 28.46208776, -0.61624797,  2.06367402,
       -6.44111042]), array([22.0254967 ,  0.27353554, 27.84583978, -0.99299838,  1.70007701,
       -5.82486245]), array([22.29903223,  0.21427334, 26.8528414 , -1.2943987 ,  1.42654148,
       -4.83186407]), array([22.51330557,  0.41411256, 25.5584427 , -1.53551896,  1.21226814,
       -3.53746537]), array([22.92741814,  0.83129005, 24.02292374, -1.27146828,  0.79815557,
       -2.0019464 ]), array([23.75870819,  1.16503204, 22.75145545, -0.81454765, -0.03313448,
       -0.73047812]), array([24.92374023,  1.21184549, 21.93690781, -0.15163812, -1.1924212 ,
        0.20687127]), array([ 26.13558571,   0.59755122,  21.78526969,   0.37868951,
       -10.19254582,  14.26016833]), array([ 26.73313693,   0.07101716,  22.1639592 ,   0.80295161,
       -10.79009704,  13.88147882]), array([ 26.80415409,  -0.35050888,  22.9669108 ,   1.14236128,
       -10.8611142 ,  13.07852722]), array([ 26.45364521,  -0.69317051,  24.10927209,   1.41388903,
       -10.51060532,  11.93616593]), array([25.7604747 , -0.98641266, 25.52316112,  1.63111122, -9.81743481,
       10.5222769 ]), array([24.77406204, -1.23974959, 27.15427234,  1.80488898, -8.83102215,
        8.89116568]), array([23.53431245, -1.46183161, 28.95916132,  1.94391118, -7.59127256,
        7.0862767 ]), array([22.07248084, -1.66946529, 30.9030725 ,  1.61255599, -6.12944095,
        5.14236552]), array([20.40301556, -1.11124517, 32.51562849,  0.79004479, -4.45997567,
        3.52980953]), array([19.29177039, -0.77846991, 33.30567328,  0.13203583, -3.3487305 ,
        2.73976474]), array([18.51330048, -0.99815226, 33.43770912,  0.60562867, -2.57026059,
        2.6077289 ]), array([17.51514822, -0.90384521, 34.04333779,  0.98450293, -1.57210833,
        2.00210023]), array([16.61130301, -0.8052313 , 35.02784072,  1.28760235, -0.66826311,
        1.0175973 ]), array([ 15.80607171,  -0.59746617,  36.31544307,   0.53008188,
         0.90804524, -12.57784596]), array([ 15.20860554,  -0.41280903,  36.84552495,  -0.0759345 ,
         1.50551141, -13.10792784]), array([ 14.79579651,  -0.25124887,  36.76959045,  -0.5607476 ,
         1.91832044, -13.03199334]), array([ 14.54454764,  -0.11083378,  36.20884285,  -0.94859808,
         2.16956931, -12.47124574]), array([ 1.44337139e+01,  1.10424486e-02,  3.52602448e+01, -1.25887846e+00,
        2.28040309e+00, -1.15226477e+01]), array([ 14.44475631,   0.11710938,  34.00136631,  -1.50710277,
         2.26936064, -10.2637692 ]), array([14.56186569,  0.21000998, 32.49426354, -1.70568222,  2.15225126,
       -8.75666643]), array([14.77187567,  0.50498883, 30.78858132, -1.86454577,  1.94224128,
       -7.05098421]), array([15.2768645 ,  0.79772366, 28.92403555, -1.99163662,  1.43725245,
       -5.18643844]), array([16.07458817,  1.10701242, 26.93239893, -2.09330929,  0.63952878,
       -3.19480182]), array([17.18160058,  0.38560993, 24.83908964, -2.09088946, -0.46748363,
       -1.10149253]), array([17.56721052,  0.19284992, 22.74820018, -1.17271157, -1.85982599,
        8.59462887]), array([17.76006044,  0.04582462, 21.57548861, -0.43816925, -2.05267592,
        9.76734044]), array([17.80588506, -0.06934671, 21.13731936,  0.1494646 , -2.09850054,
       10.20550969]), array([17.73653836, -0.16044168, 21.28678395,  0.61957168, -2.02915383,
       10.0560451 ]), array([17.57609668, -0.23247148, 21.90635563,  0.99565734, -1.86871216,
        9.43647342]), array([17.3436252 , -0.28937512, 22.90201297,  1.29652587, -1.63624068,
        8.44081608]), array([17.05425008, -0.33425989, 24.19853885,  1.5372207 , -1.34686556,
        7.1442902 ]), array([16.71999019, -0.36958091, 25.73575955,  1.72977656, -1.01260567,
        5.6070695 ]), array([16.35040928, -0.39727802, 27.46553611,  1.88382125, -0.64302476,
        3.87729294]), array([15.95313126, -0.41888075, 29.34935735,  2.007057  , -0.24574674,
        1.9934717 ]), array([ 1.55342505e+01, -4.35588055e-01,  3.13564144e+01,  2.10564560e+00,
        1.73134017e-01, -1.35853016e-02]), array([15.09866245, -0.41707483, 33.46205995,  1.18451648, -5.052916  ,
       -9.30079684]), array([ 14.68158762,  -0.38041421,  34.64657643,   0.44761318,
        -4.63584117, -10.48531332]), array([ 14.30117341,  -0.33622833,  35.09418961,  -0.14190945,
        -4.25542695, -10.9329265 ]), array([ 13.96494508,  -0.32134382,  34.95228016,  -0.61352756,
        -3.91919863, -10.79101705]), array([ 13.64360126,  -0.30530368,  34.33875259,  -0.99082205,
        -3.5978548 , -10.17748948]), array([13.33829758, -0.28548213, 33.34793054, -1.29265764, -3.29255112,
       -9.18666743]), array([13.05281545, -0.26333158, 32.0552729 , -1.53412611, -3.007069  ,
       -7.89400979]), array([12.78948387, -0.46541597, 30.52114679, -1.72730089, -2.74373741,
       -6.35988368]), array([12.3240679 , -0.87233278, 28.7938459 , -1.86491076, -2.27832144,
       -4.63258279]), array([11.45173512, -1.19786622, 26.92893514, -1.49218407, -1.40598867,
       -2.76767203]), array([10.2538689 , -1.45829298, 25.43675107, -1.07769316, -0.20812245,
       -1.27548796]), array([ 8.79557592, -0.9321575 , 24.35905791, -0.36215453,  7.79429379,
       11.39935008]), array([ 7.86341843, -0.48718196, 23.99690338,  0.21027638,  8.72645129,
       11.76150461]), array([ 7.37623647, -0.11272606, 24.20717976,  0.6682211 ,  9.21363325,
       11.55122823]), array([ 7.2635104 ,  0.32878486, 24.87540086,  1.03457688,  9.32635931,
       10.88300713]), array([ 7.59229526,  0.75231759, 25.90997774,  1.3276615 ,  8.99757445,
        9.84843025]), array([ 8.34461284,  1.10185407, 27.23763925,  1.53285066,  8.24525687,
        8.52076874]), array([ 9.44646691,  1.38148325, 28.77048991,  1.67596253,  7.1434028 ,
        6.98791808]), array([10.82795017,  1.6051866 , 30.44645244,  1.77055628,  5.76191955,
        5.31195555]), array([12.43313677,  1.78414928, 32.21700872,  1.82627152,  4.15673294,
        3.54139927]), array([14.21728605,  1.92731943, 34.04328024,  1.84945137,  2.37258366,
        1.71512775]), array([16.14460548,  2.04185554, 35.89273161,  1.84311614,  0.44526423,
       -0.13432363]), array([ 18.18646102,   1.73408495,  37.73584776,   0.97449291,
         1.61602638, -10.43380377]), array([ 19.92054597,   1.42815836,  38.71034067,   0.27959433,
        -0.11805857, -11.40829669]), array([ 21.34870434,   1.14059457,  38.989935  ,  -0.27632453,
        -1.54621694, -11.68789102]), array([ 22.48929891,   0.73080659,  38.71361047,  -0.72105963,
        -2.68681151, -11.41156649]), array([ 23.2201055 ,   0.28519872,  37.99255084,  -1.0768477 ,
        -3.4176181 , -10.69050686]), array([23.50530422, -0.13364339, 36.91570314, -1.36147816, -3.70281682,
       -9.61365916]), array([23.37166083, -0.49814584, 35.55422498, -1.58918253, -3.56917343,
       -8.252181  ]), array([22.87351499, -0.89851667, 33.96504245, -1.69373959, -3.07102759,
       -6.66299847]), array([21.97499832, -1.21881334, 32.27130286, -1.64642409, -2.17251092,
       -4.96925887]), array([20.75618498, -0.88832611, 30.62487877, -1.81713927, -0.95369758,
       -3.32283479]), array([19.86785887, -0.55644101, 28.8077395 , -1.95371142, -0.06537147,
       -1.50569552]), array([19.31141785, -0.21326756, 26.85402808, -2.06296913,  0.49106955,
        0.4480159 ]), array([19.09815029,  0.09361125, 24.79105895, -1.15037531,  7.31209691,
        6.09429809])]

Actions: [array([-0.5       ,  0.32464963]), array([-0.5       ,  0.32464963]), array([-0.5       ,  0.32767602]), array([-0.5       ,  0.32783115]), array([-0.5       ,  0.32477001]), array([-0.5       ,  0.32827474]), array([-0.5       ,  0.36061231]), array([-0.5       ,  0.43025468]), array([-0.5       ,  0.45066141]), array([ 0.26830435, -0.5       ]), array([ 0.36071909, -0.5       ]), array([ 0.39921982, -0.5       ]), array([ 0.43757583, -0.5       ]), array([ 0.46777995, -0.5       ]), array([ 0.4892544, -0.5      ]), array([ 0.5       , -0.47987585]), array([ 0.5       , -0.44005174]), array([ 0.5       , -0.32945493]), array([0.5       , 0.15986408]), array([0.5       , 0.29382217]), array([-0.47383541,  0.5       ]), array([-0.5       ,  0.47494777]), array([ 0.15672626, -0.5       ]), array([-0.02402759, -0.5       ]), array([-0.01734207, -0.5       ]), array([-0.00455509, -0.5       ]), array([ 0.24269389, -0.5       ]), array([ 0.5       , -0.04305311]), array([0.5       , 0.20262698]), array([0.27981985, 0.5       ]), array([-0.37192517,  0.5       ]), array([-0.40702382,  0.5       ]), array([-0.40732261,  0.5       ]), array([-0.4127634,  0.5      ]), array([-0.43187625,  0.5       ]), array([-0.45061946,  0.5       ]), array([-0.47003194,  0.5       ]), array([-0.5       ,  0.05742705]), array([ 0.22432706, -0.5       ]), array([ 0.11052622, -0.5       ]), array([-0.37537633,  0.5       ]), array([-0.10532341,  0.5       ]), array([-0.08215513,  0.5       ]), array([ 0.04671887, -0.5       ]), array([ 0.06516391, -0.5       ]), array([ 0.07899835, -0.5       ]), array([ 0.09016532, -0.5       ]), array([ 0.09970947, -0.5       ]), array([ 0.10827542, -0.5       ]), array([ 0.11632248, -0.5       ]), array([ 0.33698085, -0.5       ]), array([ 0.39373259, -0.5       ]), array([ 0.46883349, -0.5       ]), array([-0.5       , -0.41624202]), array([-0.11563803,  0.5       ]), array([-0.10845531,  0.5       ]), array([-0.10600641,  0.5       ]), array([-0.10496431,  0.5       ]), array([-0.10411814,  0.5       ]), array([-0.10339794,  0.5       ]), array([-0.10275979,  0.5       ]), array([-0.102173,  0.5     ]), array([-0.10161329,  0.5       ]), array([-0.10105834,  0.5       ]), array([-0.10048345,  0.5       ]), array([-0.06860439, -0.5       ]), array([-0.04675435, -0.5       ]), array([-0.03189695, -0.5       ]), array([-0.05236116, -0.5       ]), array([-0.04822862, -0.5       ]), array([-0.04123918, -0.5       ]), array([-0.03494588, -0.5       ]), array([-0.2547507, -0.5      ]), array([-0.5       , -0.48307005]), array([-5.00000000e-01, -2.55465438e-04]), array([-0.5      ,  0.1160541]), array([0.23447688, 0.5       ]), array([0.25854404, 0.5       ]), array([0.27701951, 0.5       ]), array([0.41896571, 0.5       ]), array([0.4892897, 0.5      ]), array([0.5       , 0.47072146]), array([0.5     , 0.449682]), array([0.5       , 0.42978625]), array([0.5      , 0.4098265]), array([0.5       , 0.38843416]), array([0.5       , 0.36355504]), array([ 0.10060052, -0.5       ]), array([ 0.0408904, -0.5      ]), array([-0.00193212, -0.5       ]), array([-0.18166907, -0.5       ]), array([-0.29944655, -0.5       ]), array([-0.36180237, -0.5       ]), array([-0.39123113, -0.5       ]), array([-0.5       , -0.42239357]), array([-0.5       , -0.29143241]), array([ 0.08672456, -0.5       ]), array([ 0.15421988, -0.5       ]), array([ 0.23188525, -0.5       ]), array([0.2642253, 0.5      ])]

Trash Locations: [(13.789630485100105, 36.379859452352704), (21.536507537826797, 27.083877717844466), (23.72557370999953, 22.020977334530166), (23.73131902829065, 22.143779074284325), (15.943039891172713, 36.045438020682816), (16.714116951236637, 23.737597109637285), (15.707384523724993, 31.342829049752062), (10.045746455185615, 24.161263112420755), (16.589869713837743, 35.758407987343176), (19.802487401622958, 27.302043982725287)]