55.425
34.575
28.325
14.575
11.2
14.175
8.25
10.3
9.625
9.0
9.275
14.65
10.3
12.55
9.4
5.525
5.2
2.525
1.95
2.925
9.575
6.4
2.7
3.275
2.025
3.825
6.35
5.8
1.625
0.625
7.8
8.25
2.225
2.675
5.925
23.1
8.325
9.4
5.6
1.675
3.625
3.025
1.35
4.775
3.025
2.975
3.15
2.575
5.15
3.475
0.675
2.35
5.775
2.1
1.2
7.225
2.175
0.7
2.15
1.2
2.45
1.825
4.625
4.075
2.675
2.075
3.0
1.65
0.175
0.075
3.05
1.375
0.9
0.25
1.225
3.5
3.525
0.625
1.975
3.075
2.3
0.075
0.5
0.7
3.025
0.125
3.05
0.875
1.425
2.1
1.925
2.075
0.3
2.6
2.225
2.225
3.0
1.225
0.725
0.65
