-50126.04687499998
-38845.453124999985
-34745.53906249999
-27351.697265624993
-24572.056640624996
-25502.324218749993
-21808.751953124996
-21401.374999999996
-20279.867187499996
-19664.154296874996
-19075.542968749996
-21338.785156249993
-19607.535156249996
-20251.568359374993
-19028.347656249996
-17537.644531249996
-18092.166015624996
-16341.658203125
-16192.2421875
-16394.861328125
-18595.947265624996
-17257.285156249996
-15856.390624999998
-16601.91015625
-15712.96875
-16621.900390625
-17279.999999999996
-17290.259765624996
-16254.9453125
-15487.1171875
-17773.419921874996
-18085.960937499996
-16647.294921875
-16469.427734375
-17122.271484374996
-22992.001953124993
-17005.244140624996
-17565.322265624996
-16429.37109375
-15906.880859375
-16077.734374999998
-15825.775390624998
-14987.5185546875
-16102.536132812498
-15446.448242187498
-15247.697265624998
-15497.095703124998
-15154.849609375
-16205.123046874998
-15759.856445312498
-14784.90625
-15262.3720703125
-16076.835937499998
-14382.0419921875
-14629.234375
-16463.441406249996
-15017.7109375
-15022.4921875
-15576.2001953125
-14311.3720703125
-14766.224609375
-14842.9326171875
-15949.244140624998
-15024.341796874998
-15331.8955078125
-14754.763671875
-15369.981445312498
-15169.8330078125
-14085.044921875
-14113.2314453125
-15154.495117187498
-14279.3935546875
-14571.470703125
-13924.935546875
-13740.8466796875
-14764.728515624998
-14898.614257812498
-13456.583984375
-13781.2919921875
-14372.604492187498
-13540.359375
-13701.3466796875
-13711.017578125
-13761.5859375
-14565.565429687498
-13300.412109375
-14642.580078124998
-13641.548828125
-13289.7783203125
-13589.341796875
-13357.634765625
-13239.7763671875
-12839.330078125
-13556.193359374998
-13239.794921875
-13004.2998046875
-13647.262695312498
-12910.4482421875
-12989.63671875
-12562.125
