-19642.30426152433
-19829.21943196816
-19166.821244429964
-19335.465489684953
-18412.07789945436
-17706.095682048097
-17271.267359224454
-15736.39284533289
-14986.127774584264
-14714.178127684081
-13974.305309253428
-13281.309589111794
-13942.556409893665
-13349.08017275366
-13858.356548307866
-14498.903658372252
-15232.193127879136
-14952.915184532258
-15119.761972011376
-14786.123527223817
-13329.685382097861
-13737.295964171179
-14371.409139067775
-14800.677444521625
-14599.231826673687
-14518.161207258905
-13787.510007637431
-14100.232553506456
-15361.241650130158
-15143.404326846674
-13483.431553559712
-13548.454313480466
-15423.550389668624
-14998.18159932536
-13863.533992045515
-10286.997164233235
-12426.514582454149
-12395.316568132788
-13349.352589696206
-14985.646658315449
-14084.033865408379
-14161.997987029885
-14245.033230008912
-13476.306643744272
-13782.721786136044
-13611.45438444336
-13764.61576187918
-13738.602912878745
-13372.62712489832
-13848.614617262163
-14413.670000681308
-13969.881664144374
-12900.603811633271
-13227.040119109302
-13969.239957897871
-12489.71237580757
-13821.482219174743
-14637.499430203763
-14393.71901670998
-13651.387922233305
-13418.746039564363
-13839.200848180519
-13405.504319013247
-12783.095850736461
-13860.602252699702
-13613.533663355533
-13719.998893442122
-14262.351748448546
-13988.812004741514
-14071.990689159798
-13477.003380146922
-13523.132574690588
-14076.479625416125
-13787.46104318396
-13067.109002894296
-12839.750073116673
-12959.877850606257
-13112.85315578023
-12695.058847666354
-12681.370918796929
-12275.360639455033
-13660.113066865388
-13436.04655823347
-13376.610305780312
-12901.836279126848
-13231.675702351171
-12965.0889641411
-13160.313654455336
-12506.051769882473
-12434.36694344456
-12298.906822230578
-12098.546738398069
-12674.337347937502
-12126.212530120758
-12016.06305610055
-11780.554199586182
-11997.280231868688
-12236.695921148512
-12590.892684815877
-12204.646813011208
