-49739.634880772406
-28403.96945870817
-22198.015516164116
-22873.640714444653
-25302.890076524025
-25739.386108368926
-27874.98276917322
-27796.671574735567
-24151.37590382943
-19035.2616803732
-17766.00555028212
-18085.938321686666
-18311.167706050062
-17338.547405213372
-16937.59315154032
-15785.34073829303
-14917.203177202053
-14664.30823093708
-14020.22125302344
-13298.415218541248
-13133.139395549948
-13052.144069287384
-12536.26297999726
-12168.96475899673
-11927.996177526256
-11688.022363205577
-11365.983486346431
-11277.526527418004
-11259.777057358617
-11070.918416350212
-11118.384607027843
-11253.37052040675
-11195.491503825297
-11161.861786593143
-10952.134120299512
-11000.874029545157
-10923.882262877822
-11083.67069212539
-10813.387409372957
-10942.866673148059
-10949.24526094845
-10992.842456145676
-11073.936577544451
-11092.0482714454
-11300.22507736723
-11304.674901609662
-11234.53759439121
-11366.869748009904
-11291.096707821343
-11389.19264954005
