-22413.554261524336
-21557.96943196816
-20583.07124442995
-20064.21548968496
-18972.077899454373
-18414.845682048097
-17683.767359224446
-16251.392845332908
-15467.377774584264
-15164.178127684074
-14438.055309253443
-14013.809589111796
-14457.556409893663
-13976.580172753664
-14328.356548307876
-14775.153658372248
-15492.193127879136
-15079.165184532254
-15217.261972011376
-14932.373527223815
-13808.435382097849
-14057.295964171188
-14506.409139067788
-14964.427444521634
-14700.481826673678
-14709.411207258916
-14105.010007637426
-14390.232553506456
-15442.491650130158
-15174.654326846674
-13873.431553559683
-13960.954313480464
-15534.800389668622
-15131.931599325359
-14159.78399204552
-11441.997164233233
-12842.764582454149
-12865.316568132783
-13629.35258969618
-15069.396658315454
-14265.283865408379
-14313.24798702988
-14312.533230008903
-13715.056643744272
-13933.971786136037
-13760.204384443368
-13922.115761879186
-13867.352912878743
-13630.127124898316
-14022.364617262161
-14447.4200006813
-14087.381664144375
-13189.35381163327
-13332.040119109306
-14029.239957897862
-12850.96237580757
-13930.232219174743
-14672.499430203763
-14501.219016709985
-13711.387922233302
-13541.246039564367
-13930.450848180515
-13636.754319013266
-12986.845850736461
-13994.352252699693
-13717.28366335553
-13869.998893442124
-14344.851748448535
-13997.562004741509
-14075.740689159798
-13629.503380146925
-13591.882574690599
-14121.479625416123
-13799.961043183965
-13128.359002894294
-13014.75007311667
-13136.12785060626
-13144.10315578023
-12793.808847666358
-12835.120918796929
-12390.360639455032
-13663.863066865388
-13461.046558233464
-13411.610305780316
-13053.086279126848
-13237.925702351171
-13117.588964141101
-13204.063654455338
-12577.301769882473
-12539.366943444558
-12395.156822230572
-12202.29673839807
-12689.337347937502
-12256.212530120758
-12127.313056100547
-11891.804199586182
-12147.280231868688
-12297.945921148512
-12627.142684815877
-12237.146813011208
