-22439.63488077233
-20866.46945870811
-19373.01551616415
-18686.1407144447
-17702.890076524018
-17589.386108368933
-17512.482769173283
-16646.67157473562
-14488.875903829501
-12772.761680373198
-11328.505550282152
-10223.438321686615
-10423.667706050062
-9251.047405213398
-9050.093151540319
-8097.840738293018
-8092.203177202083
-7339.308230937102
-6895.2212530234
-6935.915218541239
-6558.139395549944
-6427.144069287367
-6286.262979997222
-6206.464758996686
-6152.996177526248
-6113.02236320556
-6040.983486346393
-5990.026527417975
-5934.777057358655
-5933.41841635024
-5830.884607027837
-5790.870520406699
-5757.99150382533
-5761.861786593185
-5727.134120299517
-5700.874029545146
-5648.882262877828
-5621.170692125363
-5688.387409372972
-5642.866673148071
-5624.245260948436
-5580.342456145666
-5536.436577544452
-5542.0482714454165
-5450.225077367238
-5442.174901609693
-5409.537594391213
-5391.869748009916
-5428.596707821349
-5364.192649540071
