54.4
15.4
5.775
8.625
13.35
18.95
23.25
24.95
21.075
13.275
15.7
17.025
17.8
17.05
18.95
17.8
17.475
17.575
17.25
17.1
16.8
16.425
16.075
16.3
16.75
16.3
16.275
16.075
16.025
16.075
16.075
16.325
16.525
16.25
16.125
16.25
16.2
16.3
16.275
16.375
16.475
16.45
16.75
16.55
16.65
16.475
16.5
16.525
16.45
16.575
16.525
16.4
16.65
16.675
16.35
16.4
16.575
16.5
16.475
16.4
16.475
16.425
16.45
16.475
16.475
16.275
16.6
16.5
16.525
16.65
16.45
16.35
16.525
16.575
16.45
16.475
16.4
16.275
16.35
16.45
16.475
16.375
16.45
16.425
16.275
16.475
16.325
16.425
16.375
16.425
16.325
16.35
16.45
16.475
16.475
16.525
16.525
16.475
16.375
16.35
