-50126.054261524325
-38845.469431968246
-34745.5712444299
-27351.715489684953
-24572.077899454354
-25502.345682048086
-21808.767359224486
-21401.392845332866
-20279.87777458426
-19664.17812768404
-19075.55530925337
-21338.80958911175
-19607.556409893667
-20251.580172753653
-19028.356548307893
-17537.653658372255
-18092.19312787911
-16341.665184532269
-16192.261972011363
-16394.873527223805
-18595.935382097807
-17257.2959641712
-15856.409139067831
-16601.92744452161
-15712.981826673651
-16621.911207258923
-17280.010007637487
-17290.232553506456
-16254.991650130167
-15487.154326846672
-17773.431553559683
-18085.954313480437
-16647.30038966865
-16469.43159932536
-17122.283992045497
-22991.997164233348
-17005.264582454158
-17565.316568132755
-16429.352589696144
-15906.89665831546
-16077.783865408395
-15825.747987029914
-14987.533230008903
-16102.556643744232
-15446.47178613602
-15247.70438444335
-15497.11576187922
-15154.852912878734
-16205.127124898336
-15759.864617262185
-14784.920000681284
-15262.381664144403
-16076.85381163326
-14382.0401191093
-14629.239957897857
-16463.462375807554
-15017.732219174713
-15022.499430203758
-15576.219016709987
-14311.387922233287
-14766.24603956439
-14842.950848180486
-15949.254319013271
-15024.3458507365
-15331.852252699673
-14754.783663355518
-15369.998893442153
-15169.85174844856
-14085.062004741509
-14113.240689159797
-15154.503380146907
-14279.38257469059
-14571.47962541612
-13924.961043183965
-13740.859002894294
-14764.75007311669
-14898.627850606248
-13456.603155780223
-13781.308847666394
-14372.62091879695
-13540.360639455026
-13701.363066865388
-13711.046558233458
-13761.610305780316
-14565.586279126812
-13300.425702351165
-14642.5889641411
-13641.56365445533
-13289.801769882479
-13589.366943444533
-13357.6568222306
-13239.796738398069
-12839.337347937499
-13556.212530120782
-13239.813056100535
-13004.304199586184
-13647.280231868677
-12910.445921148515
-12989.64268481588
-12562.1468130112
