-49628.590084685944
-28660.918511969103
-22350.02628536645
-23072.518675494626
-24731.516839732096
-27161.50059707819
-29261.57760005219
-28285.323789599206
-24460.896568212054
-18906.393573228088
-18673.457182854876
-18311.46840159897
-18595.512155747303
-17090.157426155572
-16961.788251035287
-15869.302264344456
-15402.815197526706
-14917.898916705191
-14427.889340805914
-14270.217481116943
-13886.428069146228
-13639.59671251569
-13400.887625395326
-13388.654855778721
-13518.443949925984
-13262.852826177335
-13143.200730777215
-13041.734676383365
-12980.936002597247
-12960.864008729695
-12879.556741584904
-12990.845057008364
-13048.982050385985
-12902.121503912527
-12815.794300219579
-12876.955153765693
-12825.581176288195
-12830.441957606692
-12842.578846420089
-12856.201242223764
-12898.625725094778
-12865.368955156202
-12996.69333536374
-12903.713525216788
-12940.755780846126
-12860.808538786681
-12878.965622978485
-12879.43449973946
-12843.734669419968
-12895.866033525086
-12877.480686839812
-12811.570122684385
-12921.87851716612
-12925.321468250933
-12785.999907640955
-12818.988265944514
-12887.978479787864
-12860.02566013128
-12839.02456809138
-12806.504297390758
-12842.604401304845
-12820.134529365785
-12819.192635601068
-12832.178156584958
-12831.707434889828
-12739.801913558404
-12885.482310597585
-12847.044081965472
-12853.55160167868
-12905.615826137106
-12821.72653497615
-12776.529761167849
-12848.657835845932
-12870.97308853317
-12815.866113063817
-12821.965892938882
-12788.881139579737
-12740.589784047701
-12772.197572484496
-12814.05787555951
-12822.141461540252
-12773.039181238677
-12809.53432687763
-12804.344633808229
-12730.165920372348
-12820.269165673843
-12755.646644449345
-12793.534544646995
-12776.085416317002
-12792.328056098162
-12750.473189709337
-12764.972755347992
-12808.29155580838
-12818.555428601629
-12815.492783452028
-12838.313683909848
-12835.09342201964
-12811.434795259162
-12764.18709694141
-12760.00229228322
