-19709.63488077235
-20112.7194587081
-19090.515516164152
-18267.390714444693
-16942.890076524018
-16774.38610836895
-16476.23276917327
-15531.671574735632
-13522.625903829505
-12146.511680373205
-10684.755550282147
-9437.188321686599
-9634.917706050059
-8442.29740521341
-8261.343151540328
-7329.090738293018
-7409.703177202074
-6606.808230937093
-6182.721253023407
-6299.665218541223
-5900.6393955499425
-5764.644069287363
-5661.26297999722
-5610.214758996683
-5575.496177526253
-5555.522363205565
-5508.483486346399
-5461.276527417972
-5402.277057358653
-5419.668416350236
-5302.134607027831
-5244.620520406708
-5214.241503825332
-5221.861786593179
-5204.634120299524
-5170.874029545158
-5121.382262877831
-5074.92069212536
-5175.8874093729755
-5112.866673148078
-5091.745260948444
-5039.092456145668
-4982.686577544448
-4987.04827144542
-4865.2250773672395
-4855.924901609688
-4827.03759439122
-4794.369748009915
-4842.346707821356
-4761.692649540053
