-19708.590084685733
-20190.91851196919
-19173.776285366446
-18328.768675494623
-17389.016839732092
-16739.000597078186
-16474.077600052206
-14562.82378959926
-12869.64656821196
-11605.143573228072
-10038.457182854845
-8947.718401598919
-8805.512155747409
-7712.6574261555725
-6539.288251035296
-6079.302264344512
-5791.565197526726
-5251.648916705169
-4940.389340805961
-4865.217481116944
-4646.428069146261
-4605.846712515711
-4559.637625395348
-4423.654855778759
-4305.943949926019
-4297.852826177319
-4191.950730777216
-4200.484676383325
-4167.186002597208
-4119.614008729672
-4038.306741584882
-4012.095057008374
-3960.2320503860037
-3964.62150391252
-3947.0443002195875
-3939.45515376566
-3915.5811762882063
-3865.4419576066784
-3891.3288464201005
-3849.9512422237503
-3837.375725094725
-3817.868955156196
-3784.1933353637332
-3801.213525216723
-3783.2557808461206
-3799.5585387866813
-3803.965622978497
-3790.684499739406
-3796.234669419926
-3779.616033525067
-3788.7306868397986
-3791.5701226843835
-3764.3785171661643
-3754.0714682509397
-3793.499907641
-3798.9882659444693
-3771.728479787853
-3785.0256601312954
-3777.7745680913986
-3786.504297390756
-3781.3544013048136
-3786.3845293657387
-3771.6926356010904
-3770.928156584973
-3770.4574348898336
-3788.5519135583695
-3755.48231059757
-3772.044081965444
-3764.8016016786905
-3748.115826137074
-3774.2265349761174
-3784.0297611678266
-3759.9078358458974
-3754.7230885331674
-3768.3661130638234
-3760.715892938898
-3768.8811395797175
-3789.339784047674
-3779.6975724844424
-3766.557875559466
-3760.8914615402437
-3766.789181238704
-3762.034326877608
-3770.594633808233
-3778.915920372337
-3759.019165673855
-3776.896644449354
-3759.784544646992
-3769.835416317027
-3758.5780560981584
-3771.7231897093343
-3772.472755347981
-3760.7915558084233
-3757.3054286016218
-3754.2427834520176
-3749.563683909821
-3746.3434220196177
-3750.184795259148
-3757.9370969413853
-3767.5022922832322
