-49491.98046874998
-34921.851562499985
-23803.933593749996
-21811.347656249996
-26961.093749999993
-28111.734374999993
-31757.54296874999
-32158.687499999985
-30255.027343749985
-25522.48046874999
-19427.308593749993
-17104.050781249996
-18204.412109374993
-17413.103515624993
-17659.753906249993
-16802.146484374993
-16308.3935546875
-15633.087890624993
-15112.078124999993
-15063.7578125
-14750.701171874993
-14738.552734375
-14403.856933593743
-14238.531249999993
-14053.2216796875
-14052.729003906243
-13785.376464843743
-13563.005859374993
-13530.721679687493
-13159.298828124993
-13262.710937499993
-13356.398437499993
-13477.171874999993
-13282.903320312493
-13092.631835937493
-13069.197265624993
-13160.456054687493
-13187.377929687493
-13255.726562499993
-13063.060546874993
-13034.905273437493
-12967.052734374993
-13116.362304687493
-13123.841796874993
-13258.404296874993
-12954.334960937493
-12988.517578124993
-13147.271484374993
-12959.621093749993
-13183.348632812493
