-49491.98793622043
-34921.84110586146
-23803.958166138214
-21811.37694299079
-26961.10673415977
-28111.76081873944
-31757.583259671384
-32158.726993085984
-30255.068375199928
-25522.524130110203
-19427.349243551107
-17104.095804928063
-18204.444542880003
-17413.12850330143
-17659.775022404563
-16802.175473467716
-16308.413444741507
-15633.117577962112
-15112.09819269255
-15063.772844673047
-14750.718448902606
-14738.571280845348
-14403.874330568879
-14238.545058005993
-14053.23960593203
-14052.747239007938
-13785.391762008547
-13563.02206418414
-13530.74155172894
-13159.31374901894
-13262.727444284323
-13356.412996151505
-13477.189773099471
-13282.918739460069
-13092.649469473015
-13069.213298710156
-13160.472228447039
-13187.395033188348
-13255.73930655028
-13063.076046684682
-13034.920864560627
-12967.069067571325
-13116.37746740931
-13123.85655960429
-13258.420446490296
-12954.350056335568
-12988.534228069931
-13147.288366466344
-12959.635379656573
-13183.362662091848
