-10839.731004532017
-48152.9545731374
-62470.832676914615
-56777.76097478749
-55315.18366388994
-59024.727268419214
-55151.76025035766
-54655.32658734303
-56123.47564856822
-58755.76788310241
-61936.12383692487
-64168.08584197415
-65641.9766368344
-66993.128393127
-68760.10948510551
-69072.67780295655
-69302.3839736773
-68824.58531394057
-68564.35452749148
-68217.53086100292
-67933.70067867072
-67835.33028160737
-68627.13458183709
-69181.5327178549
-69936.2507851769
-70223.21181199624
-70493.70803541392
-70715.1109325585
-70663.8969139016
-70836.46093933609
