-5211.865502266014
-4889.935062492771
-2297.977681545416
-1639.0304810739842
-1250.8092152895674
-1107.783704129212
-1040.7166919629103
-982.4467814800164
-944.9410220957345
-909.7362124929736
-907.5625406501749
-894.3458265018915
-859.142431628585
-858.7994096976796
-883.0458264664537
-869.8114757068586
-828.0368085998394
-786.3373172904846
-788.373465078975
-838.256051185049
-837.2198991539335
-867.9331985182273
-892.1508715979546
-898.9140475315337
-915.3098195191782
-992.4351109375045
-999.8269193518945
-1134.1151007998044
-1135.3134251318038
-1237.8236770610324
