-10839.731004532017
-48152.9545731374
-56576.94575804232
-54830.220314487546
-57524.71950034543
-67401.68579013989
-69722.53656021034
-69605.42299994029
-67996.08852222977
-64094.74141465669
-60516.75954332149
-57298.90120997072
-61809.67979192561
-67199.13868573334
-69868.43771911517
-70610.64821954408
-71121.53234404253
-70693.45809399476
-70943.67542962835
-70514.54688078788
-70245.97702514278
-69623.41974354828
-68777.58735612716
-67618.2675939129
-64920.71476851377
-59961.69325802625
-57434.38710523934
-56353.77191652033
-57595.59109356078
-56081.17486508585
