10423.731004532028
48233.72776972617
57542.00652275947
60667.90711358505
56725.54883734834
50193.79621554408
48204.85890948287
54914.26748911904
54576.494740888615
57774.74280525466
65488.51248067107
69607.29231242542
70662.93085476414
70647.8835744588
70708.03818810181
70400.9443639451
70278.95408126953
69333.78868021864
69158.20941018927
69278.91222072522
69650.73008596814
69847.57103126278
70062.8554613158
70334.69681601225
70712.96341728306
70788.9981880012
70797.05205015853
70871.5943487564
70743.85855916602
70912.356867709
