-10839.731004532017
-2448.669097357056
-2693.1251084008236
-2450.2072218804137
-2514.581833307114
-2617.4501829400083
-2737.191897410751
-2461.8796046463053
-2327.1707822088533
-2226.1339114743973
-2070.0249539749757
-2044.595564678418
-2041.6751586384948
-2085.1531576815105
-2044.0121145476835
-2010.3767899719362
-1942.2811863611782
-1872.1774016338343
-1833.387839910681
-1792.028823494292
-1713.9682657261594
-1709.1981636832984
-1673.6571979719731
-1672.0854281056486
-1654.6437306439668
-1637.6907253497245
-1644.371633948375
-1711.2038135285954
-1640.1521707318298
-1660.4237453755584
