1250.9671630859375
6118.9423828125
7440.852783203125
8643.30712890625
8823.6103515625
8725.9267578125
8787.989257812493
8807.2529296875
8856.4462890625
8845.181640624993
8857.025390624993
8878.34521484375
8877.868652343743
8879.032714843757
8879.5087890625
8888.401367187493
8910.249999999993
8852.92822265625
8887.618164062493
8854.98193359375
8881.0732421875
8896.3681640625
8882.40576171875
8877.716796875
8888.96630859375
8889.9072265625
8871.7333984375
8873.10107421875
8856.592773437493
8878.2783203125
