-5211.865502266014
-24116.863884863084
-28771.003261379734
-30333.953556792527
-28362.77441867417
-25096.89810777204
-24102.429454741436
-27457.13374455952
-27288.247370444307
-28887.37140262733
-32744.256240335533
-34803.64615621271
-35331.46542738207
-35323.9417872294
-35354.019094050906
-35200.47218197255
-35139.47704063477
-34666.89434010932
-34579.104705094636
-34639.45611036261
-34825.36504298407
-34923.78551563139
-35031.4277306579
-35167.348408006124
-35356.48170864153
-35394.4990940006
-35398.52602507926
-35435.7971743782
-35371.92927958301
-35456.1784338545
