10423.731004532028
2233.9819979415247
2538.780434977119
2496.182251436723
2640.651850133331
2720.1868329473104
2676.632246687105
2500.7023911810406
2423.78929446105
2265.7295194009102
2220.5542907642307
2226.336993269425
2236.7142363384332
2175.256671558723
2201.156091604208
2246.8397860158357
2622.862651881423
2807.1667096845636
2490.9153394943696
2197.986601368672
1978.9456742514253
1880.2391445100293
1825.733917838304
1786.5105692545317
1792.1052654792634
1748.0416467334494
1699.5306593697558
1729.188311193832
1610.9967909768104
1605.098565780295
