-5211.865502266014
-19282.17407960367
-21150.257887713182
-16379.72920129474
-14091.98820401768
-15054.381353917022
-14525.688676200074
-13027.940763897048
-12208.850172966704
-12238.02161918207
-11650.067251000357
-7476.6404280524785
-4601.381774810992
-2858.4815589438285
-1944.3082587737586
-2015.4741310915192
-2678.6865240388042
-4059.168847693574
-10128.046603465713
-17643.45933212591
-23437.88959207158
-25868.12071074834
-26823.97328871546
-27277.269104055267
-27385.45483190599
-27357.557255306263
-27323.352136419784
-27385.85649113227
-27304.005985895354
-27628.966162686585
