10423.731004532028
2272.6690973570576
2641.642616976894
2467.3146799724077
2540.9655921456524
2555.492671879392
2544.1956500116517
2398.5860614156672
2304.25161940145
2167.791631363395
2046.6012439952738
2113.1667560609426
2249.4160280403858
2288.223028043398
2289.4206182326275
2258.3215867287618
2283.4033890613887
2192.265256202157
2177.5520167932705
1995.6145957865192
1850.9513644328265
1794.2250755712853
1768.2836385454561
1759.3295471728427
1809.5351334660882
1758.4818818191984
1726.1870727650626
1742.4128238300698
1684.4444133906454
1690.576766627398
