10423.731004532028
48336.76651059283
57066.6107522835
55813.03359709118
56086.56111582223
55058.71121429974
54781.06136221623
57467.80421006344
63211.2355831982
65379.25850732662
68440.03377775467
69590.36976299355
70142.49694852337
70296.1899454931
69818.32965519273
69377.81088392757
70068.05970643632
69451.11216605325
69827.14733173058
69865.39838889062
70234.61704990109
70371.76947705194
70329.25485617205
70338.3603428318
70541.26840202058
70374.57979362793
70349.43174413685
70310.95194549349
69785.86002019115
68856.53292467573
