10423.731004532028
2233.8732039835004
2561.3183379491998
2447.8096498893074
2527.1225039752844
2548.2544089110215
2520.4355841669585
2389.0938675763555
2320.7856016157884
2198.530567978703
2090.361860316443
2023.9550417043733
1972.4253016900068
1939.9618487995438
1931.1987086552685
1929.2314162861676
1988.759983566084
1867.3479992292246
1838.052590913055
1742.7513341153626
1664.9192005688758
1649.4538548800633
1587.2602532491394
1549.8657094884272
1525.4310476324356
1480.691193643756
1452.065740189796
1438.8512606123838
1358.079677064233
1362.4516010055572
