10423.731004532028
47980.39326721344
55134.02603968085
54721.11335029327
56152.038660736755
62713.88705967561
59764.006879205685
61801.25983440509
55630.51947001711
60780.387030169935
62078.39771128615
63782.14057883925
64380.32302677102
64031.709911713995
62609.03034995353
61154.034207792276
61763.37419404519
62762.45102724074
61459.41190934668
59268.91518405728
57830.98834295875
57657.54632789473
57883.28035906046
57054.49291821131
55031.84158365383
52522.66403818129
47706.43404996417
41344.91819594371
32927.88053553862
25699.562742365415
