10423.731004532028
3102.3017900944787
2507.4745983631874
3769.8842574413566
4539.783607310908
4249.706577575295
3490.8429374909415
3129.014262497845
2663.591075321356
2271.8707036454916
2255.432026218751
2362.9797034936655
2380.9986891710228
2388.7229800366063
2393.8104689757574
2349.384989169278
2277.493556204436
2184.385734062581
2283.769183570195
2561.4560710923024
2582.7062599030605
2650.0778285824617
2772.029799433946
2930.065880370553
3033.330899811203
3285.2162035539777
3171.8195863010324
2913.737135291351
2249.457754463474
2102.1450297311435
