10423.731004532028
48429.975589920025
55265.13653858169
57155.41975940764
50129.0193756095
48167.78821670143
53015.1086672393
59877.008259275506
56914.49835906824
57435.808807506226
55493.38535163509
56758.016189119815
58562.69225149519
60898.765490784215
64385.20585739512
67555.67173256262
69251.00886595125
69619.95872264207
70299.60645107533
69299.54564138674
68641.01199436866
67833.33341983521
66738.81827717819
65978.70449749603
65104.98265221473
63821.477840632375
62868.29527402817
60409.34769001772
59450.03247188288
56889.01366448628
