-937.9749348958339
-329.993611653646
-222.95739746093773
-221.69274902343773
-212.35375976562523
-201.6865234375
-211.55440266927098
-220.24271647135447
-228.10839843750023
-236.20894368489598
-242.46317545572924
-238.19649251302098
-239.08772786458348
-225.48470052083348
-211.05843098958348
-201.82975260416674
-196.81726074218773
-191.05305989583348
-190.15421549479174
-193.87556966145848
-189.68098958333348
-203.88256835937523
-197.46346028645848
-190.95776367187523
-181.56152343750023
-173.61641438802076
-175.587910970052
-181.51413981119822
-186.31195068359375
-207.09375000000023
