-10839.731004532017
-9845.87012498554
-4328.492934587917
-2956.7771548716532
-2538.437276609099
-2299.43659765738
-2135.355075180049
-2011.910862347607
-2001.9260292991653
-2096.065857539993
-1994.2649973017062
-2034.204416556266
-2033.522751257263
-2112.565580771384
-2071.8218371894577
-1962.032825544653
-1912.5881569185894
-1843.9821028647839
-1803.2991369963224
-1676.478244143976
-1691.9924616413605
-1767.7888284508608
-1656.7521922912056
-1626.6179172322927
-1677.4547361747514
-1692.2132306436827
-1659.1639495627521
-1694.4416924387347
-1709.3833972549796
-1810.112251593803
