-4012.8940359030385
-914.2302924807592
-1065.6159057617188
-926.801533816848
-945.5737703538962
-964.1277465820312
-1031.6736450195312
-1057.1002197265625
-1084.0185518237759
-1050.2720947265625
-972.6088256835938
-945.53564453125
-890.2560351326129
-839.1019287109377
-796.2560089788399
-771.60456046937
-758.6104125976562
-739.7058642822321
-754.1158447265625
-771.0834642569068
-777.5343933105469
-791.6904276033863
-799.4800308954437
-828.1913248916627
-857.4101907958758
-911.3357748406015
-926.2411387343427
-961.0690307617188
-921.1965702956077
-924.2880999538102
