-5211.865502266014
-24076.37381850961
-31232.841738746116
-28391.666179150314
-27641.003152534824
-27391.94089875769
-28377.13378434084
-27389.194440657528
-27677.59874197854
-27489.453618796502
-27369.81682135901
-27486.689856508856
-27365.05140814535
-27376.153952648445
-27500.319459991566
-27604.569783337756
-27795.85927387465
-27721.454323831207
-27781.38420110415
-27567.00245810791
-27674.681818911056
-27831.881597435422
-27585.05221736114
-27452.178087812936
-27725.720856244916
-27880.622574149536
-27871.316030664184
-27740.269831971695
-27575.40210806748
-27732.267752914584
