-5211.865502266014
-23901.016257741765
-27787.95421557076
-29320.287147485284
-27513.204088634928
-26628.081057104348
-24566.4641076153
-25573.043427094002
-26657.887435203294
-27723.981951744943
-29209.860198270144
-31351.132823228072
-34222.09929960196
-35201.85684010686
-35392.955173977985
-35494.21103589595
-35609.493773470516
-35354.986070624946
-35466.98081292594
-35242.36468515626
-35047.48146137909
-34724.17342459185
-33937.294729824
-33115.97266122184
-32052.056706941203
-30677.431415562478
-29322.46193295584
-28624.06781627644
-28273.63806755737
-26999.23424169389
