10423.731004532028
3743.8864216584793
6730.390320507713
8158.020654355829
13139.047584386175
12932.41549998697
9428.522121365955
6895.904573854331
4333.373740649548
4055.1151084428834
3366.4222366024087
3161.26840258385
3129.212111377257
3150.602488235939
3239.074338668683
3218.978070655213
3279.400504640177
3205.068335275838
3116.8254646427763
3070.1975559806647
3037.1871097858366
3065.5055667740935
3033.8776741766615
3000.5630442363013
2994.069453046225
2998.3363993487774
3016.6901325474782
3010.9175436047094
2978.5685672889454
3099.1953538968874
