-5211.865502266014
-1184.213771716511
-1258.45815658304
-1426.9024668158427
-1251.0815103559678
-1214.209173341886
-1181.0314433819146
-1178.318111495924
-1186.0468783914416
-1194.356016558565
-1106.6570356832965
-1065.029309183027
-1028.707105353111
-1003.3321281967101
-981.33524203598
-954.3894646501915
-1012.9879728778876
-1043.0869492194265
-1118.9560482102097
-1145.1876044020805
-1082.9571869958454
-1016.3441784883759
-935.8393736860014
-856.5881964794523
-845.9235646503155
-826.8097736543854
-810.0692550608176
-826.5605411415523
-796.3693623300198
-801.9321925251993
