-5211.865502266014
-24076.37381850961
-28287.091429102926
-27428.385731034603
-28616.19874796911
-33409.611537383236
-34483.33506142415
-33977.17929212787
-31811.83783463455
-29408.363891747787
-26504.88705627429
-25642.382614850947
-26411.25816348906
-28781.823153343103
-32420.14111209713
-34634.82981185576
-35462.319223112616
-35353.26159493034
-35520.906603849115
-35385.135027440614
-35492.58760711419
-35541.57693217833
-35486.98959174349
-35459.12639076704
-35510.365956937734
-35494.68593834444
-35370.82650591914
-35339.40060848372
-35146.293955856134
-34966.15349765634
