3085.5184570312504
14569.537890624997
16467.641406249997
19325.593554687497
20452.172656249997
20878.788671874994
21074.431640624993
21123.605859375
21267.152734375
21233.434374999997
21253.330859374997
21295.883593749997
21299.969921875003
21305.741406249996
21306.621093749993
21327.703906249997
21379.885156250006
21242.044921875
21324.604296874997
21244.485156249997
21306.95859375
21314.9375
21159.346875000003
20816.29453125
20381.367968750004
19108.557421874997
18202.4125
17882.903515625003
17954.355664062496
16985.351953125
