-5211.865502266014
-24286.334274469762
-27640.091564005095
-28669.03124963896
-32553.8812227842
-34795.14771707413
-34271.27372085307
-34068.71349305772
-33846.165354276935
-33791.18846339135
-33949.61384771369
-34339.664358918744
-34902.21474257779
-35228.82362903644
-35243.733725243466
-35352.73386265419
-35528.18633068773
-35204.306390659556
-35303.98438691509
-35129.31437674996
-35248.75306338287
-35347.612677702266
-35368.658780466074
-35329.31710689842
-35304.87879040122
-34972.696186977584
-35178.05804340741
-35403.64231568253
-35372.84827592488
-35468.07858683642
