-5211.865502266014
-24214.987794960012
-27307.53397061603
-29562.10667177242
-31200.108940436843
-29183.51103795863
-27701.402022332342
-30616.618255079877
-33230.18936363778
-34216.9954113307
-35067.94631926092
-35349.293961654344
-35472.57710320409
-35495.955954716
-35496.51813870399
-35526.84620231687
-35614.440309484955
-35376.62734133627
-35472.67541496759
-35324.08605534781
-35374.75373271359
-35327.921465967425
-35099.48088547906
-34718.15131742235
-34038.68481984381
-32198.122265312617
-30060.968203720677
-28034.246689713782
-31055.264866159745
-33496.380519041675
