-937.9749348958339
-825.9912109375009
-392.99755859375045
-329.8590901692712
-248.7508544921875
-217.95890299479197
-206.78511555989598
-186.07393391927098
-177.82332356770848
-161.289774576823
-161.92818196614598
-156.39286295572947
-144.52602132161473
-144.80275472005223
-150.51114908854174
-149.63958740234398
-144.011210123698
-132.39565022786473
-139.736083984375
-154.0510050455731
-164.87984212239587
-176.66719563802098
-188.37221272786473
-192.16829427083348
-190.23677571614598
-205.76000976562523
-208.994608561198
-223.0452880859375
-207.91430664062523
-211.33447265625
