-5211.865502266014
-1136.3345486785288
-1297.5625542004113
-1187.1036109402075
-1239.290916653557
-1270.7250914700044
-1291.5959487053747
-1186.939802323152
-1138.5853911044267
-1087.0669557371984
-1012.0124769874885
-1002.2977823392093
-996.8375793192475
-1021.5765788407556
-998.0060572738412
-986.1883949859681
-952.140593180589
-902.088700816918
-890.6939199553402
-864.0144117471461
-828.9841328630794
-839.5990818416492
-817.8285989859853
-804.0427140528249
-796.3218653219844
-788.8453626748621
-776.1858169741881
-774.6019067642969
-729.0760853659152
-734.2118726877791
