10423.731004532028
48685.36486134686
54998.59530605101
62286.74059122591
69488.76011217563
70252.43185468629
68555.04269809349
67413.54623590858
66849.8181810282
65628.13705866536
66720.6232881601
68696.59216183312
70221.68316434177
70782.93893285269
70859.26907580167
70981.85040398668
71172.89731136443
70647.23481967859
70952.16062697505
70629.76124359529
70749.32813961693
70645.74163004893
70332.78214322275
70004.27625050933
69215.22575940161
67237.87164565266
64900.07974717619
63424.73428181807
63373.27611856683
61726.929195296325
