-5211.865502266014
-1116.9909989707623
-1236.9970993626694
-1182.3466435315186
-1217.6697678281503
-1225.9379001393422
-1320.575618321247
-1415.9799561321481
-1755.9347664118104
-1806.349932493949
-1391.206317734174
-1231.0831774721123
-1070.1635697071945
-933.3292770406509
-900.1476300072269
-973.8060826416956
-1305.640781146593
-1398.7693597285502
-1326.7067274589724
-1155.92409813954
-956.9802071728825
-883.1682398894361
-846.7617731542244
-809.7243863962483
-806.3625754206575
-797.8021230013895
-789.693098170661
-792.435594166262
-759.1441696884107
-770.0515750425495
