1250.9671630859375
6042.45361328125
6837.320800781243
6991.36962890625
8368.424804687485
8340.767089843743
8351.5205078125
8522.190917968743
8390.166015625007
8526.78515625
8753.278808593743
8831.6865234375
8860.022460937493
8873.827636718735
8871.834472656243
8872.772949218743
8908.566406249993
8852.837402343743
8887.731933593743
8854.015625
8880.5908203125
8890.9052734375
8876.8017578125
8860.327636718743
8873.28857421875
8860.97216796875
8830.104492187507
8845.3759765625
8821.1494140625
8838.29052734375
