-5211.865502266014
-23864.672435325585
-33628.973629926804
-34453.278501140965
-33764.30639700878
-30396.931531039892
-27378.625079397178
-27448.829760583478
-27450.534820163255
-27396.387678374602
-27535.835091521538
-27581.006854049425
-27447.447924454762
-27418.136399203708
-27301.111367883586
-26724.724861550836
-25986.956259261548
-23353.61499325012
-20335.387756887863
-18100.108592607925
-15362.412595371123
-8851.966837461347
-8968.25955286581
-11092.752867112707
-11944.567485126576
-12407.189327134116
-12378.813339188977
-11827.632329609098
-11172.087241018413
-10846.866966556774
