3085.5184570312504
14724.602343749997
17964.3125
20735.172265625
21105.344531249997
20731.603515625
20316.53671875
20407.826171875
20256.52890625
20488.038671875
20946.893750000003
21160.013671875
21261.279296874993
21298.040234374996
21301.27890625
21324.953906249997
21379.62734375
21241.932421874997
21324.942187499997
21246.362109374997
21308.731640624996
21345.179296874994
21311.418359375
21299.915625
21326.66640625
21328.672656249997
21284.803906250003
21287.834375000006
21247.968359374994
21299.76015625
