-5211.865502266014
-1116.9366019917502
-1280.6591689745999
-1223.9048249446537
-1263.5612519876422
-1274.1272044555108
-1260.2177920834793
-1194.5469337881777
-1160.3928008078942
-1099.2652839893515
-1045.1809301582216
-1011.9775208521867
-986.2126508450034
-969.9809243997719
-965.5993543276343
-964.6157081430838
-994.379991783042
-933.6739996146123
-919.0262954565275
-871.3756670576813
-832.4596002844379
-824.7269274400317
-793.6301266245697
-774.9328547442136
-762.7155238162178
-740.345596821878
-726.032870094898
-719.4256303061919
-679.0398385321165
-681.2258005027786
