-5211.865502266014
-23990.19663360672
-29982.831126195164
-29117.56359858882
-31089.507612129943
-28821.755782202097
-27443.930447838724
-27420.952293643095
-27635.027810147916
-27356.52816869081
-27309.536268830816
-27381.37444796708
-27420.755916190432
-27398.92448631421
-27372.810389970786
-27169.572187563677
-27248.282560159125
-26979.301701574343
-26881.44772916499
-26710.96888036963
-28079.842619130686
-30579.373429828604
-32390.696839378943
-31892.47225333371
-30256.894622223936
-30116.188334574428
-29513.5619966062
-30530.538445557882
-31929.381508164934
-33863.79417170889
