1250.9671630859375
6042.150390625
7133.4365234375
6976.7861328125
7011.015625
6882.571044921875
6847.90185546875
7183.77978515625
7901.9404296875
8172.78564453125
8555.4189453125
8699.25244140625
8768.306640624993
8787.555664062493
8727.8603515625
8672.833007812493
8759.14892578125
8682.06884765625
8729.106445312493
8733.922851562493
8780.108398437493
8797.286132812493
8792.008300781235
8793.180664062493
8818.57666015625
8797.774414062493
8794.6650390625
8789.889648437493
8724.286621093757
8608.152832031243
