-10839.731004532017
-2498.3641085531317
-2864.592627536669
-2490.654295515019
-2530.3228254378146
-2590.0582508382017
-2811.749929282785
-2897.075845353481
-2977.6799804475886
-2899.829866445718
-2655.567136036011
-2576.2719286598417
-2417.132064439561
-2263.7218590693483
-2133.855384602858
-2065.903139836193
-2029.734373943591
-1992.5141446005698
-2022.8346673464882
-2074.620323904926
-2086.9855049876737
-2116.540085209321
-2142.397750147222
-2230.7214633989925
-2306.328021428134
-2450.388850003191
-2495.5594748906133
-2605.3114405568995
-2505.574741548122
-2520.4410240336515
