-937.9749348958339
-4160.260416666668
-4938.323567708336
-5749.5690104166715
-5855.1354166666715
-5665.4440104166715
-5310.380208333336
-5506.057291666664
-5712.665364583336
-5832.289062500007
-5882.750000000007
-5910.938802083336
-5914.933593750007
-5915.9947916666715
-5916.0885416666715
-5921.794270833336
-5936.140625
-5897.7018229166715
-5920.61328125
-5898.638020833343
-5915.8125
-5925.795572916664
-5916.2682291666715
-5912.929687500007
-5920.2135416666715
-5920.626302083343
-5908.2994791666715
-5908.9947916666715
-5897.778645833336
-5912.020833333343
