-5211.865502266014
-24214.987794960012
-27632.568269290845
-28577.70987970382
-25064.50968780475
-24083.894108350716
-26507.55433361965
-29938.504129637753
-28457.24917953412
-28717.904403753113
-27746.692675817543
-28379.008094559907
-29281.346125747594
-30449.382745392108
-32192.60292869756
-33777.83586628131
-34625.50443297563
-34809.979361321035
-35149.80322553767
-34649.77282069337
-34320.50599718433
-33916.666709917605
-33369.40913858909
-32989.352248748015
-32552.491326107363
-31910.738920316187
-31434.147637014084
-30204.67384500886
-29725.01623594144
-28444.50683224314
