-10839.731004532017
-3863.886421658482
-7655.5650803224125
-6519.1709193430415
-5568.201682890395
-3625.4170259577913
-3685.6318022211426
-2639.310898454856
-2723.626366365886
-2791.999583404273
-2885.9640477621037
-2840.918374544078
-2824.3814590328225
-2884.348196773809
-2870.5715598018346
-2890.019927443497
-2895.495703086153
-2894.5543219133515
-2791.87840703102
-2782.5137214911215
-2777.89244098304
-2681.894505040966
-2603.204647973175
-2531.8436566643713
-2637.320781266611
-2682.498982731232
-2898.2712817340184
-3220.116889426005
-2803.3975502336116
-3423.865027358946
