-10839.731004532017
-48653.10702847329
-55958.68576066392
-67934.16384156558
-70950.56005950598
-70760.01884201758
-70866.45223060691
-70604.02621597153
-70870.91156695913
-70597.36253868378
-70576.42050005984
-70480.7843272557
-70707.91936944246
-70896.32712683362
-70964.31169791543
-71059.66037712479
-71233.66128280401
-70772.39213433332
-71047.31468277391
-70783.62370691603
-70989.73997408763
-71109.48412694265
-70992.45318907595
-70950.47809306222
-71034.53497609029
-71013.4414571821
-70752.1210253345
-70750.05627925943
-70659.82622895334
-70852.59114240679
