-10839.731004532017
-48948.67914324858
-56762.82151204066
-67736.2200988026
-69968.04416002646
-65802.4709277357
-62303.14677840013
-63072.96582482103
-66389.29171370182
-68474.18518639606
-70274.25197496769
-70884.29281481443
-70970.20277200424
-70991.88077547622
-70991.13886513072
-71051.68967200644
-71232.52302529136
-70765.09525784313
-71010.07907977188
-70754.5715322281
-70985.4315021371
-71106.99413136441
-70992.84547663716
-70942.83802117994
-71019.14113754491
-70903.30224254723
-70456.37192801668
-70200.40730990593
-69608.11143520648
-68736.00789279626
