-937.9749348958339
-4047.7239583333358
-4583.257812500004
-5383.548177083336
-5739.341145833336
-5859.140625000007
-5892.854166666664
-5881.93359375
-5905.716145833336
-5889.643229166664
-5890.617187500007
-5882.4479166666715
-5897.1510416666715
-5911.298177083336
-5912.328125000007
-5918.730468750007
-5930.8541666666715
-5887.130208333336
-5907.854166666664
-5871.5729166666715
-5840.792968750007
-5759.2682291666715
-5615.1744791666715
-5397.005208333336
-5552.766927083336
-5675.81640625
-5772.153645833336
-5854.1354166666715
-5878.881510416679
-5903.535156250007
