-4012.8940359030385
-18721.279296875
-22222.5419921875
-25873.464843750007
-26348.51171875
-25494.98138600064
-23896.8408203125
-24777.878868817916
-25707.689156021752
-26246.062499090098
-26473.212890625015
-26600.138671875
-26618.181640625007
-26623.02734375
-26623.515625197255
-26649.26171880011
-26713.887695364654
-26540.986328125
-26644.150390581042
-26545.32910147738
-26622.69140625
-26667.665038988558
-26624.87304671984
-26609.908202992567
-26642.75976547003
-26644.68133787811
-26589.264637721517
-26592.470703125007
-26542.058846444826
-26606.220703125015
