-4012.8940359030385
-18245.63842977095
-20986.28125
-25477.974609375007
-26610.032238156957
-26539.423828125
-26580.122071042144
-26482.458984375
-26583.279296875015
-26481.408203125
-26474.258789387764
-26439.0859375
-26524.943359375007
-26596.271484375
-26622.443359375
-26658.872070618207
-26724.788086193985
-26552.484375
-26656.240234375015
-26558.01171875
-26635.962890625
-26681.521484375
-26638.28417998399
-26623.193359375007
-26655.359375
-26648.09863310871
-26550.755859375007
-26550.625977116357
-26517.431640625
-26590.353515625
