10423.731004532028
38564.34815920734
42300.515775426364
32759.45840258948
28183.97640803536
30108.762707834045
29051.377352400148
26055.881527794096
24417.70034593341
24476.04323836414
23300.134502000714
14953.280856104957
9202.763549621985
5716.963117887657
3888.616517547517
4030.9482621830384
5357.3730480776085
8118.337695387148
20256.093206931426
35286.91866425182
46875.77918414316
51736.24142149668
53647.94657743092
54554.538208110534
54770.90966381198
54715.114510612526
54646.70427283957
54771.71298226454
54608.01197179071
55257.93232537317
