-5211.865502266014
-24076.4772865687
-31235.416338457308
-28388.880487393744
-27657.59183194497
-29512.363634209607
-27575.88012517883
-27327.663293671514
-28061.73782428411
-29377.883941551205
-30968.061918462434
-32084.042920987074
-32820.9883184172
-33496.5641965635
-34380.054742552755
-34536.33890147827
-34651.19198683865
-34412.29265697028
-34282.17726374574
-34108.76543050146
-33966.85033933536
-33917.665140803685
-34313.567290918545
-34590.76635892745
-34968.12539258845
-35111.60590599812
-35246.85401770696
-35357.55546627925
-35331.9484569508
-35418.230469668044
