10423.731004532028
49080.088560928765
56938.03774035431
65956.12707373312
69901.07312067883
68479.09726098742
60185.131847375844
58383.875496105604
59511.909851673016
64067.26638169162
68315.42546947708
70166.10885601545
70824.40031698393
70969.58489587593
70983.71997646856
71054.28698511682
71228.30319495914
70763.62533409549
71032.18847806065
70737.08445757812
70935.2967435463
70948.69247870521
70695.37165077837
70514.53953666532
70230.17190627348
69392.71420354674
68704.4421232807
70062.1910131046
70571.61921606446
70867.20484396242
