10423.731004532028
48233.72776972617
54615.22087571585
54421.48740446271
57836.85509993534
68346.98373103705
70475.31988092461
70566.28855622382
70892.49398535797
70754.6866304978
70826.56066736275
70995.46301041482
70986.2306835862
70991.911909432
70980.68746781995
70850.14893973127
70287.08944550621
67573.14426826354
62849.28794833288
59552.108742053504
57893.47464239609
56534.013063947124
53220.90856265226
50219.72648787646
47252.021111990405
45926.29916642488
45712.641536930685
45852.02480024109
46414.20590570498
46222.07161257007
