-5211.865502266014
-24474.33957162429
-29759.86488240586
-34567.83781496382
-35287.284127739695
-34894.89774930766
-35141.62696224778
-35217.189053555245
-35412.52887182102
-35366.04737897202
-35412.0247118525
-35495.92565694604
-35492.64355207444
-35495.955954716
-35496.51813870399
-35530.75295698985
-35616.830641402004
-35386.19606716666
-35523.657341386956
-35391.81185345801
-35494.869987043814
-35554.74206347133
-35497.60153589423
-35477.55599427949
-35521.28197008418
-35523.752453751666
-35449.77076353409
-35453.95775721025
-35386.65778050275
-35472.11375387728
