-5211.865502266014
-24474.33957162429
-28381.41075602033
-33868.1100494013
-34984.02208001323
-32901.23546386785
-31151.573389200064
-31536.482912410516
-33194.64585685091
-34237.09259319803
-35137.12598748384
-35442.146407407214
-35485.10138600212
-35495.94038773811
-35495.56943256536
-35525.84483600322
-35616.26151264568
-35382.547628921566
-35505.03953988594
-35377.28576611405
-35492.71575106855
-35553.497065682204
-35496.42273831858
-35471.41901058997
-35509.570568772455
-35451.651121273615
-35228.18596400834
-35100.203654952966
-34804.05571760324
-34368.00394639813
