-5211.865502266014
-24540.044280464383
-28469.018870177155
-32978.06353686656
-34950.53656033942
-34239.54863049371
-30092.565923687922
-29191.937748052802
-29755.954925836508
-32033.63319084581
-34157.71273473854
-35083.05442800772
-35412.20015849196
-35484.792447937965
-35491.85998823428
-35527.14349255841
-35614.15159747957
-35381.81266704774
-35516.094239030324
-35368.54222878906
-35467.64837177315
-35474.346239352606
-35347.685825389184
-35257.26976833266
-35115.08595313674
-34696.35710177337
-34352.22106164035
-35031.0955065523
-35285.80960803223
-35433.60242198121
