10423.731004532028
48336.76651059283
54691.475880408965
55920.334611835584
66933.57784329669
66708.9044626602
66791.73225344885
68154.0236198714
67094.83451694841
68184.93740040562
69993.99476418101
70618.36276888773
70842.18976218303
70949.7888036436
70931.04149582385
70935.80833520499
71219.439879978
70770.8714129669
71047.31468277391
70774.9320593795
70984.8743966601
71064.75033688288
70949.3025072597
70814.86749453474
70915.96495004106
70814.83464129313
70565.2828681872
70684.90719883212
70488.51742473335
70623.08475017064
