-4012.8940359030385
-874.7061157226562
-941.6197889495525
-902.8818508608238
-923.8852060755707
-933.1236572265625
-1037.6338500976562
-1136.2154541015625
-1434.2340087890625
-1511.6032600531362
-1144.8095092773438
-998.2608032226562
-838.606201171875
-710.0078566856683
-685.6447143554688
-739.406616210938
-984.3106079101562
-1056.70458984375
-1001.2175903320312
-876.6851806640625
-725.5180969238281
-669.1849586594836
-643.9004821777344
-622.1409777943045
-622.6370737645775
-615.7345934303476
-620.6706848144531
-632.7459716796875
-613.7971972087398
-627.9975280761719
