1250.9671630859375
6054.10498046875
6827.769531249993
7391.852783203125
7801.77001953125
7298.025634765625
6927.854980468757
7656.989013671875
8310.7451171875
8557.827148437507
8770.9482421875
8841.66357421875
8872.861328124993
8879.07666015625
8879.5771484375
8887.513671875
8909.7626953125
8850.65771484375
8875.01416015625
8838.204101562493
8851.2080078125
8839.8330078125
8783.0537109375
8688.04833984375
8518.505371093757
8058.681884765625
7524.693603515625
7018.289306640625
7773.8056640625
8384.37109375
