-10839.731004532017
-2552.4275434330198
-2625.9311587383736
-2487.2128341146195
-2575.017678181562
-2622.9885865577608
-2605.456514182796
-2412.2680825688485
-2262.8537548178956
-2170.3048020023457
-2528.9121844792567
-2687.042710332518
-2591.428267940145
-2320.5808117349798
-2022.0007545258363
-1904.4628841191993
-1903.3957912654762
-1889.2504222014209
-1934.913023638476
-1924.067376300034
-1894.0467984227187
-1883.1575365983176
-1883.591277581613
-1872.4623080611243
-1821.817758807736
-1781.7784670275373
-1733.71259865926
-1748.47758082702
-1705.938598717393
-1747.6323023329162
