10423.731004532028
3743.8864216584793
6895.565080322411
5899.170919343049
5176.201682890395
3287.4170259578045
3279.631802221137
2561.310898454857
2583.626366365886
2683.999583404275
2815.9640477621024
2788.9183745440773
2760.381459032823
2822.3481967738094
2816.571559801836
2842.019927443497
2839.495703086153
2822.554321913352
2747.8784070310207
2730.5137214911215
2741.89244098304
2667.8945050409657
2563.204647973177
2479.8436566643695
2561.3207812666105
2610.498982731231
2804.2712817340184
3062.116889426005
2723.3975502336093
3287.8650273589506
