-5211.865502266014
-4889.935062492771
-1870.246467293955
-1344.388577435825
-1180.2186383045494
-1103.718298828691
-1031.6775375900236
-992.9554311738032
-987.9630146495823
-1012.0329287699967
-981.1324986508534
-977.1022082781337
-961.7613756286319
-979.2827903856902
-953.9109185947302
-917.0164127723258
-893.2940784592968
-857.9910514323899
-858.6495684981604
-818.2391220719896
-816.9962308206799
-850.8944142254317
-792.3760961456022
-778.3089586161466
-789.7273680873749
-785.1066153218409
-760.581974781376
-759.2208462193678
-752.6916986274906
-798.0561257969013
