-5211.865502266014
-1551.1508950472394
-1286.184048487809
-1535.447051189829
-1568.7009565208632
-1378.961959779248
-1179.1636312221435
-1157.9844427284377
-1232.8597148302604
-1380.177520652011
-1522.0833988676527
-1502.9709111023924
-1685.3601824450689
-1454.8182621566573
-1333.721566399839
-1258.7184264905031
-1272.7502305211212
-1175.6628981449835
-1139.2747086761779
-1128.7966224979311
-1076.77244239421
-1047.5444215388611
-1050.7168711238014
-1038.8503684328423
-1030.5021095060056
-1044.3378668034131
-1013.251494180771
-1049.6799641292225
-1024.69025357868
-1018.9796625786964
