3085.5184570312504
14724.119335937496
17081.590039062503
19787.039453125
20970.643359374997
20544.114453125003
18055.083593749994
17515.668164062496
17854.125195312503
19220.787695312494
20495.288281249996
21050.558203125
21248.100781249996
21291.719531249997
21296.01328125
21317.239453125003
21369.50390625
21230.157421874996
21310.782421874996
21222.30234375
21281.82421875
21285.89453125
21209.955859374997
21155.758593750004
21070.504687499997
20819.317578125003
20612.891015625006
21020.266015625
21173.144140624994
21261.874218749996
