10423.731004532028
2233.9819979415247
2473.9941987253387
2364.693287063037
2435.3395356563005
2451.8758002786844
2641.151236642494
2831.9599122642962
3511.869532823621
3612.699864987898
2782.412635468348
2462.1663549442246
2140.327139414389
1866.6585540813019
1800.2952600144538
1947.6121652833913
2611.281562293186
2797.5387194571003
2653.413454917945
2311.84819627908
1913.960414345765
1766.3364797788722
1693.5235463084489
1619.4487727924966
1612.725150841315
1595.604246002779
1579.386196341322
1584.871188332524
1518.2883393768213
1540.103150085099
