-8025.78612574679
-37443.76953125
-45883.48488126947
-51554.236328125
-51656.49609334568
-48552.16088674777
-48318.1708984375
-50325.65234375
-51753.345703125
-52575.00585935774
-53004.15625
-53214.685546875
-53250.171875
-53264.033203088125
-53266.2421875
-53318.966796875
-53449.427734375
-53104.83984367648
-53312.15234375
-53101.220703125
-53235.55468736576
-53165.689452957886
-52711.60937487884
-51981.242187422344
-50369.48437492918
-46985.51755916067
-43746.900323150505
-41525.4560546875
-43559.3916015625
-46253.78027343751
