-5211.865502266014
-24168.383255296416
-27345.737940204483
-27960.167305917792
-33466.788921648345
-33354.4522313301
-33395.866126724424
-34077.0118099357
-33547.417258474205
-34092.46870020281
-34996.99738209051
-35309.181384443866
-35421.094881091514
-35474.8944018218
-35465.52074791193
-35467.90416760249
-35609.719939989
-35385.43570648345
-35523.657341386956
-35387.46602968975
-35492.43719833005
-35532.37516844144
-35474.65125362985
-35407.43374726737
-35457.98247502053
-35407.417320646564
-35282.6414340936
-35342.45359941606
-35244.258712366674
-35311.54237508532
