-5211.865502266014
-1116.9366019917502
-1269.6922381835307
-1165.4294445778564
-1196.1941377505095
-1212.6427109677306
-1162.1825127385564
-1110.36603598158
-1099.6869576481654
-1075.1345230266759
-1004.8384104711316
-986.2587582708873
-949.4763949294336
-915.4864366520908
-910.2079127733165
-890.565044315229
-892.2506512455824
-872.0697645296556
-885.7672142745641
-872.1568675468947
-870.7134204782076
-838.3357773082735
-810.9255168795261
-777.2881511433059
-752.8141659011909
-730.2417705611427
-710.6795664340871
-704.0158388788007
-672.1831209166307
-687.6251674852184
