-10839.731004532017
-48563.21204514487
-54887.40164837318
-64411.556756796475
-68164.47916047381
-69584.29416872162
-70234.31540166213
-70396.18856357569
-70872.6797096355
-70758.36860679588
-70822.77123167225
-70962.72136715279
-70974.49582338354
-70991.911909432
-70993.03627740798
-71061.5059139797
-71233.66128280401
-70772.39213433332
-71045.82513145782
-70777.00461977629
-70983.49768055927
-71008.33920984974
-70487.97456627173
-69342.72378017823
-67891.28553080272
-63646.91302495411
-60624.86549173457
-59558.35818494561
-59795.053330491435
-56563.56224851431
