10423.731004532028
48152.74763701922
62465.68347749223
56783.33235830063
55282.00630506965
54783.88179751538
56754.26756868168
54778.388881315055
55355.19748395708
54978.907237593005
54739.63364271802
54973.37971301771
54730.1028162907
54752.30790529689
55000.63891998313
55209.13956667551
55591.7185477493
55442.908647662414
55562.7684022083
55134.00491621582
55349.36363782211
55663.763194870844
55170.10443472228
54904.35617562587
55451.44171248983
55761.24514829907
55742.63206132837
55480.53966394339
55150.80421613496
55464.53550582917
