-10839.731004532017
-48948.67914324858
-59519.72976481172
-69135.67562992765
-70574.56825547939
-69789.79549861532
-70283.25392449556
-70434.37810711049
-70825.05774364204
-70732.09475794404
-70824.049423705
-70991.85131389208
-70985.28710414888
-70991.911909432
-70993.03627740798
-71061.5059139797
-71233.66128280401
-70772.39213433332
-71047.31468277391
-70783.62370691603
-70989.73997408763
-71109.48412694265
-70995.20307178846
-70955.11198855899
-71042.56394016836
-71047.50490750333
-70899.54152706818
-70907.9155144205
-70773.3155610055
-70944.22750775456
