10423.731004532028
2368.427543433022
2516.91631316608
2853.8049336316853
2502.1630207119356
2428.418346683772
2362.0628867638293
2356.636222991848
2372.0937567828832
2388.71203311713
2213.314071366593
2130.058618366054
2057.414210706222
2006.6642563934201
1962.67048407196
1908.778929300383
2025.9759457557752
2086.173898438853
2237.9120964204194
2290.375208804161
2165.914373991691
2032.6883569767517
1871.6787473720028
1713.1763929589047
1691.847129300631
1653.6195473087707
1620.1385101216351
1653.1210822831047
1592.7387246600397
1603.8643850503986
