-10839.731004532017
-2381.8732039835004
-2617.3183379491975
-2509.8096498893065
-2563.1225039752835
-2602.2544089110224
-2606.4355841669576
-2465.0938675763546
-2370.785601615789
-2258.530567978703
-2136.361860316444
-2063.955041704373
-2020.425301690006
-1981.9618487995438
-1977.1987086552704
-1967.2314162861683
-2026.759983566084
-1921.3479992292243
-1880.0525909130542
-1786.7513341153633
-1700.9192005688753
-1671.4538548800633
-1613.2602532491385
-1587.8657094884277
-1567.4310476324351
-1524.691193643756
-1518.065740189796
-1546.8512606123827
-1524.0796770642335
-1562.4516010055559
