-937.9749348958339
-4047.7246093750036
-4606.682291666668
-4778.17578125
-5425.645833333336
-5799.191406250007
-5711.880208333336
-5678.121093750007
-5641.029947916664
-5631.867187500007
-5658.2721354166715
-5723.278645833343
-5817.036458333336
-5871.473958333343
-5873.957031250007
-5892.125
-5921.364583333336
-5867.388020833336
-5883.9986979166715
-5854.888020833336
-5874.794270833336
-5891.269531250007
-5894.778645833336
-5888.2213541666715
-5884.148437500007
-5828.785156250007
-5863.0143229166715
-5900.609375000007
-5895.476562500007
-5911.3463541666715
