-5211.865502266014
-24342.68243067343
-27499.297653025504
-31143.370295612956
-34744.380056087815
-35126.215927343146
-34277.52134904674
-33706.77311795429
-33424.9090905141
-32814.06852933268
-33360.31164408005
-34348.29608091656
-35110.841582170884
-35391.469466426344
-35429.634537900834
-35490.92520199334
-35586.448655682216
-35323.617409839295
-35476.080313487524
-35314.880621797645
-35374.66406980847
-35322.870815024464
-35166.391071611375
-35002.13812525466
-34607.612879700806
-33618.93582282633
-32450.039873588095
-31712.367140909035
-31686.638059283414
-30863.464597648162
