-10839.731004532017
-48864.15587504367
-55223.2687693083
-65695.62648638104
-69855.58768002942
-68547.10479653675
-62025.96872672887
-56630.57497812094
-58615.44747146325
-61229.7716794385
-65725.36229758683
-69522.3273242536
-70663.00951408001
-70940.6577592864
-70965.20434720763
-71053.32092544751
-71229.26252856072
-70770.57245959295
-71047.25936477228
-70780.62387297944
-70989.73997408763
-71108.47613333398
-70983.31957135377
-70902.49222407157
-70940.29195731037
-70630.7210288562
-70010.09654009412
-69826.20301247184
-69924.10609293301
-70177.02835259456
