10423.731004532028
2318.3641085531262
2574.5391795224805
2678.673889057691
2455.058645431841
2571.5428735210176
2845.3910204023955
3066.9924964794636
3393.244048568192
3699.135962440545
3807.470546915836
3999.377012792069
4096.098570828362
3657.379923169402
3347.501806540703
3089.6810372280106
2901.4640096802436
2631.4350777886916
2518.4920759023707
2420.906745983721
2350.776342773232
2339.423282505989
2333.867475082171
2309.8673367722677
2306.6739752832264
2309.183785313354
2293.0756227718734
2280.004903311493
2232.886377118512
2247.880411571255
