10423.731004532028
49923.101627729564
59259.759227597635
68995.29082162904
70261.60691603187
67985.31761772916
63723.8754695035
66072.64404309832
68551.96475046208
69987.42606978706
70592.9739713963
70931.26085069039
70979.16908914105
70991.911909432
70993.03627740798
71061.5059139797
71233.66128280401
70772.39213433332
71047.31468277391
70783.62370691603
70989.73997408763
71109.48412694265
70995.20307178846
70955.11198855899
71042.56394016836
71047.50490750333
70899.54152706818
70907.9155144205
70773.3155610055
70944.22750775456
