-5211.865502266014
-24281.606022572436
-27721.896330855012
-28386.56304795132
-30725.693559538042
-33633.99070268645
-32540.656352535356
-32689.18745051849
-32469.85538303
-32069.96368698829
-32299.77107893073
-32791.92730636925
-34503.24650726409
-35000.2622446413
-35145.89392744463
-35323.86757157716
-35464.3967316622
-35109.54601611093
-35277.256577535954
-34885.50603578506
-33878.020064169206
-31819.47112810736
-29400.4952094084
-28396.533242762256
-29417.47549392184
-30598.66624292358
-31687.959566743648
-32767.616748299875
-33753.29833289214
-34501.016899035145
