-5211.865502266014
-24116.863884863084
-27307.610437857926
-27210.743702231353
-28918.42754996767
-34173.491865518525
-35237.659940462305
-35283.14427811191
-35446.246992678985
-35377.3433152489
-35413.280333681374
-35497.73150520741
-35493.1153417931
-35495.955954716
-35490.34373390998
-35425.074469865634
-35143.544722753104
-33786.57213413177
-31424.64397416644
-29776.054371026752
-28946.737321198045
-28267.006531973562
-26610.45428132613
-25109.86324393823
-23626.010555995203
-22963.14958321244
-22856.320768465343
-22926.012400120544
-23207.10295285249
-23111.035806285036
