-937.9749348958339
-3213.697916666668
-5006.403645833343
-4912.4947916666715
-4921.5963541666715
-5406.403645833336
-5754.4713541666715
-5882.0182291666715
-5845.169270833336
-5863.830729166679
-5857.888020833336
-5867.346354166679
-5884.505208333336
-5883.712239583343
-5866.391927083336
-5708.484375
-5321.895833333336
-4703.182942708336
-4580.506510416664
-4693.7916666666715
-4988.994791666664
-5258.761067708336
-5373.9947916666715
-5516.671875
-5572.4440104166715
-5648.947916666679
-5603.0390625
-5547.42578125
-5412.817708333343
-5297.685546875
