-10839.731004532017
-2381.981997941521
-2596.78043497712
-2564.182251436724
-2686.651850133331
-2808.186832947309
-2776.6322466871015
-2570.702391181041
-2471.789294461049
-2317.7295194009102
-2266.5542907642307
-2266.336993269426
-2284.714236338434
-2217.256671558724
-2249.1560916042095
-2284.839786015836
-2658.862651881423
-2869.166709684566
-2536.915339494368
-2247.986601368671
-2020.945674251426
-1906.2391445100288
-1851.733917838304
-1818.5105692545305
-1832.105265479262
-1780.04164673345
-1753.5306593697558
-1773.1883111938325
-1664.9967909768093
-1665.098565780297
