-10839.731004532017
-3831.90476193385
-2406.4977160886892
-2270.425159911437
-2464.928272994325
-2461.1467554483847
-2413.248176792256
-2392.7238799502384
-2402.0562159623887
-2435.409529443622
-2316.223399489083
-2361.4288765219885
-2285.060088718774
-2172.9738055589187
-2103.544714222695
-2008.3765478252349
-1943.726075841245
-1889.5318938266282
-1926.6202044541903
-1891.9557961981136
-1879.728851833411
-1881.2869013715929
-1873.9619093588703
-1860.2560531158979
-1855.9151175530546
-1846.6928501700174
-1876.74494104381
-1920.6279603699095
-1927.4668307696952
-2007.7964382076298
