10423.731004532028
2272.6690973570576
2595.1251084008227
2374.207221880415
2478.581833307114
2541.4501829400087
2583.1918974107493
2373.879604646304
2277.1707822088533
2174.133911474397
2024.024953974977
2004.5955646784187
1993.675158638495
2043.1531576815112
1996.0121145476824
1972.3767899719362
1904.281186361178
1804.177401633836
1781.3878399106804
1728.0288234942923
1657.9682657261587
1679.1981636832984
1635.6571979719706
1608.0854281056497
1592.6437306439689
1577.6907253497243
1552.3716339483763
1549.2038135285939
1458.1521707318304
1468.4237453755582
