-5211.865502266014
-23864.672435325585
-29846.23799397167
-25339.55343873628
-23738.738774919566
-23078.693893762484
-22072.288530720183
-22071.428368365196
-22285.623545817496
-22508.740861699564
-21185.839845905488
-18170.786851148765
-15285.747380848106
-13733.600146842338
-11651.246811696083
-10862.92577968942
-10708.161716711202
-10716.385921453828
-11142.281891279485
-11566.52900653148
-11891.26649438531
-10667.102650315413
-8469.223788271636
-7179.899096772414
-6320.754778449487
-5868.133123637579
-5686.390898160555
-5529.83289226476
-5590.928349997664
-5851.493366175516
