10423.731004532028
3102.3017900944787
2572.368096975618
3070.894102379658
3137.4019130417264
2757.923919558496
2358.327262444287
2315.9688854568753
2465.7194296605207
2760.355041304022
3044.1667977353054
3005.941822204785
3370.7203648901377
2909.6365243133146
2667.443132799678
2517.4368529810063
2545.5004610422425
2351.325796289967
2278.5494173523557
2257.5932449958623
2153.54488478842
2095.0888430777222
2101.433742247603
2077.7007368656846
2061.004219012011
2088.6757336068263
2026.502988361542
2099.359928258445
2049.38050715736
2037.9593251573929
