10423.731004532028
3703.904761933854
2375.606958047812
2432.285080205117
2304.3138745599545
2236.4732742587157
2298.6823300605242
2370.954249424295
2377.329461269204
2438.5259139499417
2461.567214854478
2458.3530698228924
2537.035950119346
2477.7868625803667
2408.661983460691
2333.906697898859
2325.7454674032497
2232.56447931068
2233.764655144159
2274.406720399653
2244.0558628498525
2410.4589317157306
2313.414244072998
2215.328827356241
2098.554361735348
2003.1899465444908
1978.821773997631
2033.9080650424016
2015.4530627001197
2100.804732484254
