1250.9671630859375
6019.477783203125
7073.0029296875
6855.11279296875
7192.3154296875
8427.3173828125
8717.839355468735
8703.6064453125
8502.827148437493
8015.52783203125
7568.618408203125
7166.7021484375
7730.8505859375
8404.8525390625
8738.8642578125
8832.004882812507
8896.22412109375
8843.0732421875
8874.70263671875
8821.4111328125
8788.1806640625
8710.697265624985
8605.3056640625
8460.71630859375
8123.8447265625
7504.27294921875
7188.645751953125
7053.841064453125
7209.34033203125
7020.318603515625
