-10839.731004532017
-3863.886421658482
-7310.390320507725
-8470.020654355825
-13141.047584386173
-12940.41549998697
-9580.522121365957
-7233.904573854318
-4363.373740649548
-4211.115108442889
-3452.422236602408
-3233.2684025838507
-3223.2121113772578
-3264.602488235939
-3373.074338668689
-3342.978070655212
-3437.400504640177
-3295.068335275835
-3152.8254646427754
-3104.197555980664
-3095.1871097858348
-3137.505566774093
-3091.8776741766615
-3044.5630442363026
-3050.069453046227
-3048.336399348777
-3068.6901325474764
-3044.917543604709
-3032.568567288944
-3133.1953538968874
