-8025.78612574679
-1869.7620546210096
-1950.2437320908944
-1851.4838188556027
-1924.122312606502
-1957.4122495468257
-1938.5953988998233
-1794.0401486461983
-1688.7633056640625
-1618.5856885968244
-1889.25732421875
-2010.2511846906496
-1936.0374732070607
-1736.3370391240753
-1511.6741333007812
-1424.5777893066409
-1423.7497253417969
-1409.1009802780102
-1446.817246295233
-1437.6700439453127
-1417.1594491986561
-1412.4951782226562
-1410.3253723040227
-1397.4891967773438
-1362.5155525131615
-1331.4781494140625
-1290.4119178809692
-1288.4288940429688
-1242.5093688964844
-1264.8179778793822
