-5211.865502266014
-24326.553514236646
-26333.32161303056
-27752.26714983048
-28755.089695608283
-27712.994197257958
-29484.185394379758
-28662.749899353727
-28128.396954591804
-27468.726208911336
-27344.321364286967
-27579.08745888121
-27759.956251406362
-27611.551397272746
-28040.072730993725
-28089.406856408557
-27848.10659709788
-27116.59183839138
-26235.52610509091
-24530.16000901843
-20845.61404220617
-15589.474410428336
-10946.274588928924
-8291.253035377453
-11019.995986090878
-12344.33078858555
-15841.486306560555
-20901.20300536168
-25294.087385464038
-27462.35759145028
