-10839.731004532017
-3831.90476193385
-2525.6069580478097
-2546.285080205117
-2426.313874559955
-2328.4732742587175
-2418.682330060524
-2506.9542494242937
-2557.3294612692043
-2636.5259139499453
-2685.5672148544772
-2658.3530698228933
-2703.035950119346
-2591.7868625803653
-2470.6619834606927
-2377.9066978988585
-2343.7454674032497
-2262.5644793106817
-2257.7646551441576
-2300.406720399652
-2260.0558628498525
-2428.4589317157306
-2341.4142440729984
-2253.328827356241
-2138.5543617353505
-2043.1899465444926
-2042.8217739976317
-2105.9080650424025
-2125.453062700119
-2292.80473248425
