1250.9671630859375
6240.44287109375
7407.526367187485
8624.56005859375
8782.904296875
8498.408203125
7965.534423828125
8259.395507812493
8569.3447265625
8748.8134765625
8824.54248046875
8866.8642578125
8872.8896484375
8874.5185546875
8874.691894531257
8883.28564453125
8904.83837890625
8847.2158203125
8881.614257812493
8848.68603515625
8874.485351562493
8889.485351562493
8875.234863281257
8870.25732421875
8881.22119140625
8881.8720703125
8863.406249999993
8864.48876953125
8847.695800781257
8869.09423828125
