-10839.731004532017
-3302.3017900944806
-2573.4745983631865
-3877.88425744136
-4705.78360731091
-4383.706577575301
-3618.842937490939
-3291.0142624978434
-2801.5910753213584
-2357.8707036454916
-2291.432026218751
-2414.9797034936664
-2444.998689171025
-2434.7229800366063
-2427.810468975758
-2371.384989169278
-2333.4935562044375
-2268.3857340625805
-2435.769183570194
-2739.456071092303
-2764.706259903062
-2840.077828582462
-2942.029799433947
-3068.065880370554
-3153.330899811203
-3389.2162035539754
-3313.8195863010324
-3065.7371352913515
-2303.4577544634744
-2264.145029731143
