3085.5184570312504
14569.055078124999
16633.31875
17032.188281249997
18435.7310546875
20180.737109374997
19524.826757812494
19614.01796875
19482.474609375
19242.6025390625
19380.546679687497
19675.89296875
20702.739453124996
21001.007031250003
21088.446875
21195.28359375
21279.661328125003
21066.805859375003
21167.48828125
20932.495703124994
20328.056640624993
19092.978320312504
17641.644140624994
17039.3095703125
17651.9232421875
18360.68203125
19014.3095703125
19662.159765624994
20253.616406249996
20702.302734375
