-4012.8940359030385
-1213.4662475585938
-981.0095825195312
-1185.6860961914067
-1192.166259765625
-1050.4273071289062
-911.1159468838887
-908.2697143554688
-988.9588436054073
-1123.9854125976562
-1218.4621692849323
-1199.1838378906255
-1360.5322265625005
-1154.6901821386073
-1066.4205322265625
-995.7142333460943
-1002.2814910916641
-941.0080054191858
-906.756473816
-896.9358028028146
-858.9557292005047
-833.57080078125
-836.9851483328267
-829.6217188235387
-824.3970336914062
-839.3106616735458
-811.0339924179025
-836.8923339843752
-814.6896818608038
-807.9460822938019
