-5211.865502266014
-24326.553514236646
-27979.34288033196
-33967.08192078279
-35475.28002975299
-35380.00942100879
-35433.226115303456
-35302.01310798577
-35435.45578347956
-35298.68126934189
-35288.21025002992
-35240.39216362785
-35353.95968472123
-35448.16356341681
-35482.155848957715
-35529.830188562395
-35616.830641402004
-35386.19606716666
-35523.657341386956
-35391.81185345801
-35494.869987043814
-35554.74206347133
-35496.22659453798
-35475.23904653111
-35517.267488045145
-35506.72072859105
-35376.06051266725
-35375.028139629714
-35329.91311447667
-35426.295571203395
