-5211.865502266014
-24961.550813864782
-29629.879613798817
-34497.64541081452
-35130.80345801594
-33992.65880886458
-31861.93773475175
-33036.32202154916
-34275.98237523104
-34993.71303489353
-35296.48698569815
-35465.630425345196
-35489.58454457053
-35495.955954716
-35496.51813870399
-35530.75295698985
-35616.830641402004
-35386.19606716666
-35523.657341386956
-35391.81185345801
-35494.869987043814
-35554.74206347133
-35497.60153589423
-35477.55599427949
-35521.28197008418
-35523.752453751666
-35449.77076353409
-35453.95775721025
-35386.65778050275
-35472.11375387728
