-10839.731004532017
-48653.10702847329
-52666.64322606112
-55504.53429966096
-57510.17939121657
-55425.988394515916
-58968.370788759516
-57325.49979870745
-56256.79390918361
-54937.45241782267
-54688.642728573934
-55158.17491776242
-55519.912502812724
-55223.10279454549
-56080.14546198745
-56178.813712817115
-55696.21319419576
-54233.18367678276
-52471.05221018182
-49060.32001803686
-41691.22808441234
-31178.948820856673
-21892.549177857847
-16582.506070754906
-22039.991972181757
-24688.6615771711
-31682.97261312111
-41802.40601072336
-50588.174770928075
-54924.71518290056
