-4012.8940359030385
-17898.619140625
-25221.952811452007
-25840.282205669588
-25323.636711248015
-22798.185546875
-20534.529296875
-20587.240177265187
-20588.580073161796
-20548.0322265625
-20652.677734375
-20686.619140625
-20586.513671875
-20564.59423745405
-20476.89013623949
-20044.661620372535
-19491.3935546875
-17516.448733615875
-15252.837886461803
-13576.424803659695
-11523.196747540682
-6640.39990234375
-6732.053205480053
-8321.01279472057
-8959.908009203336
-9306.9052734375
-9285.659179687504
-8872.253995500505
-8380.69287109375
-8136.81298828125
