-10839.731004532017
-47802.03251548353
-55575.90843114152
-58640.57429497057
-55026.408177269856
-53256.162114208695
-49132.9282152306
-51146.086854188005
-53315.77487040659
-55447.96390348989
-58419.72039654029
-62702.265646456144
-68444.19859920393
-70403.71368021372
-70785.91034795597
-70988.4220717919
-71218.98754694103
-70709.97214124989
-70933.96162585188
-70484.72937031252
-70094.96292275818
-69448.3468491837
-67874.589459648
-66231.94532244367
-64104.113413882405
-61354.862831124956
-58644.92386591168
-57248.13563255288
-56547.27613511474
-53998.46848338778
