-10839.731004532017
-49923.101627729564
-61173.23657686105
-68731.77733511786
-68865.79670310672
-64724.54915590845
-64410.64948320099
-67085.44938237229
-68987.12167805019
-70080.75467959148
-70651.04115880467
-70929.854010632
-70975.29011964664
-70991.911909432
-70993.03627740798
-71061.5059139797
-71233.66128280401
-70772.39213433332
-71047.02781047703
-70764.03022171759
-70941.36828339632
-70846.46727576261
-70239.27106907839
-69263.73198080873
-67113.01492813413
-62599.412297072355
-58279.70631071787
-55316.34623600145
-58026.880982688024
-61617.94609104532
