-10839.731004532017
-48152.74763701922
-56574.18285820585
-54856.771462069206
-57232.39749593822
-66819.22307476647
-68966.6701228483
-67954.35858425574
-63623.6756692691
-58816.727783495575
-53009.77411254858
-51284.765229701894
-52822.51632697812
-57563.646306686205
-64840.28222419426
-69269.65962371152
-70924.63844622523
-70706.52318986069
-71041.81320769823
-70770.27005488123
-70985.17521422838
-71083.15386435666
-70973.97918348698
-70918.25278153409
-71020.73191387547
-70989.37187668888
-70741.65301183828
-70678.80121696743
-70292.58791171227
-69932.30699531268
