10423.731004532028
3703.904761933854
2288.497716088686
2216.425159911436
2332.9282729943225
2369.146755448385
2325.2481767922545
2296.7238799502375
2342.0562159623887
2365.40952944362
2264.223399489082
2299.428876521989
2223.060088718772
2108.973805558918
2039.5447142226944
1944.3765478252358
1845.7260758412435
1741.531893826629
1762.6202044541915
1727.9557961981147
1725.7288518334094
1749.286901371593
1745.9619093588728
1740.2560531158965
1765.9151175530515
1784.692850170018
1804.7449410438112
1836.62796036991
1803.4668307696957
1825.7964382076316
