-937.9749348958339
-3998.3665364583358
-4997.140625
-4852.9283854166715
-5181.585937500007
-4803.6276041666715
-4573.989583333336
-4570.16015625
-4605.838541666668
-4559.423177083332
-4551.591145833336
-4563.565104166664
-4570.127604166664
-4566.48828125
-4562.136718750004
-4528.264322916668
-4541.3815104166715
-4496.552083333339
-4480.243489583332
-4451.8307291666715
-4679.9654947916715
-5096.5651041666715
-5398.429036458336
-5315.414062500007
-5042.982421875007
-5019.367187500007
-4918.9296875
-5088.42578125
-5321.5651041666715
-5643.9674479166715
