-5211.865502266014
-1159.1820542765631
-1394.2963137683348
-1212.3271477575092
-1247.1614127189082
-1261.0291254191004
-1308.8749646413912
-1324.5379226767398
-1350.8399902237961
-1292.9149332228594
-1225.7835680180056
-1196.135964329919
-1133.5660322197798
-1081.8609295346741
-1039.927692301429
-1008.9515699180963
-992.8671869717961
-954.257072300287
-981.4173336732443
-997.310161952462
-1010.4927524938366
-1037.2700426046608
-1042.1988750736114
-1068.3607316994965
-1109.1640107140674
-1180.1944250015947
-1193.7797374453066
-1222.6557202784509
-1162.7873707740614
-1160.220512016826
