-937.9749348958339
-3998.3691406250036
-4594.505208333336
-4560.0963541666715
-4679.339843750004
-5226.1627604166715
-4980.3385416666715
-5150.1119791666715
-4635.8828125
-5065.0416666666715
-5173.2109375
-5315.19140625
-5365.0416666666715
-5335.9908854166715
-5217.436848958336
-5096.188802083336
-5146.970052083336
-5230.2291666666715
-5121.645833333343
-4939.106770833343
-4819.282552083343
-4804.83203125
-4823.6490885416715
-4754.5859375
-4586.036458333332
-4376.942057291668
-3975.59375
-3445.4726562500036
-2744.0585937500036
-2141.7083333333358
