246.49043708450168
263.7484974245009
281.1413476190009
332.93611450100184
379.2874239110016
384.6278489420009
432.00274219850235
467.9211103040019
467.24945421350156
466.60332355400135
437.5142251490015
473.30962257350166
473.8703766410018
481.1889579185007
473.9750250410011
487.7008853375013
484.97660821550136
470.66864756600114
477.7066649765009
467.0030036225018
485.9566137650022
468.8363940545013
470.1858277160015
476.9464476665018
469.48986342650113
457.12393165100156
474.83544048050135
442.3728282680022
479.4874273280013
480.3773798810015
487.45044812450095
486.0930178685006
477.52500682550163
489.0440334755005
515.8238234330006
490.25211379400054
502.1062428260011
489.2745945395007
483.98295165950077
496.77641460650176
514.5525734735013
497.3172122135008
481.78007615450116
483.8062660985016
497.17427310200026
507.6363630530007
498.21690433250126
495.5016787040013
495.2048989340001
521.4784983995004
521.1746897825006
513.4013072210013
512.1877234430015
521.0450969420003
508.8394821620009
537.1678141669996
521.7316195610001
499.52318177450104
510.3422341625013
514.8228013940019
532.6746456980001
519.5899332110007
509.7883785095002
526.8179573929999
541.2810328940003
500.05215336800103
523.1025920315012
528.7990704230003
517.5659117360012
504.9255928250024
534.9395556335008
525.9153284210004
542.2639804265003
545.1260212865003
515.7391132730012
544.2455924254999
549.5616841970001
540.0154054460002
528.4641440540004
533.2414677049999
