246.48202514648438
263.728759765625
281.11114501953125
332.9206848144531
379.2766418457031
384.6329040527344
432.0126037597656
467.9230041503906
467.2445373535156
466.6028747558594
437.5050354003906
473.30291748046875
473.87799072265625
481.18572998046875
473.9740295410156
487.68780517578125
484.96417236328125
470.6693420410156
477.70440673828125
466.9935607910156
485.95489501953125
468.82562255859375
470.1893005371094
476.94598388671875
469.48980712890625
457.1224060058594
474.832763671875
442.3568420410156
479.48638916015625
480.37261962890625
487.4521484375
486.116943359375
477.5081481933594
489.03546142578125
515.835693359375
490.2657165527344
502.1131896972656
489.2679748535156
483.9717712402344
496.77044677734375
514.5554809570312
497.31146240234375
481.7804260253906
483.7994689941406
497.17266845703125
507.6314392089844
498.2007751464844
495.49725341796875
495.20452880859375
521.4718017578125
521.185791015625
513.385498046875
512.1859130859375
521.0391845703125
508.8479919433594
537.166748046875
521.7269897460938
499.52801513671875
510.34320068359375
514.8271484375
532.6609497070312
519.587158203125
509.78863525390625
526.8095703125
541.2752685546875
500.036865234375
523.1022338867188
528.7954711914062
517.565185546875
504.9222106933594
534.9307861328125
525.9097290039062
542.2598876953125
545.1317138671875
515.7374267578125
544.2435302734375
549.5593872070312
540.0169677734375
528.45556640625
533.2421264648438
