752.2491206732512
982.4165107467512
1041.166395166002
1250.3350573975015
1315.9681944832523
1475.5447594330003
1533.3688235950015
1578.28128476525
1648.9170626782507
1630.2094264232505
1633.4524778732507
1606.1610062875004
1674.0435703572516
1607.8692846017498
1682.562000000251
1709.741168136501
1688.7618465612509
1711.0402139210007
1594.2761623442498
1712.2086751042505
1696.1174551897507
1585.2501052735004
1680.3873140690005
1605.7171041314998
1699.4885676982503
1683.6805688987504
1711.09205701575
1612.9114182852509
1681.2306831105004
1730.7571304985006
1701.200660393
1709.4942360122502
1624.713008587001
1738.05615420425
1676.412970252751
1579.4889713295001
1703.2170841547504
1529.9565145450008
1669.627888628751
1684.5078721549999
1696.74883212725
1660.3649354720005
1605.7495409595006
1738.2429108807507
1673.063648019
1647.2517630739999
1680.043795403251
1650.8589314605003
1650.7480642210005
1729.098971243251
1698.6537345147506
1702.8947423300015
1717.2193604587505
1658.5681558445008
1652.9546723802505
1643.2037481059992
1641.24123743325
1695.260892783
1695.4389914985004
1707.834437042
1684.5066801510006
1640.6987572247508
1498.4827947322503
1537.1795499799998
1703.6560031955
1654.1585881837495
1725.65683031
1651.9479156005
1671.0891127157495
1739.5858017712503
1699.95661503025
1729.3137717970003
1734.4699736667517
1739.2160620977502
1716.7846046757509
1730.4647746047503
1714.1715957057506
1672.1123859105005
1726.3774935547506
1742.8351911445006
