-49491.98793622043
-29337.19035110881
-22770.85268654536
-23134.167525053505
-27307.890833749545
-28593.06039318914
-29590.79181830846
-27076.69580252078
-20662.100918276414
-19267.259174487204
-18411.474754017538
-17141.592974347346
-17086.205540834526
-16440.947071282855
-16199.77161192976
-15499.462909334348
-13519.661348271475
-14190.160592842356
-13327.125974027298
-11850.113590105368
-12217.679588606932
-11743.20798329633
-10858.777942320126
-10325.501489760347
-10160.651629078415
-10289.428217944314
-10108.39595170658
-9683.330282475963
-9212.359679116813
-8699.697832327405
-9393.746861237993
-9136.028533847979
-8953.282552471046
-9580.226182424838
-8913.962779717423
-9257.352354122542
-8673.467844407947
-8666.742303934583
-8224.43430632024
-8312.271614282636
-9067.275182538255
-8432.817235761255
-8374.511221969899
-8137.648057165286
-8286.791895716406
-8071.701411377796
-7960.850976644028
-8029.537157685836
-7998.678384149088
-8174.960100753828
-7914.492470696478
-8076.886162764487
-7838.717220235905
-7917.767461668749
-7997.558198581615
-7833.258750445605
-7740.912649731986
-7664.569212230579
-7692.167643865143
-7789.309318391737
-7640.992404595553
-7634.02769157239
-7712.375813750786
-7664.127379323511
-7826.710797582638
-7679.990699825421
-7554.88563120831
-7667.315147160215
-7754.5045747799695
-7465.9340792837775
-7698.409503835054
-7593.67999731644
-7541.837482545413
-7801.3876903265555
-7674.98611536065
-7436.173366350825
-7599.372695046719
-7605.925723114242
-7596.812086970798
-7506.155810236722
