-22254.487936220437
-20824.69035110878
-19483.352686545397
-18396.667525053508
-17520.390833749574
-16780.56039318918
-16903.29181830848
-14726.695802520746
-12949.600918276443
-11654.759174487173
-10986.474754017554
-10604.092974347364
-10823.705540834495
-9640.947071282837
-9599.771611929766
-9311.962909334366
-9444.661348271471
-8327.660592842298
-8339.625974027342
-8787.613590105368
-8230.179588606945
-8193.20798329635
-8058.7779423201255
-8088.001489760344
-7948.151629078379
-7914.4282179443135
-7570.8959517066005
-7683.330282475967
-7612.359679116812
-7762.197832327414
-7356.246861237964
-7611.028533847973
-7615.782552471045
-7280.226182424858
-7351.4627797174235
-7119.852354122537
-7273.467844407933
-7266.7423039346
-7449.434306320241
-7587.271614282651
-7104.775182538237
-7132.817235761252
-7312.011221969908
-7375.148057165282
-7324.291895716419
-7259.201411377797
-7248.350976644017
-7379.537157685835
-7173.678384149088
-7212.460100753835
-7214.492470696465
-7126.8861627644965
-7263.717220235902
-7242.767461668746
-7172.558198581624
-7320.758750445619
-7265.912649731983
-7327.069212230587
-7229.66764386515
-7151.809318391732
-7278.492404595549
-7184.027691572386
-7249.875813750792
-7176.627379323529
-7226.710797582634
-7142.49069982543
-7242.385631208317
-7204.815147160218
-7117.004574779952
-7040.934079283778
-7073.409503835064
-7043.679997316443
-7104.337482545408
-7113.887690326553
-7149.986115360644
-7098.673366350818
-6986.872695046712
-7105.92572311423
-7171.812086970802
-7106.155810236714
