-49491.98793622043
-29377.694757913472
-22738.147839760808
-23129.202985765674
-27359.19328845814
-28563.73451715366
-32255.981266768686
-30691.13505067432
-23838.920455057472
-18694.814866039123
-18404.864034177685
-18371.164080136972
-18828.94112178725
-16722.27937407763
-16638.88176177252
-15884.044326471423
-14887.493727489835
-14399.61064256428
-13872.497076305663
-13317.74154921994
-13365.427182486073
-13081.225036679902
-12438.460022426494
-11976.554502324623
-11779.892767889161
-11525.928819021237
-11362.892993144767
-11128.437915778619
-11129.898330165906
-10963.767802646058
-10892.787686745678
-11086.890262656383
-10992.892067263334
-10964.821571080127
-10719.066122840657
-10801.637323771378
-10925.612699631489
-10883.953924896636
-10797.908204249023
-10798.079116912413
-10752.961998210398
-10769.149645668951
-10829.777735216714
-10810.405112667228
-10917.880981530943
-10842.88667691058
-10785.397655518607
-10875.039484943221
-10712.459577229198
-10942.475903089093
-10776.693764892263
-10811.021597280687
-10953.806774097757
-10898.345378341905
-10874.785325148963
-10857.490040898707
-11049.778333681144
-10887.038184305213
-10861.015141580956
-10960.706088973198
-11177.040914992975
-10923.534819562907
-11091.435624349167
-11046.498250031811
-10971.209229362517
-11006.48579447551
-11124.218008047603
-11115.66220468712
-11086.088653296252
-11059.37814856165
-11146.656066639243
-11021.018780666027
-11161.633553039292
-11311.73536888644
-11169.289560840865
-11076.047223550178
-11196.056760524854
-11239.694958887518
-11280.884903943781
-11346.39497234179
