54.475
26.875
20.55
11.025
14.825
20.475
22.75
23.8
19.075
14.825
10.85
14.05
18.975
18.25
19.95
20.5
20.525
20.45
19.65
19.525
19.5
19.45
18.725
18.675
18.55
18.175
18.125
17.625
17.725
16.875
17.225
17.35
17.7
17.175
16.95
16.95
17.0
17.2
17.2
16.8
16.65
16.675
16.975
17.1
17.275
16.7
16.875
17.05
16.775
17.125
16.75
16.925
16.8
16.9
17.075
16.925
16.825
16.8
16.775
16.725
16.85
16.85
17.15
16.95
17.1
17.175
17.0
17.05
16.55
16.45
17.15
16.85
16.625
17.625
17.075
16.35
16.675
17.125
17.075
17.025
