-49491.98046875
-29322.302734375
-23006.37890625
-22872.1875
-26241.765625
-25987.982421875
-25665.580078125
-23773.00390625
-22673.130859375
-21078.373046875
-21336.11328125
-20272.16796875
-19564.080078125
-18565.7890625
-18715.537109375
-17828.83203125
-16699.560546875
-16724.1171875
-15690.970703125
-16022.4736328125
-14813.8017578125
-15953.5419921875
-13709.8857421875
-13166.2421875
-12504.4931640625
-13549.154296875
-12168.6767578125
-12428.279296875
-11649.8037109375
-11627.8173828125
-11251.166015625
-11175.6328125
-10795.927734375
-10647.244140625
-9870.4453125
-10458.677734375
-9573.3876953125
-9342.62109375
-9044.4921875
-9308.869140625
-8973.1943359375
-8435.427734375
-8693.892578125
-8517.912109375
-8407.6025390625
-8257.8779296875
-8167.4375
-8105.48583984375
-8061.16015625
-8044.5537109375
-8018.13037109375
-7891.16943359375
-7878.93603515625
-7883.8857421875
-7752.18505859375
-7720.23681640625
-7625.8232421875
-7654.95458984375
-7661.32568359375
-7601.91259765625
-7557.92431640625
-7496.13525390625
-7646.4619140625
-7563.24365234375
-7611.58056640625
-7498.3486328125
-7547.75146484375
-7583.61328125
-7567.71728515625
-7437.70849609375
-7528.37255859375
-7432.91943359375
-7420.96728515625
-7495.5849609375
-7504.76806640625
-7393.4443359375
-7346.16943359375
-7473.17431640625
-7478.07666015625
-7423.6416015625
