-22254.487936220437
-20827.694757913552
-19475.64783976081
-18416.702985765667
-17584.193288458155
-16851.23451715372
-16668.481266768595
-15503.635050674415
-13801.420455057441
-12269.814866039193
-11104.864034177617
-10183.664080136994
-10378.941121787202
-9184.779374077534
-8676.381761772554
-7871.5443264714395
-7887.493727489838
-7149.610642564253
-6822.497076305694
-6755.241549219939
-6440.427182486124
-6393.725036679904
-6338.460022426456
-6276.5545023246395
-6229.892767889157
-6188.42881902122
-6075.392993144783
-6103.437915778598
-6029.898330165892
-5976.267802646036
-5905.28768674567
-5924.390262656389
-5867.892067263327
-5914.821571080107
-5819.066122840694
-5739.1373237713615
-5775.612699631503
-5721.45392489665
-5822.908204249007
-5748.079116912404
-5790.461998210408
-5694.149645668939
-5729.777735216698
-5735.405112667245
-5755.380981530901
-5655.386676910574
-5635.397655518606
-5712.539484943283
-5624.9595772292
-5667.475903089115
-5626.693764892267
-5598.521597280694
-5628.806774097735
-5635.845378341905
-5599.785325148955
-5607.490040898697
-5562.278333681131
-5624.538184305203
-5573.515141580975
-5548.2060889732
-5539.540914992944
-5498.534819562889
-5591.4356243491475
-5521.498250031846
-5558.7092293625365
-5518.985794475498
-5561.718008047588
-5553.162204687103
-5498.588653296275
-5409.378148561626
-5446.656066639238
-5421.018780665993
-5424.133553039295
-5474.2353688864405
-5481.789560840845
-5413.547223550164
-5308.5567605248325
-5414.694958887489
-5480.884903943819
-5396.3949723417945
