-22254.487936220437
-20957.273744780126
-19611.52209266418
-18577.91482228184
-17821.57829718361
-17098.484056007837
-16693.410475354074
-14814.422623791277
-13302.39645004056
-11938.937386088328
-10881.740430588023
-9903.32627488215
-9690.035768807398
-8561.145102712231
-7554.487999505147
-6837.747898327745
-6576.562742797018
-5995.597164616896
-5753.553640895841
-5598.310655162435
-5375.5376702538715
-5332.104748733784
-5209.744825600422
-5096.309761606737
-5023.823837768227
-4981.682204991407
-4847.869668771124
-4853.441572094583
-4772.585423475366
-4774.340849666126
-4703.629334583553
-4749.222861203655
-4706.477831539841
-4735.005647770264
-4673.421679080129
-4632.981412282452
-4673.611582658118
-4635.001214665125
-4637.283616582585
-4653.124369445352
-4681.233541762345
-4639.755982382814
-4638.272990311258
-4584.878127241662
-4617.639646992962
-4600.883059078977
-4560.426266556219
-4635.680226556624
-4585.92943411565
-4605.7774066151915
-4575.954801598583
-4552.445008613247
-4627.929635051533
-4627.282243022013
-4560.465062502859
-4581.819219535028
-4585.938924269036
-4605.323374280097
-4578.628491121644
-4586.6446776629455
-4608.949715529014
-4536.309786967031
-4591.409389044509
-4567.147527626281
-4574.964130704016
-4538.484790922079
-4597.569529701721
-4586.484396097965
-4641.487466301772
-4577.911623733144
-4542.51159008156
-4537.586249549512
-4587.349757127446
-4510.389016320877
-4601.60211402292
-4612.192666179644
-4535.732557928164
-4556.947823555739
-4608.383866934562
-4539.040703008053
