-49491.98793622043
-29819.773744780086
-23286.52209266415
-22965.414822281855
-26996.578297183605
-28498.484056007834
-32418.41047535404
-29364.422623791248
-22552.396450040607
-18013.937386088342
-17906.740430588008
-17940.82627488219
-18815.03576880732
-17061.14510271229
-16816.98799950515
-16300.247898327772
-15864.062742797007
-15108.09716461688
-14691.053640895781
-14498.310655162513
-14263.037670253869
-14219.604748733778
-13934.744825600425
-13846.309761606772
-13748.823837768232
-13656.682204991384
-13447.869668771153
-13265.941572094627
-13385.08542347534
-12999.340849666105
-13216.12933458357
-13286.722861203636
-13343.977831539838
-13185.005647770251
-13048.421679080135
-12982.981412282457
-13061.111582658159
-13110.001214665124
-13162.283616582534
-12990.624369445331
-12956.233541762325
-12977.255982382816
-13100.772990311265
-13147.37812724172
-13255.13964699298
-12950.88305907898
-12972.926266556226
-13135.680226556604
-12973.42943411565
-13168.277406615196
-12950.95480159856
-13014.945008613235
-13002.929635051527
-13052.282243022017
-13097.965062502835
-12994.319219535018
-12973.438924269036
-12980.323374280106
-12966.128491121668
-12949.144677662942
-13033.949715528996
-12973.809786966985
-13166.409389044531
-13042.147527626237
-13087.464130704042
-13100.984790922073
-13085.069529701688
-13098.984396097938
-12916.487466301754
-12802.9116237331
-13080.011590081567
-12937.586249549537
-12899.849757127442
-13310.389016320853
-13126.602114022919
-12774.69266617962
-12873.23255792813
-13119.447823555776
-13145.883866934586
-13051.540703008042
