54.475
17.725
7.35
8.775
18.35
22.8
31.45
29.1
18.5
12.15
14.05
16.075
18.25
17.0
18.525
18.925
18.575
18.225
17.875
17.8
17.775
17.775
17.45
17.5
17.45
17.35
17.2
16.825
17.225
16.45
17.025
17.075
17.275
16.9
16.75
16.7
16.775
16.95
17.05
16.675
16.55
16.675
16.925
17.125
17.275
16.7
16.825
17.0
16.775
17.125
16.75
16.925
16.75
16.85
17.075
16.825
16.775
16.75
16.775
16.725
16.85
16.875
17.15
16.95
17.025
17.125
16.975
17.025
16.55
16.45
17.075
16.8
16.625
17.6
17.05
16.325
16.675
17.125
17.075
17.025
