-49491.98793622043
-29322.321720362546
-23006.396849762463
-22872.21275244779
-26241.778842276788
-25987.9947342465
-25665.608433151894
-23773.033357994256
-22673.151161088455
-21078.411349515813
-21336.154606826687
-20272.20211223432
-19564.116496772138
-18565.831229113206
-18715.563047782467
-17828.860773642355
-16699.59063766496
-16724.149286900814
-15690.99352215358
-16022.505363270722
-14813.833679874451
-15953.566428482407
-13709.911883937519
-13166.271841755015
-12504.520945765984
-13549.18861365772
-12168.711869659168
-12428.308936490106
-11649.824377598321
-11627.840043274788
-11251.187715952317
-11175.656046931344
-10795.95001102988
-10647.27358759753
-9870.468540828007
-10458.703448407152
-9573.410920452487
-9342.643004600617
-9044.515753508535
-9308.892582626637
-8973.21620524661
-8435.45197691565
-8693.917167835665
-8517.935487197696
-8407.625044199725
-8257.899987617242
-8167.459095666725
-8105.509320733829
-8061.184082177591
-8044.576537109792
-8018.153081456083
-7891.19026301077
-7878.957958123528
-7883.905729167624
-7752.206797326876
-7720.257342174921
-7625.843381435667
-7654.975133271338
-7661.347353169925
-7601.93373755994
-7557.944082053435
-7496.156063159122
-7646.481550629292
-7563.265036643165
-7611.600995092691
-7498.369276388886
-7547.771366272811
-7583.633507961019
-7567.737137236017
-7437.729431642006
-7528.393616269617
-7432.939590201066
-7420.987592089796
-7495.605969960643
-7504.788495325272
-7393.46378030733
-7346.190749583499
-7473.194187517943
-7478.098604562438
-7423.662308202844
