-49491.98793622043
-34691.549166973
-23671.92279074622
-21618.96092854835
-26904.984179409308
-27955.93375302951
-31793.25196430065
-32258.71169810088
-30838.20670944879
-25916.075927359867
-19839.3595313262
-17164.721385593497
-18097.55920144729
-17256.98777399936
-17423.430192636104
-16721.123956190477
-16296.825385486085
-15626.9715188684
-15074.011420241679
-15020.239646227483
-14639.834519324062
-14631.846544598997
-14388.881244445603
-14219.288884182384
-14104.086460055574
-14053.765446667287
-13739.280687410133
-13557.087808261069
-13628.97157981821
-13221.752107314323
-13259.860480602869
-13398.107418836076
-13504.243553140088
-13287.352523805137
-13107.030632928994
-13094.306479403618
-13162.993905949028
-13189.860471977658
-13229.698226505192
-13062.3402061025
-12993.907916025699
-12956.51857384561
-13117.415063350849
-13138.295972286749
-13273.42960069928
-12954.277306851116
-13001.014976780345
-13160.25375751142
-12947.952841220174
-13184.802144327687
-12965.789150643179
-13017.818645249205
-13016.494254208405
-13054.554015173324
-13098.678891593128
-13057.886908689285
-12988.224521144806
-12980.063707892621
-12967.852716385241
-12925.525665516483
-13046.324135075938
-12975.492161827588
-13155.40615223954
-13043.38447810084
-13112.263269172754
-13102.462842636294
-13099.029099905369
-13098.792037446983
-12917.888767767134
-12804.140152815904
-13118.456635367911
-12950.651288761184
-12900.451644492596
-13310.553070320646
-13139.498765461354
-12775.11698855645
-12885.92740564238
-13120.360386039
-13146.206746752117
-13052.159510185742
