-22254.487936220437
-20847.321720362514
-19531.396849762485
-18322.21275244779
-16954.27884227676
-16912.99473424654
-17753.108433151843
-16060.533357994253
-15460.651161088454
-14478.411349515794
-12436.154606826645
-11759.702112234321
-13264.11649677221
-12690.831229113204
-12315.563047782458
-11853.860773642396
-12574.590637665025
-11986.649286900834
-11753.493522153589
-11660.005363270757
-11038.833679874404
-11241.066428482416
-11084.911883937508
-10753.771841755035
-10617.020945765997
-10974.188613657727
-10168.711869659175
-10290.808936490115
-9574.824377598321
-9977.840043274786
-9001.18771595231
-9163.156046931352
-9495.950011029885
-9009.773587597572
-8970.468540828002
-8208.703448407148
-8848.41092045248
-8705.143004600624
-8319.515753508542
-8471.392582626637
-8285.716205246612
-8222.951976915652
-8306.41716783566
-8255.435487197696
-8082.625044199731
-8007.899987617243
-7979.959095666716
-8043.009320733829
-7773.684082177589
-7832.076537109797
-7805.653081456083
-7703.690263010771
-7803.957958123528
-7721.405729167622
-7652.206797326874
-7620.257342174914
-7538.343381435669
-7554.975133271335
-7448.847353169916
-7451.933737559944
-7495.444082053435
-7408.656063159123
-7433.981550629289
-7363.265036643155
-7449.100995092691
-7398.369276388883
-7472.771366272813
-7483.633507961027
-7367.737137236017
-7300.229431641999
-7378.393616269612
-7357.939590201064
-7358.487592089795
-7408.10596996065
-7417.288495325268
-7355.963780307332
-7233.690749583499
-7373.194187517947
-7403.0986045624395
-7348.66230820284
