-49491.98046875
-29377.671875
-22738.126953125
-23129.17578125
-27359.177734375
-28563.703125
-32255.94140625
-30691.09375
-23838.88671875
-18694.77734375
-18404.830078125
-18371.142578125
-18828.912109375
-16722.251953125
-16638.8515625
-15884.013671875
-14887.46875
-14399.583984375
-13872.4765625
-13317.7236328125
-13365.40625
-13081.208984375
-12438.439453125
-11976.537109375
-11779.875
-11525.908203125
-11362.8740234375
-11128.41796875
-11129.8779296875
-10963.7470703125
-10892.76953125
-11086.8720703125
-10992.873046875
-10964.802734375
-10719.046875
-10801.615234375
-10925.59375
-10883.935546875
-10797.8896484375
-10798.060546875
-10752.9443359375
-10769.1318359375
-10829.755859375
-10810.3857421875
-10917.86328125
-10842.8671875
-10785.380859375
-10875.021484375
-10712.4423828125
-10942.455078125
-10776.673828125
-10811.0029296875
-10953.7880859375
-10898.3271484375
-10874.767578125
-10857.4697265625
-11049.759765625
-10887.01953125
-10860.9951171875
-10960.689453125
-11177.0224609375
-10923.517578125
-11091.41796875
-11046.4814453125
-10971.193359375
-11006.466796875
-11124.19921875
-11115.642578125
-11086.0703125
-11059.357421875
-11146.6376953125
-11021.001953125
-11161.615234375
-11311.7177734375
-11169.271484375
-11076.029296875
-11196.0390625
-11239.677734375
-11280.8662109375
-11346.376953125
