-19530.73793622042
-20116.549166972876
-19093.172790746183
-17975.210928548335
-16839.984179409283
-16240.933753029496
-15252.001964300633
-13641.211698100946
-12591.956709448761
-11946.075927359885
-11589.359531326181
-10495.971385593479
-9957.55920144734
-8498.237773999354
-7097.180192636022
-6009.873956190446
-5695.575385486073
-5080.721518868426
-4816.511420241715
-4638.989646227484
-4423.584519324058
-4388.096544598965
-4310.13124444564
-4181.788884182399
-4149.086460055569
-4098.7654466673175
-3990.530687410131
-4014.58780826106
-3921.471579818194
-3954.2521073143207
-3868.610480602866
-3910.60741883609
-3837.9935531401106
-3896.1025238051407
-3839.530632928972
-3799.3064794036354
-3840.493905949079
-3798.610471977709
-3783.4482265051724
-3822.3402061024963
-3850.1579160257147
-3812.768573845634
-3794.9150633508716
-3733.2959722867536
-3758.4296006992954
-3769.2773068511306
-3719.7649767803414
-3782.7537575114084
-3749.2028412201375
-3752.302144327685
-3739.539150643167
-3709.0686452491987
-3790.244254208405
-3787.054015173312
-3707.4288915930993
-3735.386908689297
-3748.2245211448217
-3767.5637078926184
-3741.6027163852546
-3754.2756655164508
-3765.07413507595
-3694.24216182759
-3736.656152239585
-3720.884478100858
-3721.013269172723
-3683.712842636314
-3749.029099905384
-3735.0420374469736
-3815.388767767142
-3756.640152815915
-3685.9566353679193
-3696.9012887611934
-3756.701644492588
-3630.5530703206596
-3748.2487654613965
-3796.366988556444
-3700.9274056423865
-3701.610386038974
-3754.9567467521583
-3688.4095101857724
