-19530.73793622042
-19999.821720362506
-19183.896849762532
-17867.212752447776
-16025.528842276753
-16005.494734246546
-16961.858433151847
-15289.283357994249
-14739.401161088463
-13818.411349515774
-11546.154606826642
-10908.45211223434
-12634.116496772216
-12103.331229113204
-11675.563047782458
-11256.3607736424
-12162.090637665027
-11512.89928690084
-11359.743522153589
-11223.755363270757
-10661.333679874395
-10769.816428482414
-10822.411883937511
-10512.521841755037
-10428.270945765991
-10716.688613657729
-9968.711869659173
-10077.058936490115
-9367.324377598316
-9812.840043274782
-8776.18771595231
-8961.906046931346
-9365.950011029885
-8846.023587597574
-8880.468540828004
-7983.703448407153
-8775.910920452478
-8641.393004600623
-8247.015753508542
-8387.642582626644
-8216.96620524661
-8201.701976915658
-8267.66716783566
-8229.185487197696
-8050.125044199728
-7982.899987617244
-7961.209095666714
-8036.759320733829
-7744.934082177586
-7810.826537109797
-7784.403081456081
-7684.94026301077
-7796.4579581235275
-7705.155729167622
-7642.206797326873
-7610.257342174913
-7529.593381435669
-7544.975133271337
-7427.597353169915
-7436.933737559945
-7489.194082053436
-7399.906063159123
-7412.731550629287
-7343.265036643157
-7432.850995092691
-7388.369276388883
-7465.271366272811
-7473.633507961027
-7347.737137236017
-7286.479431642001
-7363.39361626961
-7350.439590201066
-7352.237592089795
-7399.35596996065
-7408.538495325267
-7352.213780307332
-7222.440749583499
-7363.1941875179455
-7395.5986045624395
-7341.16230820284
