-49491.98793622043
-34959.713846719766
-30888.864153750405
-24433.899875876137
-25816.73911711167
-27956.13817668742
-28319.701158844517
-26991.895639677525
-23362.736077786638
-20102.23380590357
-17331.256803538618
-17889.031347492255
-19720.00176907299
-18172.405284884007
-17965.76911910203
-17262.329670646417
-17021.470806209687
-16323.458252696702
-15624.453947478429
-15390.113598997264
-15213.797068448072
-15121.859549225122
-14591.194819511788
-14450.054690223009
-14337.651381765423
-14109.700254722422
-13953.226935959296
-13702.617955742138
-13670.12501576867
-13239.819173923155
-13344.730926835018
-13451.176287601538
-13572.132829452345
-13336.808198331428
-13159.260544585806
-13124.396610478023
-13191.06669681412
-13254.285110940575
-13245.693219443954
-13066.127420972703
-13009.986658994909
-12983.30360794773
-13131.264260333748
-13138.309759970176
-13261.320430068077
-12956.453449249439
-13001.571164811761
-13161.025388552434
-12973.182368814496
-13171.414063688673
-12953.527574059872
-13017.181492877362
-13030.096216255568
-13080.861452501566
-13099.353494300709
-13045.40186135785
-13001.291615120626
-13006.100076673149
-12967.749635135884
-12951.49801507511
-13033.467348277714
-12962.70895361898
-13167.453678580894
-13043.069746410607
-13124.641100607663
-13126.760893214068
-13097.925331608782
-13110.580532883385
-12917.212042189718
-12803.049684353364
-13117.332421129822
-12962.649883437869
-12899.136054220184
-13322.974138091067
-13138.185563955241
-12787.366563588617
-12871.40309046836
-13119.496073649669
-13145.432959259942
-13051.929186053936
