-22254.487936220437
-21441.549166972916
-19509.42279074617
-18306.46092854834
-17754.98417940927
-17305.933753029523
-16755.75196430063
-15333.711698100931
-14250.706709448768
-13216.075927359876
-12339.359531326176
-11102.221385593479
-10697.559201447331
-9294.48777399935
-8035.930192636018
-6983.623956190454
-6659.325385486076
-6039.471518868432
-5749.011420241706
-5582.739646227494
-5352.334519324058
-5319.346544598955
-5226.3812444456435
-5094.288884182411
-5054.08646005557
-5003.7654466673175
-4876.780687410128
-4882.087808261063
-4803.971579818189
-4796.752107314327
-4722.360480602868
-4773.107418836089
-4716.743553140103
-4749.8525238051425
-4682.0306329289615
-4644.306479403645
-4687.993905949076
-4652.360471977715
-4642.198226505171
-4662.340206102495
-4681.4079160257215
-4644.018573845639
-4642.415063350875
-4588.295972286756
-4623.429600699298
-4604.27730685113
-4563.51497678034
-4635.253757511397
-4585.452841220134
-4609.802144327687
-4578.289150643164
-4555.318645249213
-4628.994254208401
-4629.554015173319
-4561.178891593098
-4582.886908689308
-4588.224521144837
-4605.0637078926275
-4580.352716385243
-4588.025665516454
-4608.824135075958
-4537.992161827589
-4592.906152239576
-4568.384478100853
-4574.763269172732
-4539.962842636317
-4599.02909990538
-4586.292037446982
-4642.888767767146
-4579.140152815905
-4543.456635367928
-4538.151288761188
-4587.951644492587
-4510.5530703206705
-4601.998765461406
-4612.616988556443
-4535.92740564238
-4557.8603860389685
-4608.706746752168
-4539.659510185773
