-19530.73793622042
-20178.463846719784
-19586.36415375037
-18370.14987587615
-17662.989117111654
-16694.888176687422
-15807.201158844586
-13901.895639677527
-12871.486077786656
-11948.483805903617
-11363.756803538561
-10161.531347492262
-9283.751769073024
-8134.905284883995
-6993.269119102004
-5987.329670646412
-5732.7208062097325
-5075.9582526967115
-4816.953947478435
-4651.363598997255
-4488.797068448128
-4424.35954922513
-4292.444819511757
-4178.804690223023
-4135.151381765476
-4113.450254722413
-3984.4769359593533
-4008.8679557421297
-3921.375015768678
-3958.5691739231856
-3870.980926834989
-3908.6762876015637
-3837.132829452336
-3890.55819833141
-3836.7605445857866
-3801.896610477995
-3841.066696814102
-3794.285110940584
-3785.6932194439746
-3826.127420972706
-3852.486658994888
-3812.053607947752
-3795.0142603337563
-3733.30975997012
-3760.0704300681027
-3771.453449249441
-3720.3211648117954
-3783.525388552395
-3746.9323688144455
-3752.6640636886987
-3741.0275740598795
-3708.4314928773515
-3790.0962162555816
-3785.8614525015814
-3708.103494300724
-3736.651861357822
-3747.541615120636
-3766.100076673163
-3741.4996351358736
-3752.7480150751485
-3765.9673482777753
-3695.208953618974
-3734.953678580895
-3720.5697464106734
-3719.6411006076632
-3680.5108932140975
-3747.9253316088043
-3733.0805328833776
-3814.7120421897343
-3755.549684353386
-3684.8324211298604
-3695.149883437856
-3755.386054220162
-3629.2241380910928
-3746.935563955228
-3794.866563588618
-3700.1530904683614
-3700.746073649652
-3754.1829592599292
-3688.179186053944
