-19530.73793622042
-20071.023744780145
-19244.022092664185
-18139.16482228184
-16904.078297183605
-15958.48405600785
-15120.910475354065
-13359.422623791232
-12377.39645004055
-11331.437386088332
-10179.240430588015
-9099.576274882158
-8777.535768807404
-7711.145102712234
-6628.237999505147
-5891.497898327752
-5647.8127427970085
-5084.347164616905
-4859.803640895832
-4708.3106551624405
-4486.78767025388
-4443.354748733778
-4337.244825600425
-4221.309761606734
-4151.323837768224
-4114.182204991402
-3987.8696687711367
-4012.1915720945753
-3911.335423475364
-3951.8408496661186
-3852.379334583551
-3895.472861203661
-3842.727831539836
-3890.005647770255
-3835.9216790801247
-3797.9814122824487
-3834.8615826581226
-3787.5012146651234
-3784.7836165825756
-3819.374369445366
-3853.733541762335
-3806.005982382804
-3792.022990311264
-3728.6281272416554
-3753.889646992965
-3765.883059078984
-3719.1762665562283
-3785.680226556632
-3747.179434115637
-3749.5274066151824
-3738.4548015985847
-3706.1950086132406
-3790.4296350515338
-3784.782243022004
-3706.7150625028567
-3740.5692195350275
-3747.188924269033
-3767.8233742800994
-3739.8784911216476
-3750.394677662943
-3766.4497155290146
-3692.559786967019
-3733.9093890445147
-3719.647527626274
-3723.7141307040138
-3682.23479092207
-3748.8195297017214
-3735.2343960979647
-3813.9874663017663
-3755.411623733139
-3688.7615900815445
-3697.5862495495153
-3756.0997571274515
-3630.3890163208757
-3749.102114022923
-3795.9426661796424
-3701.982557928163
-3700.697823555752
-3754.6338669345664
-3687.790703008047
