-49491.98046875
-34691.5390625
-23671.896484375
-21618.93359375
-26904.97265625
-27955.90234375
-31793.212890625
-32258.66796875
-30838.171875
-25916.03515625
-19839.31640625
-17164.68359375
-18097.5234375
-17256.96484375
-17423.408203125
-16721.095703125
-16296.8095703125
-15626.947265625
-15073.994140625
-15020.2236328125
-14639.818359375
-14631.828125
-14388.8623046875
-14219.2734375
-14104.0703125
-14053.7470703125
-13739.263671875
-13557.072265625
-13628.9580078125
-13221.7373046875
-13259.845703125
-13398.0888671875
-13504.2265625
-13287.333984375
-13107.013671875
-13094.2919921875
-13162.9765625
-13189.845703125
-13229.6826171875
-13062.326171875
-12993.892578125
-12956.50390625
-13117.4013671875
-13138.279296875
-13273.4140625
-12954.26171875
-13000.9990234375
-13160.2392578125
-12947.935546875
-13184.7890625
-12965.7705078125
-13017.8046875
-13016.4775390625
-13054.5400390625
-13098.666015625
-13057.8740234375
-12988.2099609375
-12980.048828125
-12967.8349609375
-12925.5087890625
-13046.310546875
-12975.4765625
-13155.390625
-13043.3701171875
-13112.25
-13102.447265625
-13099.0146484375
-13098.77734375
-12917.8740234375
-12804.1240234375
-13118.4404296875
-12950.6357421875
-12900.4384765625
-13310.537109375
-13139.484375
-12775.1005859375
-12885.912109375
-13120.345703125
-13146.193359375
-13052.1435546875
