-10935.0
-10001.25
-1787.0
724.0
1213.25
1005.5
1314.5
1284.25
1747.5
1475.5
1610.5
1846.5
1535.25
1762.75
1874.75
2090.75
1942.0
1934.0
2146.25
2019.0
2109.5
2188.25
2048.25
1934.25
1986.0
2200.5
2108.5
2180.25
2301.0
2203.75
2383.75
2353.5
2340.75
2444.5
2650.25
2548.75
2686.0
2501.25
2676.0
2566.0
2527.5
2483.25
2691.5
2665.0
2618.0
2678.75
2761.25
2638.5
2520.0
2508.25
2778.25
2765.5
2821.75
2692.5
2655.75
2586.75
2538.0
2604.25
2529.75
2586.0
2810.5
2757.25
2718.75
2579.75
2679.0
2641.75
2673.25
2766.75
2906.5
2884.0
2818.25
2858.0
2884.25
2855.75
2828.5
2851.25
2997.75
2877.75
2830.25
3068.25
2976.5
3082.75
2934.5
2956.5
3028.25
2951.0
3046.0
3039.0
3054.75
2989.25
3131.5
3100.25
3125.5
3164.75
3159.25
3166.0
3124.25
3266.75
3268.25
3189.75
