-40159.898437499985
-37751.949218749985
-37016.027343749985
-36229.96874999999
-34155.58593749999
-32483.412109374993
-31797.802734374993
-30956.234374999993
-29201.994140624993
-29034.050781249993
-28091.277343749993
-24549.035156249993
-21439.277343749993
-22009.679687499993
-20056.953124999996
-17319.498046875
-15825.419921875
-18882.257812499996
-16900.359374999996
-16209.447265624998
-15811.650390624998
-14793.71875
-14357.8017578125
-14258.640625
-14634.1376953125
-14333.1015625
-13875.4921875
-13463.462890625
-12867.892578125
-12664.041015625
-12233.4931640625
-12219.0810546875
-12088.0078125
-12605.849609375
-12260.673828125
-11999.8564453125
-12091.3154296875
-12003.7080078125
-12062.9033203125
-12349.7138671875
-12125.21484375
-12012.958984375
-12100.7255859375
-12015.2724609375
-11956.091796875
-11929.794921875
-12032.017578125
-11984.38671875
-11791.8173828125
-11943.3701171875
-11971.642578125
-11662.5615234375
-11696.001953125
-11669.15234375
-11841.630859375
-11642.333984375
-11511.935546875
-11410.94921875
-11402.1416015625
-11575.41796875
-11442.1279296875
-11487.009765625
-11482.576171875
-11685.2783203125
-11544.837890625
-11336.9814453125
-11392.923828125
-11562.2373046875
-11614.5107421875
-11513.88671875
-12347.6796875
-11807.267578125
-12000.07421875
-11621.705078125
-11476.33984375
-11586.2685546875
-11747.2060546875
-11674.7197265625
-11655.646484375
-11502.8349609375
-11579.876953125
-11777.48046875
-11663.560546875
-11488.6015625
-11742.240234375
-11721.455078125
-11717.640625
-11701.021484375
-11914.001953125
-11765.1953125
-11790.3642578125
-11620.1142578125
-11737.8115234375
-11726.3515625
-11860.0107421875
-11734.845703125
-11683.197265625
-11726.87109375
-11979.701171875
-11884.333984375
