-22656.145709775345
-23355.73315615206
-23032.30623854712
-23593.750925140142
-22839.36991052515
-21607.19206868651
-22544.09947962032
-21221.277467760417
-21034.535868285424
-19794.096571378956
-18452.54486812091
-16037.84131774604
-14248.053151565608
-12453.422569505443
-15244.466586808714
-14858.233047750158
-14395.45555913007
-12639.763020328806
-12816.615406292512
-13885.705166620359
-13212.868848215867
-13569.965258386146
-13684.06105133911
-13158.66108962796
-13314.13231131026
-13439.368419718667
-13023.026599865865
-13119.731631291881
-12221.657273637144
-12375.325102155706
-12082.258517761966
-11971.596236464386
-12005.533372166117
-12413.367726888033
-12219.445104799666
-11986.124719709842
-12022.585614403582
-11948.72821091345
-12049.171596721357
-12170.971296156527
-12001.482597655493
-11902.98028271695
-12045.740834437978
-11946.537064645878
-11818.603917384507
-11916.060984194477
-12018.28422431574
-11929.393258286533
-11791.828868930294
-11737.136046577525
-11696.655279037079
-11566.329145021968
-11558.508819943605
-11517.919161937807
-11456.640044943442
-11408.598129108073
-11360.69502194324
-11328.462558234753
-11319.658054518442
-11396.683980445927
-11428.396421667396
-11363.276858198305
-11400.088174030849
-11204.044384581666
-11283.597754651995
-11254.495713209924
-11351.69405285303
-11328.50469763206
-11298.277075051035
-11293.9045919567
-11247.694136519498
-11326.032168016107
-11367.58070975607
-11580.463683512611
-11448.849272435004
-11558.786981033303
-11458.474972486514
-11523.480526028532
-11476.9118386221
-11475.345491926764
-11579.889928124081
-11777.501025380934
-11649.828014962832
-11474.862681466222
-11701.025193117468
-11693.961351604219
-11690.16752028922
-11687.292981650511
-11872.765178340473
-11765.20463666679
-11735.373929823252
-11606.397120953014
-11696.574112509985
-11712.634402735648
-11818.793657023605
-11734.847232470307
-11614.457404362302
-11726.883505865122
-11938.45420611994
-11843.112980114987
