-40159.89570977545
-37751.983156152026
-37016.05623854709
-36230.00092514021
-34155.61991052525
-32483.442068686487
-31797.84947962028
-30956.277467760414
-29202.03586828538
-29034.096571379032
-28091.294868120942
-24549.091317746064
-21439.30315156554
-22009.672569505394
-20056.96658680868
-17319.483047750164
-15825.4555591301
-18882.263020328828
-16900.365406292553
-16209.455166620372
-15811.618848215847
-14793.715258386137
-14357.811051339106
-14258.661089627984
-14634.13231131022
-14333.118419718641
-13875.526599865838
-13463.481631291861
-12867.907273637149
-12664.075102155704
-12233.508517761966
-12219.096236464386
-12088.033372166119
-12605.867726888033
-12260.695104799666
-11999.874719709842
-12091.33561440359
-12003.728210913452
-12062.921596721357
-12349.721296156527
-12125.232597655493
-12012.980282716951
-12100.74083443798
-12015.287064645876
-11956.10391738451
-11929.810984194477
-12032.03422431574
-11984.393258286533
-11791.828868930294
-11943.386046577525
-11971.65527903708
-11662.579145021968
-11696.008819943605
-11669.169161937807
-11841.640044943451
-11642.348129108073
-11511.945021943236
-11410.962558234753
-11402.158054518444
-11575.43398044592
-11442.146421667396
-11487.026858198307
-11482.588174030847
-11685.294384581666
-11544.847754651995
-11336.995713209919
-11392.944052853029
-11562.25469763206
-11614.527075051035
-11513.904591956692
-12347.694136519498
-11807.282168016114
-12000.080709756056
-11621.713683512611
-11476.349272435004
-11586.286981033307
-11747.224972486507
-11674.73052602853
-11655.6618386221
-11502.845491926762
-11579.889928124081
-11777.501025380934
-11663.578014962835
-11488.612681466222
-11742.275193117466
-11721.461351604219
-11717.66752028922
-11701.042981650511
-11914.015178340473
-11765.20463666679
-11790.373929823252
-11620.147120953014
-11737.824112509985
-11726.384402735648
-11860.043657023602
-11734.847232470307
-11683.207404362302
-11726.883505865122
-11979.70420611994
-11884.362980114991
