31.825
26.175
25.425
22.975
20.575
19.775
16.825
17.7
14.85
16.8
17.525
15.475
13.075
17.375
8.75
4.475
2.6
11.35
7.425
4.225
4.725
2.225
1.225
2.0
2.4
1.625
1.55
0.625
1.175
0.525
0.275
0.45
0.15
0.35
0.075
0.025
0.125
0.1
0.025
0.325
0.225
0.2
0.1
0.125
0.25
0.025
0.025
0.1
0.0
0.375
0.5
0.175
0.25
0.275
0.7
0.425
0.275
0.15
0.15
0.325
0.025
0.225
0.15
0.875
0.475
0.15
0.075
0.425
0.575
0.4
2.0
0.875
1.15
0.075
0.05
0.05
0.525
0.275
0.325
0.05
0.0
0.0
0.025
0.025
0.075
0.05
0.05
0.025
0.075
0.0
0.1
0.025
0.075
0.025
0.075
0.0
0.125
0.0
0.075
0.075
