-12641.25
-11636.25
-2680.75
462.75
1044.5
856.75
1175.75
1146.75
1663.75
1408.0
1558.0
1764.0
1519.0
1692.75
1819.75
2043.25
1923.25
1891.5
2131.25
2011.5
2080.75
2174.5
2013.25
1880.5
1978.5
2191.75
2108.5
2180.25
2301.0
2180.0
2383.75
2353.5
2340.75
2444.5
2650.25
2546.25
2686.0
2501.25
2674.75
2562.25
2527.5
2473.25
2691.5
2665.0
2618.0
2678.75
2761.25
2638.5
2520.0
2508.25
2778.25
2764.25
2821.75
2692.5
2655.75
2558.0
2500.5
2604.25
2529.75
2586.0
2810.5
2757.25
2718.75
2579.75
2679.0
2641.75
2673.25
2766.75
2906.5
2884.0
2804.5
2858.0
2884.25
2855.75
2823.5
2835.0
2997.75
2877.75
2830.25
3064.5
2969.0
3082.75
2934.5
2956.5
3028.25
2951.0
3046.0
3039.0
3054.75
2989.25
3131.5
3100.25
3125.5
3164.75
3159.25
3166.0
3105.5
3266.75
3264.5
3189.75
