-29703.755859374985
-27986.218749999985
-11618.212402343743
-2149.734619140625
-643.0069580078111
-630.7491455078114
-211.7583007812491
-228.2426300048828
826.2425537109382
732.9748535156256
1032.9614257812505
938.9856567382819
1356.4559326171877
992.7355346679693
1269.753295898438
1568.248168945313
1735.7230224609377
1466.4960937500005
1981.2421875
1936.486328125
1793.2437744140627
2036.948486328125
1663.2076416015627
1343.0026855468755
1903.4984130859375
2104.23779296875
2108.45361328125
2180.2314453125
2301.002685546875
1942.4993896484377
2383.721435546875
2353.4892578125
2340.72509765625
2444.462890625
2650.228759765625
2521.267333984375
2685.96728515625
2501.230224609375
2662.229736328125
2524.734619140625
2527.47216796875
2373.234619140625
2691.48876953125
2664.979736328125
2617.979736328125
2678.730712890625
2761.224365234375
2638.49560546875
2519.94580078125
2508.232666015625
2778.235595703125
2751.742431640625
2821.731201171875
2692.479736328125
2655.725341796875
2270.48193359375
2125.4968261718755
2604.22802734375
2529.73681640625
2585.981689453125
2810.49169921875
2757.247314453125
2718.73779296875
2579.729736328125
2678.992431640625
2641.691650390625
2673.238037109375
2766.739501953125
2906.48583984375
2883.963623046875
2666.98486328125
2858.001953125
2884.227783203125
2855.72705078125
2773.5009765625
2672.441162109375
2997.735107421875
2877.735107421875
2830.231689453125
3026.96875
2893.992919921875
3082.73681640625
2934.482666015625
2956.49267578125
3028.22998046875
2950.97802734375
3045.979248046875
3038.9873046875
3054.72607421875
2989.23779296875
3131.43310546875
3100.162353515625
3125.479736328125
3164.73681640625
3159.223876953125
3165.962158203125
2917.9990234375
3266.742431640625
3226.96728515625
3189.71044921875
