-24247.395709775334
-24664.48315615206
-24303.556238547117
-24742.500925140142
-23868.11991052515
-22595.942068686516
-23385.349479620283
-22106.27746776043
-21777.035868285424
-20634.096571378977
-19328.794868120905
-16811.591317746028
-14901.803151565622
-13322.172569505437
-15681.966586808718
-15081.983047750144
-14525.455559130078
-13207.263020328819
-13187.865406292516
-14096.955166620348
-13449.118848215872
-13681.215258386143
-13745.311051339115
-13258.661089627969
-13434.132311310264
-13520.618419718663
-13100.526599865867
-13150.98163129188
-12280.407273637144
-12401.575102155706
-12096.008517761968
-11994.096236464387
-12013.033372166119
-12430.867726888033
-12223.195104799666
-11987.374719709842
-12028.835614403584
-11953.72821091345
-12050.421596721357
-12187.221296156531
-12012.73259765549
-11912.980282716948
-12050.740834437978
-11952.787064645878
-11831.103917384506
-11917.310984194477
-12019.53422431574
-11934.393258286533
-11791.828868930294
-11755.886046577525
-11721.65527903708
-11575.079145021968
-11571.008819943605
-11531.669161937807
-11491.640044943442
-11429.848129108073
-11374.445021943242
-11335.962558234753
-11327.158054518442
-11412.933980445925
-11429.646421667396
-11374.526858198305
-11407.588174030849
-11247.794384581664
-11307.347754651995
-11261.99571320992
-11355.444052853029
-11349.75469763206
-11327.027075051039
-11313.904591956698
-11347.694136519498
-11369.782168016107
-11425.08070975607
-11584.213683512611
-11451.349272435004
-11561.286981033303
-11484.724972486516
-11537.230526028532
-11493.1618386221
-11477.845491926764
-11579.889928124081
-11777.501025380934
-11651.078014962832
-11476.112681466222
-11704.775193117468
-11696.461351604219
-11692.66752028922
-11688.542981650511
-11876.515178340473
-11765.20463666679
-11740.37392982325
-11607.647120953014
-11700.324112509985
-11713.884402735648
-11822.543657023602
-11734.847232470307
-11620.707404362302
-11726.883505865122
-11942.20420611994
-11846.862980114991
