-19530.73793622042
-20069.263752882813
-19246.43307174508
-18149.99552815439
-16927.344402951167
-15978.042918693598
-15133.779117325059
-13360.86723216562
-12376.249095710407
-11307.916919524025
-10071.80438378335
-8957.902392213397
-8567.392285742548
-7646.64544182602
-6588.167882767397
-5871.834357936337
-5653.7804529359455
-5077.638933494826
-4854.55482507112
-4705.911365132237
-4485.743541764308
-4425.16307082055
-4330.901130101394
-4217.017379937598
-4147.483089340304
-4111.4244836236885
-3988.66300964229
-4010.3936689240227
-3900.9864347741814
-3945.7484590354834
-3843.602366469833
-3889.305695772496
-3836.086866397402
-3881.097518859146
-3834.4150089242075
-3796.2964905700765
-3833.7667361707063
-3787.6828876040527
-3775.103490849964
-3817.2703276310194
-3849.4021222642123
-3806.994114927009
-3788.566155600444
-3727.9257342700257
-3756.053594214335
-3766.562448585123
-3719.75276638219
-3782.4284435875416
-3748.0622992604854
-3751.1610467608843
