-19530.73793622042
-19974.778909198907
-19149.74703038275
-17947.140040419363
-16610.50782001244
-15696.956957625578
-15108.90949744248
-13993.058772458617
-12825.062208343626
-11677.10714237783
-10404.869152159315
-9391.501322552083
-9574.886043559583
-8490.199021796627
-7881.587058487645
-7073.492839027233
-7202.512985706055
-6391.68336097308
-6053.089376579233
-6025.484987494716
-5686.08248705926
-5627.07514233407
-5587.910025893618
-5551.722892965056
-5499.655186821484
-5507.576907220586
-5373.51597260826
-5429.434030999081
-5397.784659130639
-5348.7481148233055
-5274.099566710887
-5288.437121448211
-5269.9167753711
-5305.421828833647
-5205.9192465320775
-5100.409527460308
-5174.250287492206
-5149.673377196105
-5225.929579552044
-5104.056153617072
-5119.881113192793
-5047.47230024287
-5115.8636038399845
-5093.111175736894
-5084.987356366141
-5006.980665241817
-5014.576105070941
-5091.884561801249
-4977.066469567998
-5016.224908074501
