-49491.98793622043
-35059.98056078956
-23888.468239391474
-21581.598169331643
-26802.765465973112
-27929.08666028236
-31704.58171477977
-32493.77281581652
-31448.366028033943
-26352.532460573235
-20092.381007963326
-17191.482235011175
-18047.0745510458
-17285.16805619067
-17513.881932845565
-16808.365402992065
-16668.3724975039
-15701.743306120534
-15079.251248856788
-14978.566870023988
-14732.242113557246
-14663.451054552623
-14468.38036622852
-14173.136446822118
-13985.68850295537
-13950.165481015549
-13697.50934094617
-13550.999030364594
-13493.39404166714
-13187.661598270404
-13283.52488613394
-13396.18526721521
-13473.918565948048
-13296.659320117073
-13133.847629641776
-13097.91068400864
-13136.326101590044
-13161.551924185518
-13203.808811697823
-13020.110399870602
-12977.183688036299
-12964.102560082518
-13110.574025645032
-13104.445289450015
-13254.059805867035
-12970.652953327448
-12979.324208090668
-13125.472302756409
-12925.98757649479
-13187.823535848167
