
Good
Feature: [0, 101, 4]

States: [[-170, 0, -130, 0, 0, 15], array([-1.69906888e+02,  1.49078159e-01, -1.30042246e+02,  1.02835282e+00,
        0.00000000e+00,  1.50000000e+01]), array([-1.69778992e+02,  2.81796548e-01, -1.29153778e+02,  1.91254269e+00,
       -9.31117408e-02,  1.50422460e+01]), array([-169.59148554,    0.34222569, -127.30250582,    2.59852941,
         -0.2210079 ,   14.1537784 ]), array([-169.35496417,    0.48187865, -124.72465524,    3.14212755,
         -0.40851446,   12.30250582]), array([-168.89037417,    0.5149168 , -121.56418823,    3.39502608,
         -0.64503583,    9.72465524]), array([-168.38691302,    0.56271135, -118.11645514,    3.70292974,
         -1.10962583,    6.56418823]), array([-167.81028326,    0.68365403, -114.44412687,    3.98371211,
         -1.61308698,    3.11645514]), array([-167.11935375,    0.68133197, -110.48136849,    4.1993701 ,
        -18.68953656,   16.34306189]), array([-166.48210096,    0.69190176, -106.33154811,    4.34246702,
        -19.38046607,   12.38030351]), array([-165.8045514 ,    0.73426965, -101.94462282,    4.45494542,
        -20.01771886,    8.23048313]), array([-165.02986835,    0.78617781,  -97.55539171,    4.65853744,
        -20.69526842,    3.84355784]), array([-164.15402877,    1.57419195,  -92.88596834,    3.30693489,
          6.59805111,   17.16618565]), array([-162.59520506,    2.20739677,  -89.67489369,    1.99861702,
          5.72221154,   12.49676228]), array([-160.41315704,    2.75727945,  -87.69993817,    0.92066174,
          4.16338782,    9.28568764]), array([-1.57678375e+02,  3.17229122e+00, -8.67609011e+01,  1.19552461e-01,
        1.98133981e+00,  7.31073211e+00]), array([-154.46124934,    3.46315871,  -86.6425881 ,   -0.72555315,
         -0.75344204,    6.37169507]), array([-151.07944129,    3.80617958,  -87.39311203,   -1.4065298 ,
         -3.97056789,    6.25338205]), array([-147.25692151,    4.01501663,  -88.8630375 ,   -0.44115689,
          6.23212284,   -1.91391324]), array([-143.18520514,    4.07214258,  -89.23474166,    0.55618291,
          2.40960306,   -0.44398777]), array([-139.05783596,    3.89971807,  -88.60515857,    1.47538023,
        -15.24661209,    8.8455356 ]), array([-135.23182595,    3.65445327,  -87.28025894,    2.2788658 ,
         14.34913842,    8.73674098]), array([-131.59227203,    3.26146724,  -85.071827  ,    2.85982019,
         10.52312841,    7.41184135]), array([-128.36133094,    2.80223396,  -82.21354616,    3.223811  ,
          6.88357449,    5.20340941]), array([-125.51978492,    2.43002844,  -78.97284657,    3.62992756,
          3.6526334 ,    2.34512856]), array([-123.05598586,    2.17219806,  -75.27027816,    3.82524366,
         15.89517533,   25.33529643]), array([-120.93387891,    1.99789418,  -71.47922335,    4.08919925,
         13.43137626,   21.63272802]), array([-118.90522869,    1.6403339 ,  -67.40570401,    4.24291185,
         11.30926931,   17.84167321]), array([-117.29739093,    1.31641016,  -63.18844034,    4.39751774,
          9.2806191 ,   13.76815387]), array([-115.98324822,    0.80014594,  -58.74089645,    4.5071245 ,
          7.67278133,    9.5508902 ]), array([-115.2651697 ,    1.0444827 ,  -54.14714546,    4.55714834,
          6.35863863,    5.10334631]), array([-114.21838045,    1.33567599,  -49.56214135,    4.62187294,
          5.6405601 ,    0.50959532]), array([-112.89019281,    1.5605136 ,  -44.9785294 ,    4.74324028,
         -1.30984346,    5.66066587]), array([-111.27538276,    1.85654375,  -40.22441639,    4.6536449 ,
         -2.63803111,    1.07705392]), array([-109.3789479 ,    2.09093927,  -35.53759016,    4.67399836,
          4.31767058,   -5.52657021]), array([-107.31972331,    2.3326766 ,  -30.9059618 ,    4.69382886,
         -7.40767974,    4.87258162]), array([-105.02635572,    2.81235477,  -26.19412788,    4.67351419,
         -9.46690433,    0.24095325]), array([-102.18887497,    3.31262288,  -21.60960152,    4.44704034,
        -11.76027193,   -4.47088066]), array([-98.93040516,   3.14784875, -17.19223554,   2.45916083,
         8.72287664, -13.69234799]), array([-95.81005545,   2.69766155, -14.76993186,   3.02127838,
         5.46440683, -18.10971398]), array([-93.13479383,   2.36748102, -11.74102589,   3.42137718,
         2.34405712, -20.53201766]), array([-90.83653422,   1.92760965,  -8.39281681,   3.68234981,
        -0.3312045 , -23.56092363]), array([-88.95247757,   1.64094337,  -4.69280638,   3.89023273,
        -0.41027648,  23.60728784]), array([-3.65069953e-03, -6.12788338e-02, -5.18518885e-03,  8.01910314e-02,
       -9.12468107e+01,  1.52144710e+01]), array([-7.45374393e-03, -4.72579163e-02, -1.03322456e-02,  1.46455671e-02,
       -9.12468107e+01,  1.52144710e+01]), array([-3.08414944e-03, -4.35649856e-02, -4.15671971e-04, -9.29902108e-04,
       -9.12468107e+01,  1.52144710e+01]), array([-4.02573125e-03, -5.05987698e-02,  1.62245402e-02,  6.04853788e-02,
       -9.12468107e+01,  1.52144710e+01]), array([-6.64869729e-02,  5.36225870e-02,  6.63112830e-03, -7.08773337e-02,
       -9.12468107e+01,  1.52144710e+01]), array([-5.65826736e-02, -8.97067521e-02, -4.70981205e-02, -5.33811921e-02,
       -9.12468107e+01,  1.52144710e+01]), array([ 1.33526838e-01,  3.60459438e-02, -1.05857077e-02,  3.48912384e-02,
       -9.12468107e+01,  1.52144710e+01]), array([ 7.85439643e-03, -3.92059641e-02,  2.55255044e-02, -5.13983873e-02,
       -9.12468107e+01,  1.52144710e+01]), array([ 7.76978525e-02,  6.79522894e-02,  2.62502320e-02,  1.73638685e-02,
       -9.12468107e+01,  1.52144710e+01]), array([-7.25278152e-03,  1.01408078e-01,  8.20342656e-02,  2.85490086e-02,
       -9.12468107e+01,  1.52144710e+01]), array([ 6.00769952e-03, -8.09285885e-02,  5.64086989e-02,  2.79393137e-02,
       -9.12468107e+01,  1.52144710e+01]), array([-3.14197942e-02,  6.74976490e-02, -3.29620959e-02,  7.40595467e-03,
       -9.12468107e+01,  1.52144710e+01]), array([-7.11869537e-03, -4.64302636e-02,  1.77382829e-02,  1.30958901e-02,
       -9.12468107e+01,  1.52144710e+01]), array([ 1.13497888e-01, -1.25727123e-02,  4.80919697e-02,  6.22066741e-02,
       -9.12468107e+01,  1.52144710e+01]), array([-2.52852454e-02, -3.02731721e-02, -6.18574279e-04, -3.42706927e-02,
       -9.12468107e+01,  1.52144710e+01]), array([ 1.15542128e-02,  5.64212399e-02,  4.97978949e-02, -9.94379162e-03,
       -9.12468107e+01,  1.52144710e+01]), array([ 9.93838000e-03, -9.54304652e-03,  2.47002523e-02, -1.01983383e-02,
       -9.12468107e+01,  1.52144710e+01]), array([ 4.81305004e-03, -1.98564325e-02,  4.81713450e-03, -3.33356004e-02,
       -9.12468107e+01,  1.52144710e+01]), array([-9.25363348e-02,  1.80043879e-02, -4.89829074e-02,  4.69951530e-02,
       -9.12468107e+01,  1.52144710e+01]), array([-2.78740127e-02,  1.11551216e-01, -3.05440418e-02,  1.44839586e-02,
       -9.12468107e+01,  1.52144710e+01]), array([-4.48460433e-02,  4.32591316e-02,  2.15005759e-02, -1.50931746e-02,
       -9.12468107e+01,  1.52144710e+01]), array([-2.00586030e-02,  6.69039197e-03, -9.73204924e-02, -2.26670358e-02,
       -9.12468107e+01,  1.52144710e+01]), array([-2.52041016e-02, -3.73778598e-02, -1.29752034e-02, -5.27367038e-02,
       -9.12468107e+01,  1.52144710e+01]), array([ 4.86629502e-02,  7.45616160e-02,  6.37965614e-04,  1.25163842e-02,
       -9.12468107e+01,  1.52144710e+01]), array([ 1.58193014e-02,  1.65624368e-02,  3.13738016e-04, -3.09398648e-02,
       -9.12468107e+01,  1.52144710e+01]), array([-1.91757151e-02,  4.89799306e-03, -1.31261391e-02,  1.13855869e-02,
       -9.12468107e+01,  1.52144710e+01]), array([-5.02080394e-03, -4.02515586e-02,  2.35410046e-02,  9.54514341e-03,
       -9.12468107e+01,  1.52144710e+01]), array([ 9.96867289e-03,  1.78310949e-02, -1.43209814e-01,  6.04332587e-02,
       -9.12468107e+01,  1.52144710e+01]), array([-5.08329124e-03, -4.91887675e-03, -5.61270217e-02, -7.56569975e-02,
       -9.12468107e+01,  1.52144710e+01]), array([-4.40093968e-02, -1.37866247e-02, -1.49867123e-02, -3.12079946e-02,
       -9.12468107e+01,  1.52144710e+01]), array([-3.92824597e-02, -5.58788608e-02, -6.85213156e-03, -6.67744241e-04,
       -9.12468107e+01,  1.52144710e+01]), array([ 4.43921406e-02,  4.12651590e-03, -8.12003780e-02,  4.09382400e-02,
       -9.12468107e+01,  1.52144710e+01]), array([-5.02109220e-02,  5.23228538e-02,  2.17440752e-02, -3.26883670e-02,
       -9.12468107e+01,  1.52144710e+01]), array([-2.61235426e-02, -2.00305371e-02,  1.36790468e-02, -3.72272465e-02,
       -9.12468107e+01,  1.52144710e+01]), array([ 5.79931961e-02,  2.78775414e-02,  1.20200204e-02,  3.37804054e-02,
       -9.12468107e+01,  1.52144710e+01]), array([ 4.11595196e-03, -1.75739244e-02, -7.53850183e-03, -1.67785771e-02,
       -9.12468107e+01,  1.52144710e+01]), array([-2.45343738e-02, -1.36208908e-02,  2.22070544e-02,  1.02021639e-01,
       -9.12468107e+01,  1.52144710e+01]), array([ 8.05874302e-02, -5.83857251e-02, -3.00213517e-03, -1.83175375e-02,
       -9.12468107e+01,  1.52144710e+01]), array([-3.81363061e-02, -6.65745282e-02, -1.25062860e-01, -3.91942667e-03,
       -9.12468107e+01,  1.52144710e+01]), array([ 3.31351945e-02, -6.83637758e-02, -4.61980580e-02, -2.51542385e-02,
       -9.12468107e+01,  1.52144710e+01]), array([ 7.64565304e-02,  7.77754860e-03,  1.09723690e-02, -2.27832976e-02,
       -9.12468107e+01,  1.52144710e+01]), array([-2.21081398e-02, -6.17348146e-02, -3.73281657e-02, -3.93623480e-02,
       -9.12468107e+01,  1.52144710e+01]), array([ 6.85836892e-03, -4.21539096e-03,  5.45329251e-02,  5.39306471e-02,
       -9.12468107e+01,  1.52144710e+01]), array([-1.29900084e-02,  2.86911840e-02,  1.53870258e-02,  3.29374995e-03,
       -9.12468107e+01,  1.52144710e+01]), array([-6.86373529e-03, -1.03652245e-02,  3.80197093e-02,  1.76163104e-02,
       -9.12468107e+01,  1.52144710e+01]), array([-1.66662506e-02, -7.47594231e-02,  6.15172657e-02,  1.09333975e-01,
       -9.12468107e+01,  1.52144710e+01]), array([ 2.26690058e-02, -5.36131422e-02, -3.45789047e-04,  2.94463965e-02,
       -9.12468107e+01,  1.52144710e+01]), array([-5.36123186e-02,  3.46621083e-02,  1.24319950e-01, -4.54340716e-02,
       -9.12468107e+01,  1.52144710e+01]), array([-2.14752198e-02, -6.32621552e-02, -1.30280314e-02,  1.14117885e-02,
       -9.12468107e+01,  1.52144710e+01]), array([-1.09661031e-01,  5.12671898e-02,  1.37003263e-04, -2.89244592e-02,
       -9.12468107e+01,  1.52144710e+01]), array([-9.73993120e-02, -5.23696483e-02, -1.03565437e-02, -1.33649710e-02,
       -9.12468107e+01,  1.52144710e+01]), array([-4.85867989e-02,  7.72209069e-03, -1.02395091e-01,  8.12032028e-03,
       -9.12468107e+01,  1.52144710e+01]), array([-6.39985889e-02,  7.23677657e-03, -5.05741227e-02,  6.52987026e-03,
       -9.12468107e+01,  1.52144710e+01]), array([ 1.04806674e-01,  1.71130447e-02,  4.75249444e-03, -1.54468406e-02,
       -9.12468107e+01,  1.52144710e+01]), array([ 1.51601788e-02,  4.65742184e-02,  2.48425104e-02,  9.66506134e-02,
       -9.12468107e+01,  1.52144710e+01]), array([-2.56073915e-02, -9.77497610e-03, -3.22580871e-02,  8.52366152e-03,
       -9.12468107e+01,  1.52144710e+01]), array([ 2.29112472e-02, -9.51434087e-02, -8.17983495e-02,  2.35631985e-02,
       -9.12468107e+01,  1.52144710e+01]), array([ 3.28760125e-02, -1.31119751e-02,  6.55867490e-02, -4.62988237e-03,
       -9.12468107e+01,  1.52144710e+01])]

Trash Locations: [(-170, -115), (-161.47800146743472, 14.799991510071521), (-158.43181723463206, -80.3892060579484), (-186.33174156594893, 25.93666441598748), (-116.78662764408708, -30.665008543701447), (-133.59491327080525, -7.550572728271391), (-144.84731844536094, -89.30702527183324), (-164.55584947366853, 12.615439819824303), (-124.7086975393888, -79.86841759339954), (-161.049314004978, -63.83286172433567), (-115.52822391649997, -43.90147548329932), (-152.70318577924482, 25.665448102171837), (-138.90685745402678, 41.44909633625139), (-106.9577121798157, -45.750986595486125), (-140.58364275751632, 1.197249648796344), (-170.09037541249938, 3.249492431308539), (-93.46599832836142, -35.30194951582982), (-145.10347298946795, 52.206748727593464), (-189.54471592465944, 56.04918112942707), (-186.49981982160142, -98.10106498059523), (-91.24681070479303, 15.21447102729843), (-109.62460959429325, -53.63755014000374), (-157.4379307960277, 11.932250340129087), (-125.69696840372916, -34.08754307639245), (-117.57118530347725, -127.16520377013335)]
Bad
Feature: [15, 86, 1]

States: [[-170, 0, -130, 0, 0, 15], array([-169.90675134,    0.55800014, -129.99510393,    0.97482121,
          0.        ,   15.        ]), array([-1.69452902e+02,  1.08144969e+00, -1.29031061e+02,  1.71473164e+00,
       -9.32486612e-02,  1.49951039e+01]), array([-168.38165395,    1.50565859, -127.31913546,    2.35333941,
         -0.54709774,   14.03106066]), array([-166.88667155,    1.91189196, -124.96800838,    2.73390193,
         -1.61834605,   12.31913546]), array([-164.85813877,    2.25869333, -122.29958538,    3.16960186,
         -3.11332845,    9.96800838]), array([-162.65257443,    2.53169256, -119.19442788,    3.52332304,
         -5.14186123,    7.29958538]), array([-160.21369408,    2.64840101, -115.77207593,    3.82310382,
         -7.34742557,    4.19442788]), array([-157.50031363,    2.84916422, -111.9456095 ,    4.16328643,
         -9.78630592,    0.77207593]), array([-154.610359  ,    2.93167312, -107.80318209,    4.29351995,
        -12.49968637,   -3.0543905 ]), array([-151.69224983,    3.04085473, -103.4388526 ,    4.48035671,
        -15.389641  ,   -7.19681791]), array([-148.67557227,    3.15029997,  -98.95111629,    4.58751322,
          6.84493138,   14.13182733]), array([-145.51661423,    3.09881624,  -94.31899266,    4.51803003,
          3.82825383,    9.64409102]), array([-142.46396321,    3.14568029,  -89.90171828,    4.52583543,
          0.66929578,    5.01196739]), array([-139.34494582,    3.10316714,  -85.43601571,    4.63743136,
         -2.38335523,    0.59469301]), array([-136.14455405,    3.13969602,  -80.78312455,    4.65801811,
         14.63624828,    5.56759812]), array([-133.02908714,    3.51366888,  -76.19694409,    2.73181499,
         11.43585651,    0.91470695]), array([-129.57746356,    3.81074335,  -73.44744993,    1.22019162,
          8.32038961,   -3.6714735 ]), array([-1.25843467e+02,  4.04285480e+00, -7.21777403e+01, -2.09428593e-02,
        4.86876602e+00, -6.42096766e+00]), array([-121.75233067,    4.31400186,  -72.24689566,   -0.97354759,
          1.13476985,   -7.6906773 ]), array([-117.45883754,    4.45054197,  -73.24096702,   -1.79009028,
         -2.95636687,   -7.62152193]), array([-112.93066635,    3.47971472,  -74.99564101,   -2.41211784,
         -7.24986   ,   -6.62745057]), array([-109.52392034,    1.79580395,  -77.43368474,   -3.05465028,
        -11.77803119,   -4.87277658]), array([-107.7289898 ,    0.39712963,  -80.53865642,   -3.42798665,
        -15.1847772 ,   -2.43473286]), array([-107.30108382,   -0.64761294,  -83.9958451 ,   -3.73661248,
        -16.97970774,    0.67023883]), array([-107.95458746,   -1.49169057,  -87.70355501,   -3.97292093,
        -17.40761372,    4.1274275 ]), array([-109.43947548,   -2.25978671,  -91.57960002,   -4.16533461,
        -16.75411008,    7.83513741]), array([-111.75141427,   -2.83528673,  -95.7626276 ,   -4.40909211,
        -15.26922206,   11.71118243]), array([-114.61662906,   -3.24836692, -100.22113305,   -4.5768581 ,
        -12.95728327,   15.89421   ]), array([-117.86098281,   -3.59685472, -104.73163118,   -4.61964888,
        -10.09206848,   20.35271546]), array([-121.48607297,   -2.56440434, -109.24892712,   -4.67860856,
          0.28979751,  -22.43357259]), array([-124.09967609,   -1.04224085, -113.92416054,   -4.7543926 ,
          3.91488767,  -17.91627665]), array([-1.25204568e+02,  1.20583551e-01, -1.18597057e+02, -4.76751620e+00,
        6.52849079e+00, -1.32410432e+01]), array([-125.1007069 ,    1.0509096 , -123.36409806,   -4.79617152,
          7.63338242,   -8.56814719]), array([-124.17786505,    1.74957813, -128.19398794,   -4.83658551,
          7.5295216 ,   -3.80110571]), array([-122.44539009,    2.36047007, -133.04585334,   -4.84790089,
          6.60667975,    1.02878417]), array([-120.03290544,    2.79068596, -137.95306199,   -4.8752683 ,
          4.87420478,    5.88064957]), array([-117.22827368,    3.18922093, -142.82277669,   -4.92144309,
          2.46172014,   10.78785822]), array([-114.08770675,    2.21490895, -147.69969536,   -5.04026265,
         -0.34291162,   15.65757292]), array([-111.83122843,    2.81888088, -152.72062831,   -4.55770926,
         -3.48347855,   20.53449159]), array([-109.09150683,    3.16514086, -157.29797207,   -3.94290487,
         -5.73995687,   25.55542454]), array([-105.91329838,    3.56993412, -161.25985993,   -3.43902383,
         -8.47967848,   30.1327683 ]), array([-102.34815509,    3.89423669, -164.72318216,   -2.94500974,
        -11.65788693,   34.09465616]), array([ -98.51117453,    4.13236471, -167.76458507,   -3.35890019,
        -15.22303021,   37.55797839]), array([ -94.3003779 ,    4.33515597, -171.16040988,   -2.62882046,
        -19.06001077,   40.5993813 ]), array([ -89.96079597,    4.45856601, -173.77691319,   -1.48063464,
        -23.27080741,   43.99520611]), array([ -85.4564754 ,    4.59889773, -175.23872105,   -0.50780753,
        -27.61038934,   46.61170942]), array([ -80.90040526,    4.66345483, -175.68494759,    0.35541084,
        -32.11470991,   48.07351728]), array([ -76.23360413,    4.74643466, -175.36397907,    1.08651437,
        -36.67078005,   48.51974382]), array([ -71.53050894,    4.8139465 , -174.28656301,    1.76200471,
        -41.33758117,   48.1987753 ]), array([ -66.74245569,    4.94193401, -172.51797619,    2.45676566,
        -46.04067637,   47.12135924]), array([ -61.83300849,    4.87833947, -170.05443355,    3.05454638,
        -50.82872962,   45.35277242]), array([ -56.86720054,    4.66550958, -167.03140534,    3.51447818,
        -55.73817682,   42.88922978]), array([-4.85011837e-02, -9.05872604e-02,  6.16748083e-02, -3.45861150e-02,
       -9.12468107e+01,  1.52144710e+01]), array([ 8.02145982e-02,  4.53956153e-03, -1.22363286e-01, -1.64573668e-02,
       -9.12468107e+01,  1.52144710e+01]), array([ 1.29283349e-03,  2.14296164e-03, -5.93403399e-02, -9.06396610e-02,
       -9.12468107e+01,  1.52144710e+01]), array([-7.11802549e-03, -1.64342947e-03,  1.11496913e-01, -7.67589737e-02,
       -9.12468107e+01,  1.52144710e+01]), array([ 3.88293649e-02,  2.50063743e-02, -8.44693228e-02, -5.30912212e-02,
       -9.12468107e+01,  1.52144710e+01]), array([-1.22942213e-02, -4.26181280e-02, -3.71179203e-02,  3.83514055e-03,
       -9.12468107e+01,  1.52144710e+01]), array([ 3.23732166e-02, -1.22146593e-03, -4.15395845e-02, -3.28476680e-02,
       -9.12468107e+01,  1.52144710e+01]), array([-5.29068899e-03,  8.33130386e-02,  2.18253298e-02,  8.39662981e-02,
       -9.12468107e+01,  1.52144710e+01]), array([-7.01205050e-03, -6.24553337e-03,  2.45210098e-02,  4.03727732e-02,
       -9.12468107e+01,  1.52144710e+01]), array([-1.75088573e-02,  7.06692514e-02,  1.10428142e-01, -1.65778191e-02,
       -9.12468107e+01,  1.52144710e+01]), array([ 2.11688215e-02,  8.00588963e-02, -3.70914959e-02,  2.64777499e-02,
       -9.12468107e+01,  1.52144710e+01]), array([ 3.02244040e-02, -4.14355490e-02, -4.47528454e-02, -6.22341284e-03,
       -9.12468107e+01,  1.52144710e+01]), array([ 2.36298314e-02,  1.75345493e-02, -3.62728466e-03,  3.74912656e-02,
       -9.12468107e+01,  1.52144710e+01]), array([ 1.34286314e-01,  3.36671746e-02, -7.38378807e-02, -2.55530255e-02,
       -9.12468107e+01,  1.52144710e+01]), array([ 5.72173159e-02,  1.03714491e-02, -1.40122406e-02,  3.20650135e-02,
       -9.12468107e+01,  1.52144710e+01]), array([-1.05462050e-02, -3.87728055e-02, -1.08211006e-02, -2.75233881e-03,
       -9.12468107e+01,  1.52144710e+01]), array([-4.89490079e-02, -6.57713218e-02,  4.76277083e-02,  1.17188266e-02,
       -9.12468107e+01,  1.52144710e+01]), array([ 7.14432407e-02,  9.26603479e-03,  3.76103240e-02, -4.22431755e-02,
       -9.12468107e+01,  1.52144710e+01]), array([ 1.41688687e-02,  5.12227074e-02, -2.99946056e-03,  2.43205787e-02,
       -9.12468107e+01,  1.52144710e+01]), array([ 9.91275652e-03, -3.17228835e-02,  1.08978353e-02,  3.87592554e-02,
       -9.12468107e+01,  1.52144710e+01]), array([-1.37627738e-02,  2.14008822e-02,  6.91037999e-02, -6.83227155e-03,
       -9.12468107e+01,  1.52144710e+01]), array([ 6.49242371e-02, -8.57485928e-02, -1.19537077e-02,  6.11344768e-02,
       -9.12468107e+01,  1.52144710e+01]), array([-2.56601747e-02,  3.22808880e-02,  2.41231090e-02,  1.68553229e-02,
       -9.12468107e+01,  1.52144710e+01]), array([ 2.85328207e-02,  9.19866468e-02,  1.62338393e-02,  2.64451409e-03,
       -9.12468107e+01,  1.52144710e+01]), array([ 1.30764858e-02, -9.38686855e-04,  6.12603361e-02,  1.07543510e-02,
       -9.12468107e+01,  1.52144710e+01]), array([-2.34246000e-04, -3.68542854e-02,  8.66762960e-02, -4.49261460e-03,
       -9.12468107e+01,  1.52144710e+01]), array([ 2.53932848e-02, -1.27278206e-01, -6.13692847e-02, -4.48636710e-03,
       -9.12468107e+01,  1.52144710e+01]), array([ 4.86196385e-02, -1.31433784e-02, -3.22489707e-02,  1.83181670e-02,
       -9.12468107e+01,  1.52144710e+01]), array([-3.67289478e-02, -7.71670614e-03, -2.69867588e-02, -1.78560510e-02,
       -9.12468107e+01,  1.52144710e+01]), array([ 2.86412655e-02,  6.52563253e-02, -3.11447698e-02,  1.68981008e-02,
       -9.12468107e+01,  1.52144710e+01]), array([-1.32709389e-02, -8.85281456e-03,  4.26075422e-02,  8.93438407e-03,
       -9.12468107e+01,  1.52144710e+01]), array([ 1.22880792e-03,  2.36115422e-04, -3.24607636e-02,  8.60841889e-02,
       -9.12468107e+01,  1.52144710e+01]), array([-2.09803383e-02, -4.97890324e-03, -2.17927623e-02,  3.16941022e-02,
       -9.12468107e+01,  1.52144710e+01]), array([ 1.18905778e-02, -1.03785790e-02, -4.37093192e-02,  6.02013900e-02,
       -9.12468107e+01,  1.52144710e+01]), array([-5.92781240e-02, -8.65719419e-02, -2.70394247e-02,  5.94482301e-03,
       -9.12468107e+01,  1.52144710e+01]), array([ 6.78351955e-02,  3.47612174e-02, -4.41193491e-02,  8.35879068e-02,
       -9.12468107e+01,  1.52144710e+01]), array([ 1.40717719e-02,  1.53200824e-02,  3.81900134e-02, -9.36184939e-02,
       -9.12468107e+01,  1.52144710e+01]), array([-2.35111085e-03, -5.61349513e-02, -7.58091038e-02,  6.58492632e-02,
       -9.12468107e+01,  1.52144710e+01]), array([ 8.99223517e-03,  3.97588634e-02, -2.74404707e-02,  1.47413346e-02,
       -9.12468107e+01,  1.52144710e+01]), array([ 1.16155161e-02,  1.80559916e-02,  1.25283557e-01,  1.01733296e-02,
       -9.12468107e+01,  1.52144710e+01]), array([ 1.00684581e-01,  3.14793321e-02, -1.65782983e-02,  4.39274083e-02,
       -9.12468107e+01,  1.52144710e+01]), array([ 3.23289862e-03,  3.11845310e-02, -6.95902450e-02, -4.90104628e-02,
       -9.12468107e+01,  1.52144710e+01]), array([-4.54339130e-02,  6.53443886e-02,  5.66777436e-02,  4.82074130e-02,
       -9.12468107e+01,  1.52144710e+01]), array([ 2.31116124e-02, -1.73352265e-02,  6.48483764e-03, -4.81337942e-02,
       -9.12468107e+01,  1.52144710e+01]), array([ 1.10314397e-01,  3.23299786e-02, -5.49283984e-02, -3.74615613e-02,
       -9.12468107e+01,  1.52144710e+01]), array([ 2.65190119e-02, -2.53800298e-02,  2.49897328e-02,  1.26171000e-02,
       -9.12468107e+01,  1.52144710e+01]), array([ 4.50939757e-03, -4.16627138e-02,  3.19470686e-02,  1.29211877e-02,
       -9.12468107e+01,  1.52144710e+01]), array([ 2.77283571e-02,  5.76630698e-02,  2.87047015e-02,  4.07691516e-02,
       -9.12468107e+01,  1.52144710e+01])]

Trash Locations: [(-170, -115), (-161.47800146743472, 14.799991510071521), (-158.43181723463206, -80.3892060579484), (-186.33174156594893, 25.93666441598748), (-116.78662764408708, -30.665008543701447), (-133.59491327080525, -7.550572728271391), (-144.84731844536094, -89.30702527183324), (-164.55584947366853, 12.615439819824303), (-124.7086975393888, -79.86841759339954), (-161.049314004978, -63.83286172433567), (-115.52822391649997, -43.90147548329932), (-152.70318577924482, 25.665448102171837), (-138.90685745402678, 41.44909633625139), (-106.9577121798157, -45.750986595486125), (-140.58364275751632, 1.197249648796344), (-170.09037541249938, 3.249492431308539), (-93.46599832836142, -35.30194951582982), (-145.10347298946795, 52.206748727593464), (-189.54471592465944, 56.04918112942707), (-186.49981982160142, -98.10106498059523), (-91.24681070479303, 15.21447102729843), (-109.62460959429325, -53.63755014000374), (-157.4379307960277, 11.932250340129087), (-125.69696840372916, -34.08754307639245), (-117.57118530347725, -127.16520377013335)]
Good
Feature: [0, 101, 1]

States: [array([-170.56473436,   -0.88166801, -130.62508941,    0.71045979,
          0.        ,   15.        ]), array([-171.4293341 ,   -0.27547106, -129.84052592,    1.53652711,
          0.56473436,   15.62508941]), array([-1.71726361e+02,  1.40635285e-01, -1.28324039e+02,  2.16965397e+00,
        1.42933410e+00,  1.48405259e+01]), array([-171.63630094,    0.56115556, -126.22372955,    2.65406189,
          1.72636079,   13.32403852]), array([-171.02385948,    0.85416466, -123.59894857,    3.09208078,
          1.63630094,   11.22372955]), array([-170.19646783,    1.16321186, -120.52095286,    3.48999719,
          1.02385948,    8.59894857]), array([-169.02619011,    1.47600627, -117.02072121,    3.84214719,
          0.19646783,    5.52095286]), array([-167.50182355,    1.64454541, -113.18434007,    4.03016841,
         -0.97380989,    2.02072121]), array([-165.84724065,    1.85827958, -109.23169153,    4.25996373,
         18.12497416,    8.81805022]), array([-164.00607466,    1.99878415, -104.96620277,    4.46037738,
         16.47039126,    4.86540167]), array([-162.00617086,    2.14028453, -100.47661162,    4.52066288,
         14.62922527,    0.59991292]), array([-159.94529211,    2.11203318,  -95.91893105,    4.60308977,
         12.62932147,   -3.88967824]), array([-157.79218436,    2.31990853,  -91.30275167,    4.69443603,
         10.56844272,   -8.4473588 ]), array([-155.49118304,    2.40593276,  -86.60942096,    4.65625234,
          8.41533497,  -13.06353819]), array([-153.07859228,    2.53710032,  -81.88044809,    4.79990577,
          6.11433366,  -17.75686889]), array([-150.52230719,    2.5720299 ,  -77.10712493,    4.87160995,
         -1.23820839,   17.95142681]), array([-147.90300789,    2.53559234,  -72.22178968,    4.95995614,
         -3.79449348,   13.17810365]), array([-145.43170997,    2.54832326,  -67.23522421,    4.90262739,
         -6.41379278,    8.2927684 ]), array([-142.83500812,    2.54575358,  -62.29231126,    4.94453763,
         -8.8850907 ,    3.30620292]), array([-140.22143864,    2.44466925,  -57.36252569,    4.94878914,
        -11.48179255,   -1.63671003]), array([ 6.24792823e-02,  6.04138645e-02,  4.96347875e-02, -3.02132725e-02,
       -9.50275995e+01, -4.45674083e+00]), array([-1.35579819e-02,  7.89790495e-02,  1.97718961e-02,  2.14782912e-02,
       -9.50275995e+01, -4.45674083e+00]), array([-7.41327125e-02, -7.41214209e-02,  7.09268181e-02,  1.90829756e-02,
       -9.50275995e+01, -4.45674083e+00]), array([ 2.11916729e-02,  5.72099733e-02, -4.54346111e-02, -2.69566636e-03,
       -9.50275995e+01, -4.45674083e+00]), array([ 3.20212171e-02, -9.59588786e-02, -5.56866102e-02, -2.19187055e-02,
       -9.50275995e+01, -4.45674083e+00]), array([ 1.67564092e-02,  6.16703839e-02, -8.94272683e-02,  5.15765370e-02,
       -9.50275995e+01, -4.45674083e+00]), array([ 1.31158999e-02, -1.95415900e-02, -1.56693840e-02,  5.28236431e-02,
       -9.50275995e+01, -4.45674083e+00]), array([ 5.65750042e-02, -6.09118795e-02,  3.05371049e-02,  4.37213633e-02,
       -9.50275995e+01, -4.45674083e+00]), array([ 8.78892029e-02, -6.51790649e-02, -4.88772986e-02, -3.81551142e-02,
       -9.50275995e+01, -4.45674083e+00]), array([-1.90309771e-02,  8.39768723e-03, -7.36265998e-02,  4.69797355e-02,
       -9.50275995e+01, -4.45674083e+00]), array([ 1.27995740e-02,  5.86069420e-02, -7.07067442e-02,  4.95591098e-02,
       -9.50275995e+01, -4.45674083e+00]), array([-3.64668748e-02, -4.55319504e-02,  1.14022965e-02,  1.23725812e-02,
       -9.50275995e+01, -4.45674083e+00]), array([ 2.60197708e-02,  9.27620869e-02, -4.30994360e-02, -2.66814784e-02,
       -9.50275995e+01, -4.45674083e+00]), array([ 6.04673793e-02,  5.25612486e-02, -9.10527227e-02,  3.38704438e-02,
       -9.50275995e+01, -4.45674083e+00]), array([ 1.76213819e-02,  2.86972909e-02,  6.70904692e-03,  1.91156517e-02,
       -9.50275995e+01, -4.45674083e+00]), array([-4.30874302e-02, -7.14093095e-03,  4.78197416e-02, -2.41659773e-02,
       -9.50275995e+01, -4.45674083e+00]), array([-2.02456660e-02,  2.25624754e-02, -8.53511293e-02,  1.14109923e-02,
       -9.50275995e+01, -4.45674083e+00]), array([-7.36014200e-02,  6.27153400e-02, -1.59926144e-02,  4.47920168e-03,
       -9.50275995e+01, -4.45674083e+00]), array([ 1.65922075e-02,  2.52474970e-02,  4.03975629e-02, -5.28075918e-02,
       -9.50275995e+01, -4.45674083e+00]), array([ 5.72390888e-02, -1.76362017e-02, -1.31868734e-02, -4.53821642e-02,
       -9.50275995e+01, -4.45674083e+00]), array([ 6.35022159e-03,  1.89838623e-02, -7.75206847e-02, -4.26364611e-02,
       -9.50275995e+01, -4.45674083e+00]), array([ 2.08146463e-02,  1.62591581e-02,  1.11142680e-04,  8.67540188e-02,
       -9.50275995e+01, -4.45674083e+00]), array([-1.87394452e-02,  5.52655616e-03,  8.46465486e-02, -5.29720671e-02,
       -9.50275995e+01, -4.45674083e+00]), array([-7.93291466e-03, -5.16652482e-02,  2.24430486e-02,  4.75211282e-02,
       -9.50275995e+01, -4.45674083e+00]), array([-7.74428908e-02, -2.25967123e-02,  1.56680397e-02, -1.59770981e-02,
       -9.50275995e+01, -4.45674083e+00]), array([ 2.48024803e-02,  3.20383242e-03,  8.02688954e-02, -6.83133108e-02,
       -9.50275995e+01, -4.45674083e+00]), array([-4.73060398e-02, -1.00519305e-01, -2.69757264e-03, -5.36901663e-02,
       -9.50275995e+01, -4.45674083e+00]), array([ 2.35108585e-02, -1.13078338e-02,  4.43536648e-03, -3.12958133e-02,
       -9.50275995e+01, -4.45674083e+00]), array([ 2.58135181e-02,  8.65282698e-02, -4.57562287e-03, -5.38765965e-02,
       -9.50275995e+01, -4.45674083e+00]), array([ 1.76500393e-02,  1.89450387e-02, -4.97957819e-02, -2.61190019e-02,
       -9.50275995e+01, -4.45674083e+00]), array([ 6.70467659e-02,  6.20574991e-02, -6.52751816e-02,  7.98426709e-02,
       -9.50275995e+01, -4.45674083e+00]), array([-3.61677704e-02,  4.62706374e-02, -1.58394517e-02,  1.95902507e-02,
       -9.50275995e+01, -4.45674083e+00]), array([-3.40890467e-02, -1.25698238e-01, -3.11827051e-04, -4.81826237e-02,
       -9.50275995e+01, -4.45674083e+00]), array([ 6.06229011e-02, -3.33112012e-02,  4.34873630e-02, -5.21492349e-02,
       -9.50275995e+01, -4.45674083e+00]), array([-4.72869615e-02, -2.61623188e-02,  2.56805004e-02, -6.18538313e-02,
       -9.50275995e+01, -4.45674083e+00]), array([ 8.57280800e-02, -1.86368094e-02, -4.02902189e-02,  6.04701310e-02,
       -9.50275995e+01, -4.45674083e+00]), array([ 6.99246985e-02,  9.15909890e-03,  7.98008623e-02,  4.27948232e-02,
       -9.50275995e+01, -4.45674083e+00]), array([-4.88120826e-02, -4.32774089e-02,  5.36554380e-02, -7.66121943e-03,
       -9.50275995e+01, -4.45674083e+00]), array([-5.28277395e-02, -5.70710237e-02, -8.82000945e-02, -4.39955749e-02,
       -9.50275995e+01, -4.45674083e+00]), array([-2.02447620e-02, -4.16305530e-03,  3.41747066e-02, -1.96893424e-02,
       -9.50275995e+01, -4.45674083e+00]), array([-1.14440503e-02, -8.36238587e-04,  6.26578223e-03,  4.82949844e-02,
       -9.50275995e+01, -4.45674083e+00]), array([ 8.07765361e-02,  6.28214602e-02, -8.92183462e-02,  6.54179997e-02,
       -9.50275995e+01, -4.45674083e+00]), array([-4.41196175e-02, -7.22012290e-03, -6.43851480e-03, -4.51821172e-02,
       -9.50275995e+01, -4.45674083e+00]), array([-2.57903401e-02,  4.35929369e-02, -6.44808150e-02,  5.07639791e-02,
       -9.50275995e+01, -4.45674083e+00]), array([-2.22902552e-03,  3.64691140e-03, -4.69648021e-02,  7.46698336e-03,
       -9.50275995e+01, -4.45674083e+00]), array([-2.60621253e-02, -4.59428550e-02, -1.62694741e-02, -3.63210982e-03,
       -9.50275995e+01, -4.45674083e+00]), array([ 3.62915747e-02,  1.00438183e-01,  1.79715449e-02, -3.09120712e-02,
       -9.50275995e+01, -4.45674083e+00]), array([ 1.02959727e-02, -7.02440850e-03,  1.14750082e-02, -2.45533571e-02,
       -9.50275995e+01, -4.45674083e+00]), array([ 9.13504762e-02,  1.31072315e-01, -3.29638857e-02, -5.06861629e-02,
       -9.50275995e+01, -4.45674083e+00]), array([-1.14331957e-02, -1.07410069e-03,  1.88424978e-02,  1.86017730e-02,
       -9.50275995e+01, -4.45674083e+00]), array([-1.22698765e-02, -5.98710724e-03, -9.76577878e-03,  9.67597131e-02,
       -9.50275995e+01, -4.45674083e+00]), array([-7.10439392e-03, -3.18002730e-02, -2.42298987e-02, -3.26043578e-02,
       -9.50275995e+01, -4.45674083e+00]), array([ 2.63301087e-02,  1.50185721e-02,  6.15643991e-02, -3.71866123e-02,
       -9.50275995e+01, -4.45674083e+00]), array([ 5.83260978e-02,  4.68843883e-02, -9.24955911e-02,  4.50612359e-03,
       -9.50275995e+01, -4.45674083e+00]), array([-2.37658114e-02,  4.04805633e-02, -1.51062075e-01,  3.33039107e-02,
       -9.50275995e+01, -4.45674083e+00]), array([-4.04994833e-02,  4.19537438e-02,  2.02555280e-02, -3.95031644e-02,
       -9.50275995e+01, -4.45674083e+00]), array([-8.90130425e-02,  1.62886896e-02, -9.90802362e-03, -1.03939400e-01,
       -9.50275995e+01, -4.45674083e+00]), array([-6.21713007e-03,  1.99862881e-02,  5.55815004e-02,  1.10682494e-01,
       -9.50275995e+01, -4.45674083e+00]), array([-4.92620914e-02,  2.59738147e-03, -7.05132740e-02, -2.33977430e-02,
       -9.50275995e+01, -4.45674083e+00]), array([-6.33301557e-02,  9.83261670e-02, -4.30194777e-02, -3.67910923e-02,
       -9.50275995e+01, -4.45674083e+00]), array([ 1.03109036e-01, -1.71769163e-02, -7.04136139e-03, -7.60413097e-02,
       -9.50275995e+01, -4.45674083e+00]), array([ 6.86097833e-02,  3.74320519e-03,  3.20878503e-02, -4.15653533e-02,
       -9.50275995e+01, -4.45674083e+00]), array([ 1.08720121e-01, -2.50660485e-02,  4.28674392e-02,  3.52554189e-02,
       -9.50275995e+01, -4.45674083e+00]), array([-2.03131616e-02, -4.58843900e-03, -1.62497942e-02, -2.13179897e-02,
       -9.50275995e+01, -4.45674083e+00]), array([-3.27533057e-02,  7.29500364e-02, -1.12715370e-01,  4.57502444e-03,
       -9.50275995e+01, -4.45674083e+00]), array([ 2.59424487e-03,  5.77531556e-02, -4.37146079e-02, -2.70935620e-02,
       -9.50275995e+01, -4.45674083e+00]), array([-1.10774002e-01, -5.13995623e-02, -6.11459649e-03,  1.75804387e-02,
       -9.50275995e+01, -4.45674083e+00]), array([ 3.07068582e-02, -8.25946758e-02, -3.96828000e-02, -4.02171768e-02,
       -9.50275995e+01, -4.45674083e+00]), array([-3.10226610e-02,  3.06396384e-02, -6.60234030e-02,  3.61003010e-02,
       -9.50275995e+01, -4.45674083e+00]), array([-1.55288612e-02, -2.62654781e-02, -6.58445418e-02,  9.74134747e-02,
       -9.50275995e+01, -4.45674083e+00]), array([ 3.32875316e-03, -3.73499794e-02, -1.00696218e-02, -3.57764693e-02,
       -9.50275995e+01, -4.45674083e+00]), array([-1.19838823e-01, -4.38709222e-03, -9.65311024e-03,  5.58335335e-02,
       -9.50275995e+01, -4.45674083e+00]), array([ 2.12678035e-02, -5.88899586e-03, -5.48619838e-03, -2.63071931e-02,
       -9.50275995e+01, -4.45674083e+00]), array([-1.19178484e-01, -7.68101763e-02,  4.86898583e-02,  9.24301059e-03,
       -9.50275995e+01, -4.45674083e+00]), array([-9.26444698e-03, -4.90777563e-02, -4.13416318e-02, -1.58993409e-02,
       -9.50275995e+01, -4.45674083e+00]), array([-7.04689882e-02, -4.68359075e-02,  7.12518101e-03,  1.25139765e-02,
       -9.50275995e+01, -4.45674083e+00]), array([ 4.74676616e-02, -6.82497340e-02,  4.48880394e-02, -2.79928942e-02,
       -9.50275995e+01, -4.45674083e+00]), array([-6.02672160e-02,  8.03854518e-02,  5.35311690e-02,  3.42955941e-02,
       -9.50275995e+01, -4.45674083e+00]), array([-7.26574943e-03, -5.32134258e-02,  1.06118815e-01, -4.79438236e-03,
       -9.50275995e+01, -4.45674083e+00]), array([ 4.41410594e-02,  5.99698149e-02,  1.69531612e-02,  2.25696563e-02,
       -9.50275995e+01, -4.45674083e+00]), array([ 2.69514658e-02,  1.74828249e-02, -2.85495847e-02,  3.61890899e-02,
       -9.50275995e+01, -4.45674083e+00])]

Trash Locations: [(-170, -115), (-147.31241413922623, -12.017318906491823), (-178.97899544875116, -37.684395554020455), (-187.73279966091314, 69.21348035615114), (-100.72961560350183, -52.49485567449092), (-188.78026781240368, -95.11726122888494), (-86.69445251070448, 54.97816952743864), (-111.27072479561815, 43.971084465410485), (-95.9962015750865, -124.09506951463581), (-127.22262050722281, 37.2869360972922), (-154.3168006679233, -63.9290212826572), (-149.37684938776027, -104.36628985350909), (-112.5278532813489, -101.34526320359271), (-95.02759945434127, -4.4567408318857815), (-143.17156662506204, 57.65949426512654), (-123.2584564274784, -72.96164350367758), (-124.40159074478325, -5.060113551247525), (-142.48428032424255, -15.110037040461947), (-175.64307337318667, -23.36396992760575), (-177.77013873198226, 33.699516470410174), (-89.29474290177384, 77.07128921312267), (-180.4196689270624, -71.12484273513884), (-85.53173731963767, -95.47250023519817), (-165.63681966898028, 33.52319725851649), (-105.68551589505992, -110.72133377775882)]
Bad
Feature: [12, 89, 0]

States: [array([-1.71078116e+02,  5.92869051e-01, -1.29462927e+02, -4.64315003e-02,
        0.00000000e+00,  1.50000000e+01]), array([-170.52268737,    1.41396829, -129.54556625,   -0.66195787,
          1.07811612,   14.46292718]), array([-169.05127892,    2.0626504 , -130.23689494,   -1.21078325,
          0.52268737,   14.54556625]), array([-167.05932509,    2.68922842, -131.51360924,   -1.62887179,
         -0.94872108,   15.23689494]), array([-164.38729091,    3.15621296, -133.07031665,   -1.9191157 ,
         -2.94067491,   16.51360924]), array([-161.26332402,    3.51388008, -135.03265746,   -2.1973713 ,
         -5.61270909,   18.07031665]), array([-157.73302307,    3.78015441, -137.30511915,   -2.3599871 ,
         -8.73667598,   20.03265746]), array([-153.88610465,    4.09889145, -139.66278031,   -2.52594181,
        -12.26697693,   22.30511915]), array([-149.74710332,    4.30477856, -142.26869289,   -2.68940955,
        -16.11389535,   24.66278031]), array([-145.37594449,    4.46424921, -145.03104828,   -2.53587308,
        -20.25289668,   27.26869289]), array([-140.84274291,    4.62757788, -147.54005873,   -2.40667822,
        -24.62405551,   30.03104828]), array([-136.31870587,    4.58453103, -149.89544537,   -1.96126667,
        -29.15725709,   32.54005873]), array([-131.7163221 ,    4.5501745 , -151.89664511,   -1.26712432,
        -13.05814352,   45.52915552]), array([-127.26928884,    4.68354871, -153.18634341,   -1.01014436,
         35.72012053,   27.80157559]), array([-122.54654023,    4.74843898, -154.21816216,   -0.82993103,
         31.27308727,   29.0912739 ]), array([-117.78000367,    4.75861144, -155.1008056 ,   -0.56342985,
         26.55033865,   30.12309265]), array([-112.87733942,    4.83510502, -155.67062857,   -0.29459362,
         21.7838021 ,   31.00573608]), array([-1.08001088e+02,  4.85636233e+00, -1.55805814e+02, -5.64112757e-02,
        1.68811378e+01,  3.15755591e+01]), array([-1.03185722e+02,  4.84750745e+00, -1.55830192e+02,  8.73040309e-02,
        1.20048865e+01,  3.17107445e+01]), array([ -98.31849547,    4.88894489, -155.78370184,    0.35542611,
          7.18952059,   31.7351221 ]), array([ -93.41050896,    4.95549074, -155.35615897,    0.43327647,
          2.32229389,   31.68863233]), array([ 5.02520956e-02,  7.16394366e-02,  7.29161967e-02,  1.07755324e-02,
       -9.50275995e+01, -4.45674083e+00]), array([-4.44177880e-02, -1.01035251e-01,  7.13972846e-03,  4.79685808e-02,
       -9.50275995e+01, -4.45674083e+00]), array([-8.97522030e-03, -7.26457832e-02,  2.16106034e-02,  6.18024366e-02,
       -9.50275995e+01, -4.45674083e+00]), array([ 1.21346614e-03,  1.12155273e-01, -4.81002554e-02, -8.37050833e-02,
       -9.50275995e+01, -4.45674083e+00]), array([ 3.86057753e-03, -1.83595185e-02, -4.41920829e-02,  1.63543927e-02,
       -9.50275995e+01, -4.45674083e+00]), array([ 1.03987439e-01, -6.70153612e-02,  2.92661388e-03,  8.68680305e-02,
       -9.50275995e+01, -4.45674083e+00]), array([ 8.76434635e-03,  2.67540731e-03,  3.08657075e-02,  5.35315904e-02,
       -9.50275995e+01, -4.45674083e+00]), array([-1.90178749e-02,  8.97517822e-03,  3.44155007e-02, -4.25306643e-02,
       -9.50275995e+01, -4.45674083e+00]), array([-2.83559313e-02, -2.04554728e-02, -3.69350747e-03,  5.34539971e-02,
       -9.50275995e+01, -4.45674083e+00]), array([-1.56397645e-02,  1.17269807e-01, -2.60085626e-03,  9.09275154e-02,
       -9.50275995e+01, -4.45674083e+00]), array([ 3.06434932e-02, -1.42555785e-02,  1.70776245e-02, -4.08772717e-02,
       -9.50275995e+01, -4.45674083e+00]), array([ 6.10847644e-02, -4.76479873e-02,  8.64406399e-02,  8.73454914e-03,
       -9.50275995e+01, -4.45674083e+00]), array([-9.96470348e-03,  6.54365970e-02,  1.35867258e-02,  2.39597547e-02,
       -9.50275995e+01, -4.45674083e+00]), array([ 1.02480030e-01,  2.36215396e-02,  5.29432863e-02,  1.39827297e-02,
       -9.50275995e+01, -4.45674083e+00]), array([-2.52384973e-02,  2.93855639e-02,  5.54973709e-02,  6.10220502e-02,
       -9.50275995e+01, -4.45674083e+00]), array([-2.64697494e-03,  2.38737389e-02,  4.46024896e-02,  5.40352307e-02,
       -9.50275995e+01, -4.45674083e+00]), array([-6.08474978e-02,  1.45521853e-02, -2.25059700e-02,  6.36646036e-03,
       -9.50275995e+01, -4.45674083e+00]), array([ 2.39127988e-02,  7.26953413e-02,  7.11339167e-03,  8.63852030e-02,
       -9.50275995e+01, -4.45674083e+00]), array([ 4.06698907e-02,  7.37337844e-02, -9.41297188e-02,  1.02152875e-01,
       -9.50275995e+01, -4.45674083e+00]), array([-3.38215949e-02, -2.81369392e-02,  5.80424543e-02, -2.11103967e-02,
       -9.50275995e+01, -4.45674083e+00]), array([-6.87726364e-02,  3.29391685e-02,  9.76260885e-02,  1.68089892e-03,
       -9.50275995e+01, -4.45674083e+00]), array([-1.22651807e-02,  7.67959930e-02, -9.82258433e-03, -4.67317509e-02,
       -9.50275995e+01, -4.45674083e+00]), array([ 2.70741595e-02, -1.26158336e-01,  1.76665615e-02,  1.50398527e-02,
       -9.50275995e+01, -4.45674083e+00]), array([ 2.17541912e-02, -1.08763378e-02,  5.07100151e-02,  4.49003778e-02,
       -9.50275995e+01, -4.45674083e+00]), array([-6.49397279e-02, -2.54401111e-02, -7.06932630e-02,  5.78510342e-03,
       -9.50275995e+01, -4.45674083e+00]), array([-3.50648441e-02,  1.75379585e-02,  4.57288109e-02,  3.71300660e-02,
       -9.50275995e+01, -4.45674083e+00]), array([ 6.63214079e-02, -1.15959130e-02, -3.08854402e-02,  9.31885639e-02,
       -9.50275995e+01, -4.45674083e+00]), array([-1.63321691e-02, -5.40143289e-02, -1.22332777e-02,  4.44646684e-02,
       -9.50275995e+01, -4.45674083e+00]), array([ 2.48800429e-02, -1.15868139e-02, -5.55398668e-02,  1.41214615e-02,
       -9.50275995e+01, -4.45674083e+00]), array([-2.39437338e-02,  1.27653760e-01, -6.76915519e-02,  3.31644046e-02,
       -9.50275995e+01, -4.45674083e+00]), array([-8.74281255e-03, -6.65901063e-02, -2.42421094e-02, -6.40521046e-02,
       -9.50275995e+01, -4.45674083e+00]), array([-1.41157346e-02, -2.61676234e-02, -2.72951889e-02, -3.73608932e-02,
       -9.50275995e+01, -4.45674083e+00]), array([-3.28011643e-02,  4.56358714e-02,  3.93946873e-03, -1.29707399e-02,
       -9.50275995e+01, -4.45674083e+00]), array([ 5.13574719e-02, -7.96581773e-02,  4.38921067e-02,  1.51189929e-02,
       -9.50275995e+01, -4.45674083e+00]), array([-3.57201498e-02,  4.10119137e-02,  7.46630274e-03,  5.55275777e-02,
       -9.50275995e+01, -4.45674083e+00]), array([-3.21668535e-02,  3.57332652e-02, -1.98123414e-02, -4.58792171e-03,
       -9.50275995e+01, -4.45674083e+00]), array([-7.07983453e-02, -2.36609783e-02, -3.22679719e-02, -2.08615004e-02,
       -9.50275995e+01, -4.45674083e+00]), array([ 4.29754299e-02, -4.80749104e-02,  8.87827310e-02, -4.42277232e-02,
       -9.50275995e+01, -4.45674083e+00]), array([ 7.36097544e-03,  8.64141146e-02, -2.92648085e-02, -3.24520347e-02,
       -9.50275995e+01, -4.45674083e+00]), array([ 1.77898088e-02,  3.24445198e-02, -4.21073442e-02, -4.23264541e-02,
       -9.50275995e+01, -4.45674083e+00]), array([ 3.15573511e-02,  1.59915283e-02,  5.27549046e-02, -1.31265541e-02,
       -9.50275995e+01, -4.45674083e+00]), array([-4.53902305e-02, -4.82990788e-02, -1.33257657e-02, -7.23283919e-02,
       -9.50275995e+01, -4.45674083e+00]), array([-3.88820925e-03, -6.43072744e-02,  8.59470315e-02,  3.26804632e-03,
       -9.50275995e+01, -4.45674083e+00]), array([-1.37172459e-03,  3.64470601e-02,  3.41956407e-03,  6.16679420e-02,
       -9.50275995e+01, -4.45674083e+00]), array([ 7.50153714e-03,  2.90956254e-02,  6.13831004e-03,  5.68727295e-02,
       -9.50275995e+01, -4.45674083e+00]), array([ 8.63719446e-02,  3.16066953e-02,  5.16353103e-02,  2.48214363e-02,
       -9.50275995e+01, -4.45674083e+00]), array([ 2.42890040e-04,  6.07032836e-03, -1.73697122e-02, -2.82457786e-02,
       -9.50275995e+01, -4.45674083e+00]), array([ 8.73211185e-02,  1.17517154e-02, -4.16425045e-02,  1.47286788e-02,
       -9.50275995e+01, -4.45674083e+00]), array([ 1.01760754e-01, -5.22473689e-02, -2.53919545e-02,  5.41272987e-02,
       -9.50275995e+01, -4.45674083e+00]), array([ 3.51246280e-03, -4.26805069e-02, -4.17199406e-02,  8.18638424e-02,
       -9.50275995e+01, -4.45674083e+00]), array([ 3.96263894e-02,  2.14045585e-02, -1.04241628e-01, -2.10897870e-02,
       -9.50275995e+01, -4.45674083e+00]), array([-2.67656300e-02, -4.21492355e-04,  5.88965274e-02, -8.70766836e-02,
       -9.50275995e+01, -4.45674083e+00]), array([-2.73252292e-03,  5.05050141e-02, -1.87507430e-02,  7.93215073e-02,
       -9.50275995e+01, -4.45674083e+00]), array([ 7.55895990e-02,  1.12452351e-02,  6.34176080e-02, -4.21698785e-02,
       -9.50275995e+01, -4.45674083e+00]), array([-7.32060461e-03, -1.55278033e-02, -1.32048062e-02, -1.11650645e-01,
       -9.50275995e+01, -4.45674083e+00]), array([-8.14988490e-03, -1.44050993e-02, -1.04107702e-02, -4.45138681e-02,
       -9.50275995e+01, -4.45674083e+00]), array([-1.99572149e-02, -6.97012885e-02, -4.33504744e-03, -2.28028233e-02,
       -9.50275995e+01, -4.45674083e+00]), array([-6.24302059e-02, -4.43100190e-02,  1.21141782e-02, -4.46631761e-02,
       -9.50275995e+01, -4.45674083e+00]), array([-1.94313661e-02,  5.91042879e-02,  2.89102880e-02, -1.29290229e-03,
       -9.50275995e+01, -4.45674083e+00]), array([ 1.61832711e-02, -5.80494552e-02,  2.10897878e-02,  7.44049730e-02,
       -9.50275995e+01, -4.45674083e+00]), array([ 7.22201831e-02, -7.57188997e-02,  7.20382716e-03,  2.13722623e-03,
       -9.50275995e+01, -4.45674083e+00]), array([-9.34898919e-03,  6.43484964e-02, -2.52295937e-02, -2.75045203e-02,
       -9.50275995e+01, -4.45674083e+00]), array([ 7.63115878e-02,  6.24649773e-03, -2.36506445e-02,  1.80608417e-02,
       -9.50275995e+01, -4.45674083e+00]), array([-1.20555928e-03, -1.38168383e-02, -2.07523603e-02, -1.17670421e-01,
       -9.50275995e+01, -4.45674083e+00]), array([ 3.77937099e-02, -6.28138545e-03, -1.86219651e-02,  4.24627305e-02,
       -9.50275995e+01, -4.45674083e+00]), array([-6.09584221e-02, -1.44262376e-01, -1.07730678e-02,  2.84524167e-02,
       -9.50275995e+01, -4.45674083e+00]), array([ 3.13411024e-02, -1.97506851e-02, -5.87063178e-02,  5.46358411e-02,
       -9.50275995e+01, -4.45674083e+00]), array([ 3.85495543e-02,  1.79593231e-02,  6.45867799e-03, -2.51531348e-02,
       -9.50275995e+01, -4.45674083e+00]), array([-4.68479270e-02, -8.20132570e-02, -7.26389763e-02,  4.63828972e-02,
       -9.50275995e+01, -4.45674083e+00]), array([ 3.11619315e-02,  1.00376432e-01,  2.12535137e-03,  8.43440025e-02,
       -9.50275995e+01, -4.45674083e+00]), array([-1.01524491e-01, -3.19086009e-02,  4.66855348e-02,  5.49246083e-02,
       -9.50275995e+01, -4.45674083e+00]), array([ 2.59566737e-02, -6.26936713e-02,  7.97472080e-02, -3.58823790e-03,
       -9.50275995e+01, -4.45674083e+00]), array([-7.60991110e-02,  1.91014420e-02,  3.42999541e-04,  2.38560564e-02,
       -9.50275995e+01, -4.45674083e+00]), array([-5.77307035e-02, -3.06083750e-02,  1.75957838e-02,  5.03785757e-02,
       -9.50275995e+01, -4.45674083e+00]), array([-3.37003354e-02,  1.30991761e-02,  3.94408813e-02, -8.83333005e-03,
       -9.50275995e+01, -4.45674083e+00]), array([ 7.16775262e-02,  8.17273607e-02, -1.36954531e-01, -4.23884994e-02,
       -9.50275995e+01, -4.45674083e+00]), array([ 1.46779359e-02,  2.79275480e-02, -3.57662791e-02,  6.99628786e-02,
       -9.50275995e+01, -4.45674083e+00]), array([-6.92463011e-03,  1.32855039e-02, -2.97266446e-02,  2.80945764e-02,
       -9.50275995e+01, -4.45674083e+00]), array([ 7.59049830e-03,  2.63879244e-02,  1.25951863e-02, -6.40576616e-02,
       -9.50275995e+01, -4.45674083e+00]), array([-3.98413559e-02, -7.06566533e-02, -3.43660768e-02,  8.95322625e-03,
       -9.50275995e+01, -4.45674083e+00])]

Trash Locations: [(-170, -115), (-147.31241413922623, -12.017318906491823), (-178.97899544875116, -37.684395554020455), (-187.73279966091314, 69.21348035615114), (-100.72961560350183, -52.49485567449092), (-188.78026781240368, -95.11726122888494), (-86.69445251070448, 54.97816952743864), (-111.27072479561815, 43.971084465410485), (-95.9962015750865, -124.09506951463581), (-127.22262050722281, 37.2869360972922), (-154.3168006679233, -63.9290212826572), (-149.37684938776027, -104.36628985350909), (-112.5278532813489, -101.34526320359271), (-95.02759945434127, -4.4567408318857815), (-143.17156662506204, 57.65949426512654), (-123.2584564274784, -72.96164350367758), (-124.40159074478325, -5.060113551247525), (-142.48428032424255, -15.110037040461947), (-175.64307337318667, -23.36396992760575), (-177.77013873198226, 33.699516470410174), (-89.29474290177384, 77.07128921312267), (-180.4196689270624, -71.12484273513884), (-85.53173731963767, -95.47250023519817), (-165.63681966898028, 33.52319725851649), (-105.68551589505992, -110.72133377775882)]