-22254.487936220437
-20945.56344222846
-19609.693050762926
-18593.783217198572
-17848.118728671274
-17138.669629739576
-16758.59652215968
-14869.172994737175
-13346.92691611192
-11932.126710089004
-10912.720111348866
-9961.568727606513
-9769.39684143123
-8659.048637376749
-7584.450887657015
-6869.509325320747
-6831.169258499535
-6193.627951975461
-5887.355576229316
-5705.908639799905
-5447.509624284028
-5412.542320115587
-5295.4281346958205
-5150.016172082743
-5109.949684099599
-5068.072582140812
-4919.700130206212
-4926.719812025212
-4839.658247432798
-4835.825309531438
-4759.149887118767
-4799.997443251807
-4744.71360556326
-4772.1534983988995
-4701.930992951181
-4663.023161973045
-4701.342028653713
-4659.148740827931
-4660.161002968476
-4671.3696246063955
-4697.222955399793
-4655.3165889254415
-4649.000833241557
-4593.984706044968
-4628.368057394334
-4609.8776599857265
-4568.03229478079
-4639.793551376376
-4590.525491347905
-4611.315611097323
-4579.796966188351
-4556.273435000652
-4631.072405961042
-4630.957108149814
-4562.136369878893
-4583.212167020904
-4587.857474190494
-4607.240106292073
-4580.075154107554
-4589.17664538233
-4609.289243484929
-4537.0457282339285
-4594.234448547062
-4569.024489692816
-4575.7156996473295
-4539.524982397824
-4599.395247524566
-4588.4587092851625
-4641.369026536991
-4577.613608356036
-4542.939972170594
-4537.627622942897
-4586.75445152596
-4511.609270665347
-4601.83910781727
-4611.7769631872015
-4536.868946582932
-4557.487007818347
-4609.41951061009
-4538.737693742585
