-44044.48793622043
-27634.416190053355
-22113.6427979257
-22162.18791329831
-25410.429716489103
-26238.244118953608
-27193.805847599753
-25042.782024676908
-19510.717597805422
-17747.888789052355
-17034.330615668092
-15961.095107942188
-16036.802241703752
-14977.127179731895
-14755.90425334055
-14194.523421355418
-12780.552997071412
-13033.265514970433
-12380.695589953664
-11298.91991366533
-11354.38922203482
-10832.383967385007
-10090.2357884207
-9681.016619566575
-9529.51094988235
-9700.227565668942
-9479.068116979048
-9286.64451471742
-8806.61358517611
-8456.632977926147
-9114.544618125732
-8843.729542898385
-8670.429395639312
-9067.574023118936
-8641.261812907229
-8653.023116046115
-8253.09037841403
-8213.647770288993
-8065.4145440649445
-8085.017841165538
-8287.162453722998
-7867.5386096967195
-8002.329876820133
-8024.577411253982
-8194.448851690653
-8018.481765756248
-7849.597711821014
-7880.854329174421
-7896.007928205485
-7968.8313933633735
-7753.155006517474
-7832.126945386112
-7658.47548577082
-7802.597128943661
-7798.932786924107
-7679.412399901415
-7715.946291114335
-7618.643052752253
-7614.013605578533
-7709.102295266098
-7656.451366282444
-7653.865866366777
-7624.813816176174
-7502.841431757135
-7651.007161565374
-7616.716084112682
-7537.409216649964
-7588.75801781763
-7603.793961628768
-7432.090292508289
-7647.106631951625
-7506.197767256017
-7472.661564819359
-7528.939907940259
-7595.045524040664
-7412.232344504824
-7471.873421877914
-7531.3130179738755
-7531.339254523453
-7488.142836580523
