54.475
25.85
7.75
6.875
18.5
21.7
30.525
34.125
33.325
25.225
14.6
12.375
14.95
16.125
18.625
19.275
19.125
19.0
18.425
18.75
18.6
18.475
18.225
18.125
18.0
17.825
17.55
17.15
17.375
16.725
17.125
17.175
17.475
17.15
16.875
16.9
16.925
16.975
17.225
16.775
16.6
16.625
16.9
17.075
17.275
16.675
16.875
17.0
16.675
17.15
16.775
16.925
16.75
16.825
17.075
16.925
16.775
16.75
16.775
16.65
16.85
16.875
17.125
16.95
17.075
17.125
16.975
17.025
16.55
16.45
17.1
16.825
16.625
17.6
17.05
16.325
16.7
17.125
17.075
17.025
