-19530.73793622042
-20124.436854307947
-19057.82899502905
-17904.0661874011
-16774.855041251718
-16150.911346183824
-15147.548390527958
-13583.188685241985
-12580.596415541646
-11946.43605920493
-11579.812631183446
-10436.594242310197
-9940.480878355891
-8469.848501127803
-7182.349675496388
-6069.907019657034
-5721.225882001966
-5149.0258225892485
-4859.79931257373
-4666.126633500503
-4433.742202844317
-4411.71808648261
-4331.009630664843
-4209.977499156756
-4161.180299963513
-4118.288100336366
-4013.7633806708523
-4037.3313629613576
-3940.519780176085
-3976.170224992944
-3881.7809497441813
-3932.7460278630906
-3850.263685545406
-3907.9466586149147
-3851.854494497561
-3809.8819226270025
-3852.4502069640816
-3810.094202777218
-3790.328861471371
-3828.60050370972
-3859.117693497485
-3814.948330461136
-3800.3039568272216
-3736.362409954967
-3762.535063889284
-3772.1813324299173
-3721.9687436252934
-3786.4958523160794
-3753.397020215023
-3753.340141524265
-3740.497118155045
-3710.450432250099
-3792.7673789426312
-3789.7940748136657
-3708.4560017898757
-3737.743351768748
-3750.0682403526516
-3768.313917464725
-3742.372006435139
-3756.372648619982
-3766.613269111955
-3694.203729852371
-3736.085062941251
-3720.9025298015745
-3721.369586239331
-3683.046300806215
-3749.2388523285763
-3734.873852089512
-3814.965612591312
-3756.5724709008655
-3687.136084866732
-3696.4238960864523
-3756.0154640911774
-3630.4250447879435
-3748.9316912334652
-3796.141117822705
-3699.7013622613063
-3700.6404500300023
-3754.199616470615
-3688.328736198809
