-44044.48046875
-27608.57421875
-22190.49609375
-22160.900390625
-24868.97265625
-26046.947265625
-26706.3125
-25914.8671875
-21306.4765625
-18135.78515625
-17106.76953125
-15238.2138671875
-15170.220703125
-14686.486328125
-13344.1376953125
-12525.833984375
-12534.763671875
-12852.466796875
-11551.748046875
-11469.025390625
-11512.6416015625
-11036.1875
-10225.220703125
-9929.5361328125
-9494.0791015625
-9805.5009765625
-9354.255859375
-9353.349609375
-8806.818359375
-8923.919921875
-9613.736328125
-9197.3779296875
-8862.0556640625
-8941.5029296875
-8540.4814453125
-8584.10546875
-8368.748046875
-8333.1884765625
-8176.53369140625
-8283.859375
-8257.7763671875
-7968.63037109375
-8072.73974609375
-7944.9375
-8472.1845703125
-7974.04296875
-7875.2890625
-7900.0185546875
-7909.62646484375
-7955.7802734375
-7836.01708984375
-7813.6875
-7697.2353515625
-7822.8203125
-7727.81005859375
-7748.0693359375
-7582.6708984375
-7678.8642578125
-7623.31103515625
-7632.83056640625
-7550.62744140625
-7484.13037109375
-7629.3251953125
-7560.33056640625
-7610.40380859375
-7538.3212890625
-7553.1806640625
-7491.0400390625
-7456.73828125
-7363.73828125
-7446.3193359375
-7385.6416015625
-7386.7978515625
-7491.9853515625
-7530.95166015625
-7330.89990234375
-7408.7529296875
-7405.3818359375
-7522.6904296875
-7386.26025390625
