-44044.48046875
-27667.150390625
-22096.8828125
-22186.892578125
-25406.73046875
-26173.44140625
-29136.08203125
-27689.109375
-21574.328125
-17076.35546875
-16843.98046875
-16717.09765625
-17098.859375
-15231.833984375
-15254.421875
-14341.638671875
-13617.701171875
-13068.34765625
-12633.4365234375
-12124.154296875
-12050.0732421875
-11784.5478515625
-11354.8212890625
-10913.978515625
-10616.0185546875
-10458.0185546875
-10374.7529296875
-10142.6767578125
-10123.216796875
-9943.056640625
-10075.08984375
-10048.6064453125
-10048.9970703125
-9975.873046875
-9815.3876953125
-9865.564453125
-9791.84765625
-9856.6943359375
-9748.5869140625
-9752.404296875
-9709.916015625
-9767.3095703125
-9771.5693359375
-9699.8232421875
-9842.724609375
-9773.0771484375
-9759.708984375
-9791.3515625
-9646.6015625
-9789.3515625
-9651.7978515625
-9696.650390625
-9808.447265625
-9782.294921875
-9686.05859375
-9680.3759765625
-9699.3603515625
-9600.7294921875
-9622.3857421875
-9652.763671875
-9775.5615234375
-9603.228515625
-9709.873046875
-9687.572265625
-9682.1640625
-9697.4921875
-9697.451171875
-9735.759765625
-9729.9072265625
-9664.80859375
-9771.642578125
-9697.8115234375
-9707.359375
-9884.7978515625
-9790.2890625
-9652.216796875
-9768.7978515625
-9790.5419921875
-9830.517578125
-9822.73828125
