-19530.73793622042
-19973.166190053333
-19154.892797925717
-17932.18791329826
-16556.679716489078
-15629.494118953688
-15707.555847599748
-13567.782024676862
-12254.467597805478
-10986.638789052364
-10216.830615668088
-9852.34510794217
-10164.302241703754
-9014.627179731891
-8860.904253340534
-8682.023421355432
-9000.552997071429
-7723.2655149704315
-7824.445589953661
-8441.419913665337
-7855.639222034823
-7963.63396738499
-7975.235788420721
-7971.016619566553
-7797.010949882357
-7787.727565668933
-7442.818116979062
-7576.644514717407
-7535.363585176121
-7725.382977926145
-7123.2946181256975
-7414.979542898405
-7534.17939563931
-7121.324023118954
-7246.2618129072525
-7066.77311604609
-7341.840378414045
-7324.8977702889915
-7412.91454406494
-7466.267841165539
-7218.41245372299
-7260.038609696721
-7349.829876820145
-7315.827411253973
-7136.948851690655
-7095.98176575626
-7197.097711821021
-7318.354329174411
-7086.007928205478
-7158.831393363382
-7156.90500651748
-7055.8769453861
-7242.2254857708085
-7228.847128943649
-7146.432786924101
-7251.912399901417
-7153.446291114337
-7281.143052752249
-7175.263605578531
-7045.352295266093
-7161.451366282451
-7136.365866366781
-7253.563816176177
-7187.841431757125
-7257.257161565372
-7065.466084112685
-7233.659216649961
-7217.508017817629
-7086.293961628767
-7027.090292508289
-7062.106631951632
-7033.69776725601
-7112.6615648193665
-7123.93990794025
-7145.045524040666
-7130.982344504827
-6999.373421877924
-7103.813017973871
-7171.339254523453
-7128.142836580529
