-19530.73793622042
-20060.563442228457
-19238.443050762937
-18152.533217198572
-16946.86872867129
-15994.919629739588
-15207.346522159674
-13412.92299473716
-12410.676916111926
-11294.626710089004
-10185.220111348866
-9130.318727606511
-8850.646841431248
-7804.048637376759
-6663.200887657018
-5920.759325320746
-5922.419258499547
-5282.377951975466
-4997.35557622932
-4803.408639799903
-4551.259624284024
-4510.042320115589
-4421.678134695828
-4272.516172082734
-4223.699684099589
-4195.572582140809
-4052.200130206214
-4087.9698120252206
-3979.6582474327997
-4010.825309531435
-3905.3998871187614
-3941.2474432517984
-3878.463605563259
-3923.403498398899
-3861.9309929511664
-3829.273161973052
-3865.0920286536966
-3810.398740827915
-3805.1610029684794
-3838.8696246063964
-3865.9729553997904
-3822.8165889254365
-3802.7508332415587
-3738.984706044966
-3764.6180573943248
-3771.1276599857215
-3726.782294780787
-3789.7935513763887
-3754.2754913479084
-3755.0656110973237
-3741.046966188346
-3710.023435000641
-3792.3224059610484
-3787.207108149817
-3710.8863698788964
-3736.962167020903
-3749.107474190491
-3767.240106292077
-3741.3251541075524
-3754.1766453823293
-3765.5392434849336
-3693.2957282339107
-3736.7344485470676
-3722.7744896928198
-3723.215699647318
-3683.274982397825
-3750.6452475245687
-3739.7087092851566
-3813.86902653699
-3755.113608356022
-3686.689972170593
-3697.627622942894
-3755.5044515259638
-3629.1092706653517
-3749.3391078172594
-3795.526963187197
-3700.618946582922
-3701.2370078183476
-3755.669510610083
-3687.4876937425797
