54.475
17.7
7.425
8.825
18.025
22.875
31.025
29.125
18.725
12.75
14.55
16.625
18.375
17.1
18.425
18.975
18.175
18.225
17.8
18.05
17.925
18.05
17.475
17.55
17.725
17.45
17.35
16.775
17.2
16.5
17.075
17.175
17.325
16.975
16.8
16.675
16.725
16.975
17.1
16.65
16.625
16.65
16.925
17.1
17.275
16.775
16.825
17.0
16.725
17.125
16.775
16.925
16.775
16.875
17.025
16.925
16.775
16.8
16.775
16.7
16.875
16.875
17.15
16.925
17.05
17.125
16.975
16.975
16.55
16.45
17.125
16.8
16.625
17.65
17.05
16.325
16.725
17.125
17.075
17.025
