-44044.48793622043
-28025.56344222845
-22579.693050762922
-22123.78321719855
-25058.118728671245
-26288.669629739616
-29168.59652215972
-26519.172994737157
-20836.926916111945
-17032.126710088975
-16732.720111348874
-16611.56872760648
-17119.396841431262
-15499.048637376673
-14954.450887657027
-14459.50932532074
-14101.169258499544
-13483.627951975432
-13007.35557622935
-12925.90863979991
-12617.509624284023
-12632.542320115605
-12285.42813469577
-12170.016172082742
-12199.94968409957
-12048.072582140829
-11859.700130206229
-11636.719812025196
-11719.658247432822
-11435.825309531418
-11589.149887118732
-11669.997443251788
-11674.713605563282
-11562.153498398868
-11421.93099295117
-11333.02316197306
-11391.342028653702
-11449.14874082792
-11500.161002968467
-11331.369624606386
-11347.222955399804
-11315.316588925396
-11419.000833241536
-11433.98470604498
-11538.368057394311
-11319.87765998573
-11298.032294780776
-11439.793551376386
-11280.525491347882
-11461.31561109732
-11289.796966188354
-11326.27343500062
-11341.072405961062
-11380.95710814983
-11372.136369878881
-11353.212167020916
-11297.857474190538
-11327.240106292053
-11290.075154107548
-11269.176645382326
-11359.289243484918
-11287.045728233947
-11454.234448547104
-11339.024489692783
-11395.71569964738
-11389.524982397794
-11389.395247524566
-11378.458709285125
-11261.36902653697
-11157.613608356001
-11392.939972170596
-11257.627622942848
-11236.75445152599
-11571.60927066537
-11421.839107817283
-11141.776963187209
-11226.868946582885
-11407.487007818347
-11439.419510610061
-11348.737693742556
