-19530.73793622042
-19995.140851831067
-19177.711280349202
-17876.854946737007
-16074.324044364408
-15830.195913891614
-16437.438286255092
-15173.047742766497
-14431.351140618654
-13522.205459026136
-11515.358709872393
-11186.089295584483
-12140.6690407545
-11838.25893962008
-11726.175259054657
-11348.7768197418
-11984.100895466994
-10723.512722012409
-10985.319271032336
-10877.32282692789
-10254.154740657965
-9928.496078878394
-10234.350882742336
-10203.38973044739
-9747.324497040046
-9731.658320913773
-9448.685080816456
-9215.820550638273
-8941.372239883318
-8899.730392646732
-8434.481824845683
-8521.667936950376
-8913.45511354232
-7894.3673129823555
-8156.957963277309
-7877.033643986169
-8553.426945330722
-8192.452583079306
-7787.4575951367415
-8099.049954490367
-7577.344571662134
-8105.236025510099
-8215.614494606649
-7783.744454789815
-7542.036093546373
-8016.332437232743
-7827.39168699767
-7631.366141419632
-7492.128391866527
-7658.725176778369
-7768.902817194486
-7622.387839664235
-7715.64466707624
-7760.913973380481
-7576.256661664651
-7659.436034954711
-7534.992972586035
-7634.525827242867
-7424.104944855489
-7425.727241339264
-7637.212663829401
-7459.906511323896
-7503.269148732819
-7294.559488144749
-7733.442641446627
-7231.942001432084
-7502.385308250123
-7558.30655771951
-7359.689434694718
-7246.503563330945
-7393.05502085146
-7404.297046700709
-7454.163434682708
-7342.122602204657
-7418.545394078581
-7383.662443130549
-7197.703204831992
-7354.840532335108
-7400.664325330011
-7324.93016965258
