-22254.487936220437
-20827.173262542616
-19476.903196651005
-18416.920292582956
-17596.751144211397
-16873.479783484865
-16706.126376124394
-15509.152571105884
-13774.363932499406
-12216.395475926958
-11014.020945752089
-10077.11713640924
-10248.885154432053
-9051.858158966294
-8524.450514816175
-7801.660865313463
-7877.728561470375
-7138.37518926233
-6793.460133293064
-6724.1753184253585
-6440.094390392684
-6374.565489871584
-6274.84154191184
-6213.9960397659725
-6176.0385565940305
-6138.03798116439
-5984.773743721407
-6022.697104462428
-5963.236747590891
-5903.075187599463
-5825.108621016032
-5888.624230592661
-5839.015627584927
-5865.893518416787
-5755.405899009105
-5705.581517524048
-5771.8658989499145
-5736.712864614654
-5848.604886579071
-5782.422580151584
-5789.934915401109
-5687.326430186192
-5751.5877290394155
-5759.840168069773
-5762.743751046508
-5653.097198789345
-5639.729096486682
-5751.370616205793
-5646.62167921147
-5709.36932839618
-5671.818029952865
-5656.671906415295
-5668.466912895022
-5682.31354142346
-5666.077965555078
-5690.393982854507
-5689.379562031802
-5760.747304294296
-5702.402795705774
-5672.784437185488
-5685.580152469937
-5653.245846421696
-5749.891228069798
-5657.591777296051
-5702.184034334357
-5677.510919936506
-5717.469764371095
-5705.778162078661
-5649.9244500137365
-5544.827166043886
-5591.661018636039
-5567.8289944824155
-5577.3782938078875
-5624.815715731046
-5650.307369268534
-5582.235887457148
-5468.815636635127
-5590.558930026497
-5660.535075206533
-5572.757106608928
