-44044.48793622043
-27611.39085183108
-22282.71128034919
-22073.104946737043
-24466.82404436444
-24413.945913891606
-24424.93828625513
-21866.797742766557
-21023.85114061874
-19889.70545902616
-18794.10870987244
-17564.83929558443
-17360.6690407545
-16608.25893962007
-17024.925259054708
-15826.276819741772
-15302.850895466963
-14874.762722012398
-13246.569271032324
-12913.572826927884
-12976.654740657961
-12965.99607887842
-11978.100882742321
-11654.639730447396
-11097.324497040032
-11329.158320913775
-10787.435080816465
-10520.820550638278
-9796.372239883316
-9900.98039264675
-9525.731824845685
-9635.417936950373
-10004.70511354232
-9626.867312982353
-9045.707963277318
-8945.78364398618
-9037.176945330717
-8698.702583079292
-8563.707595136742
-8582.799954490358
-8623.594571662135
-8161.486025510101
-8586.864494606645
-8267.494454789821
-8385.786093546381
-8353.832437232744
-8097.39168699767
-8238.866141419629
-8189.628391866517
-8131.225176778372
-8106.402817194486
-7892.387839664234
-7895.64466707624
-8098.413973380475
-7835.006661664645
-7895.6860349547105
-7771.242972586026
-7814.525827242867
-7727.854944855479
-7763.227241339268
-7715.962663829402
-7617.4065113239
-7750.769148732817
-7688.309488144754
-7890.942641446627
-7783.192001432096
-7626.135308250125
-7693.30655771951
-7550.939434694721
-7516.503563330943
-7651.805020851466
-7539.297046700716
-7510.413434682708
-7589.6226022046585
-7621.045394078594
-7496.162443130549
-7433.953204831989
-7568.590532335111
-7580.664325330009
-7527.4301696525945
