-19530.73793622042
-20094.196132629782
-19578.686358425057
-17936.577962488438
-17621.256863205537
-17221.454702439332
-16636.378709830133
-14357.606151894472
-13148.718264418038
-11787.099661874368
-10353.295457556374
-8638.96311951054
-7700.415719357074
-6856.788458635997
-6004.32105194987
-5387.668545697225
-5144.799827764523
-4737.707671404802
-4536.822384930341
-4475.13811148144
-4364.558121099207
-4290.097772928163
-4191.931074723278
-4091.460703882519
-4071.1565884515403
-4031.471352093701
-3943.217040147646
-3955.736731494326
-3859.393765908385
-3902.489290813834
-3823.24084501852
-3864.4295262292667
-3795.6933957835768
-3857.7146534877756
-3811.268350622994
-3775.7264671784296
-3819.160171952256
-3778.3594968413877
-3767.0225710585487
-3804.795823261274
-3836.193411061676
-3798.14119822985
-3784.341819052314
-3720.3174270872223
-3750.418621154314
-3760.0167763256477
-3714.493242831525
-3777.4991335261643
-3743.8410173777784
-3748.2186061793313
-3735.0461094534467
-3703.5404053461198
-3787.2677626349605
-3783.106643366727
-3702.527659099765
-3732.2757455103383
-3742.6438988636464
-3763.968337130096
-3736.9414053706364
-3748.0105373454076
-3759.948139298775
-3690.9948133499774
-3732.9726612737477
-3717.300326443315
-3720.5371307701485
-3679.7670709256804
-3744.8608256873026
-3732.717124121271
-3811.23476912373
-3753.5176678781304
-3683.069393956773
-3693.1771247854313
-3753.0025249899563
-3627.1864042886273
-3745.0251668453516
-3792.095764563881
-3697.680412350749
-3698.3011420838025
-3751.60393316134
-3685.6329295015084
