-22254.487936220437
-20841.390851831056
-19522.71128034921
-18343.104946737018
-17006.824044364428
-16783.94591389162
-17324.938286255077
-15916.797742766488
-15163.851140618659
-14229.70545902614
-12324.108709872393
-11894.839295584494
-12720.669040754494
-12368.258939620082
-12314.925259054666
-11846.276819741808
-12352.850895466994
-11184.762722012412
-11236.569271032336
-11103.572826927888
-10556.654740657967
-10265.996078878397
-10428.100882742334
-10364.639730447392
-9897.324497040046
-9909.15832091377
-9597.435080816464
-9360.820550638271
-9036.372239883314
-9010.98039264673
-8555.731824845676
-8645.417936950376
-9034.705113542323
-8086.867312982349
-8255.707963277313
-7995.783643986176
-8607.17694533072
-8248.702583079303
-7873.707595136744
-8152.799954490367
-7693.594571662135
-8111.486025510099
-8256.864494606652
-7837.494454789814
-7635.786093546374
-8053.832437232745
-7857.391686997672
-7698.866141419632
-7569.628391866527
-7711.225176778367
-7806.402817194486
-7652.387839664234
-7735.6446670762425
-7798.413973380474
-7605.006661664648
-7685.686034954711
-7561.242972586033
-7654.525827242869
-7457.8549448554895
-7463.227241339261
-7645.962663829401
-7477.406511323896
-7530.769148732819
-7338.309488144749
-7750.942641446627
-7293.192001432086
-7516.135308250123
-7573.30655771951
-7380.93943469472
-7276.503563330947
-7421.805020851459
-7419.297046700709
-7460.413434682708
-7369.622602204656
-7441.045394078581
-7396.162443130549
-7223.953204831992
-7378.590532335111
-7420.664325330012
-7347.430169652585
