-22254.487936220437
-20828.594431528403
-19500.517172408865
-18360.92912349294
-17378.991635469167
-16756.97416649994
-17146.355629466725
-15924.906083924292
-14126.520198280175
-12345.818884755241
-11116.807646022786
-10948.25048679303
-11300.251452597984
-10706.513060280675
-11014.164972668357
-10735.86637858995
-10874.790519682154
-9492.493183293078
-9671.776339062071
-10109.05601971857
-8972.674359384653
-9086.214806963031
-8915.248186836981
-8779.559228040733
-8604.101220990138
-8665.525125066815
-8254.280681414253
-8423.374532122016
-8206.839839451593
-8293.94085535072
-7463.758700262198
-7927.398631156479
-8122.0788881865055
-7841.523996951992
-7930.504922233103
-7634.127788685486
-7978.770027218505
-7913.210288285557
-7686.555276187521
-7733.88084795683
-7587.796830763755
-7608.652612236687
-7812.760933272621
-7764.9583962198085
-7272.205947267156
-7394.063004282344
-7685.309877958818
-7660.039752231421
-7359.646939596556
-7495.800631354859
-7526.036797096249
-7423.708083176685
-7517.255879075853
-7472.841140192351
-7427.8306603416495
-7468.09085403375
-7432.691941562259
-7458.885091443939
-7333.330950869587
-7322.8510391133195
-7440.647402799841
-7364.150182548166
-7409.345352540154
-7240.351203885347
-7500.423835377938
-7348.3403194284665
-7423.200404762375
-7421.0598540659175
-7276.758028818037
-7193.757546499194
-7256.338738606848
-7245.660624439613
-7276.818578411017
-7262.0059839526
-7290.971381312685
-7250.9206302247285
-7098.773443764214
-7245.401001687964
-7312.712154642621
-7246.280460951966
