-22254.487936220437
-21416.936854307925
-19445.32899502905
-18247.816187401106
-17699.855041251732
-17235.911346183824
-16673.79839052797
-15289.43868524197
-14246.84641554164
-13207.68605920492
-12309.812631183451
-11055.344242310199
-10687.980878355886
-9276.098501127814
-8113.59967549639
-7033.657019657044
-6677.475882001969
-6099.025822589251
-5781.049312573739
-5603.626633500516
-5363.742202844314
-5335.468086482609
-5242.259630664831
-5116.227499156751
-5061.180299963509
-5009.538100336371
-4891.263380670855
-4894.831362961352
-4809.269780176079
-4812.420224992943
-4738.030949744169
-4791.496027863084
-4724.013685545402
-4765.446658614925
-4695.604494497575
-4654.881922626989
-4698.7002069640785
-4658.84420277722
-4651.578861471371
-4667.350503709728
-4689.117693497492
-4646.198330461133
-4645.303956827224
-4590.112409954958
-4626.285063889285
-4605.931332429933
-4565.7187436252925
-4636.495852316083
-4587.147020215032
-4610.840141524273
-4579.247118155052
-4556.700432250099
-4630.267378942636
-4631.044074813679
-4562.206001789879
-4583.993351768755
-4588.818240352655
-4605.813917464719
-4581.1220064351455
-4588.8726486199885
-4609.113269111947
-4537.953729852374
-4592.335062941243
-4568.4025298015695
-4575.119586239337
-4539.296300806217
-4597.988852328568
-4586.123852089525
-4642.465612591312
-4579.072470900872
-4542.136084866735
-4537.673896086445
-4587.265464091175
-4510.425044787941
-4601.431691233471
-4612.391117822694
-4534.701362261305
-4556.8904500300105
-4607.949616470612
-4539.578736198811
