-44044.48046875
-31756.93359375
-22545.302734375
-20997.78515625
-25099.83984375
-25915.8828125
-28883.75390625
-28939.39453125
-27576.80859375
-23297.642578125
-18149.7734375
-16005.302734375
-16667.947265625
-15726.0751953125
-15563.578125
-14743.626953125
-14327.4609375
-13699.0048828125
-13151.029296875
-13103.6103515625
-12803.724609375
-12725.451171875
-12532.244140625
-12366.2109375
-12261.1640625
-12139.521484375
-11911.248046875
-11754.8173828125
-11759.25390625
-11502.404296875
-11588.013671875
-11661.4814453125
-11713.9990234375
-11625.431640625
-11445.587890625
-11414.8671875
-11468.685546875
-11448.830078125
-11541.5634765625
-11377.3359375
-11329.103515625
-11296.1826171875
-11405.287109375
-11420.09765625
-11536.267578125
-11275.916015625
-11315.7041015625
-11436.48046875
-11257.1318359375
-11470.826171875
-11289.23046875
-11326.6845703125
-11330.25390625
-11361.029296875
-11392.1904296875
-11353.978515625
-11298.802734375
-11305.798828125
-11291.107421875
-11248.8603515625
-11349.09765625
-11287.9375
-11442.3212890625
-11348.38671875
-11405.103515625
-11389.279296875
-11387.9736328125
-11396.1083984375
-11262.44921875
-11159.056640625
-11382.12109375
-11267.658203125
-11237.2490234375
-11550.412109375
-11421.4169921875
-11142.3740234375
-11214.6865234375
-11406.8740234375
-11437.935546875
-11349.564453125
