-44044.48046875
-27611.37109375
-22282.69140625
-22073.07421875
-24466.8046875
-24413.927734375
-24424.90625
-21866.76171875
-21023.83203125
-19889.6640625
-18794.068359375
-17564.80078125
-17360.6328125
-16608.224609375
-17024.896484375
-15826.2470703125
-15302.8203125
-14874.7236328125
-13246.537109375
-12913.55078125
-12976.6181640625
-12965.966796875
-11978.072265625
-11654.61328125
-11097.2890625
-11329.1318359375
-10787.408203125
-10520.7861328125
-9796.34375
-9900.9521484375
-9525.7080078125
-9635.392578125
-10004.6787109375
-9626.84375
-9045.685546875
-8945.759765625
-9037.15625
-8698.6796875
-8563.685546875
-8582.77734375
-8623.572265625
-8161.46484375
-8586.8408203125
-8267.4716796875
-8385.763671875
-8353.8115234375
-8097.3701171875
-8238.845703125
-8189.60693359375
-8131.20556640625
-8106.3818359375
-7892.3662109375
-7895.62353515625
-8098.39306640625
-7834.9873046875
-7895.6669921875
-7771.2216796875
-7814.5048828125
-7727.83447265625
-7763.20703125
-7715.94140625
-7617.38525390625
-7750.74853515625
-7688.2890625
-7890.92333984375
-7783.1708984375
-7626.1142578125
-7693.28759765625
-7550.9189453125
-7516.4833984375
-7651.7861328125
-7539.2763671875
-7510.39208984375
-7589.6005859375
-7621.0244140625
-7496.1416015625
-7433.9326171875
-7568.5703125
-7580.64306640625
-7527.4111328125
