-44044.48793622043
-32176.69613262976
-30254.93635842502
-31616.57796248842
-31920.006863205537
-32926.45470243943
-31283.878709830162
-33572.60615189442
-29404.968264417992
-21743.349661874352
-20365.795457556345
-19697.713119510514
-19884.165719357105
-17746.788458636005
-16601.821051949835
-15940.168545697301
-14921.049827764515
-14086.457671404769
-13244.322384930303
-12957.638111481483
-12745.808121099191
-12795.097772928135
-12460.681074723316
-12360.210703882538
-12238.656588451535
-12232.721352093684
-12043.217040147645
-11853.23673149431
-11846.8937659084
-11541.239290813854
-11540.740845018508
-11649.429526229269
-11726.94339578363
-11586.464653487787
-11427.51835062298
-11380.726467178454
-11480.41017195228
-11473.359496841393
-11484.522571058564
-11398.545823261296
-11339.943411061682
-11290.641198229829
-11423.091819052303
-11437.817427087228
-11535.418621154293
-11286.266776325656
-11319.49324283151
-11461.24913352615
-11270.091017377807
-11465.718606179307
-11283.796109453444
-11331.04040534614
-11324.767762634947
-11365.60664336675
-11386.27765909979
-11348.525745510307
-11313.89389886364
-11312.718337130105
-11296.941405370673
-11274.260537345443
-11364.948139298776
-11273.494813349982
-11439.222661273792
-11344.800326443283
-11404.287130770197
-11386.017070925682
-11394.860825687314
-11393.96712412125
-11269.984769123706
-11156.017667878088
-11400.569393956775
-11264.427124785429
-11234.252524989979
-11558.436404288641
-11440.025166845346
-11149.595764563863
-11212.680412350735
-11404.551142083794
-11435.353933161317
-11346.8829295015
