-44044.48793622043
-31756.9368543079
-22545.328995029056
-20997.816187401106
-25099.855041251718
-25915.911346183806
-28883.798390528023
-28939.438685241876
-27576.846415541593
-23297.686059204927
-18149.812631183442
-16005.344242310233
-16667.98087835589
-15726.098501127828
-15563.59967549635
-14743.657019657025
-14327.475882001982
-13699.02582258928
-13151.049312573707
-13103.62663350051
-12803.742202844296
-12725.468086482648
-12532.259630664841
-12366.227499156776
-12261.180299963558
-12139.538100336385
-11911.263380670844
-11754.831362961344
-11759.269780176062
-11502.42022499294
-11588.030949744161
-11661.496027863137
-11714.013685545402
-11625.446658614876
-11445.604494497558
-11414.881922626982
-11468.700206964093
-11448.84420277722
-11541.578861471371
-11377.35050370971
-11329.117693497483
-11296.198330461097
-11405.303956827212
-11420.11240995495
-11536.285063889285
-11275.931332429915
-11315.718743625295
-11436.495852316079
-11257.14702021502
-11470.840141524228
-11289.247118155043
-11326.700432250112
-11330.267378942644
-11361.044074813672
-11392.206001789857
-11353.993351768742
-11298.818240352655
-11305.813917464748
-11291.122006435147
-11248.872648620007
-11349.113269111962
-11287.95372985236
-11442.335062941243
-11348.40252980156
-11405.119586239394
-11389.296300806203
-11387.98885232853
-11396.123852089519
-11262.465612591317
-11159.072470900814
-11382.136084866763
-11267.673896086471
-11237.265464091175
-11550.425044787964
-11421.431691233469
-11142.391117822706
-11214.701362261274
-11406.890450030018
-11437.949616470605
-11349.578736198806
