-19530.73793622042
-19972.173262542634
-19149.403196650994
-17945.670292582952
-16620.501144211405
-15710.979783484887
-15152.376376124415
-13986.652571105858
-12799.36393249938
-11608.895475926949
-10285.270945752087
-9247.11713640923
-9392.635154432048
-8279.358158966295
-7683.200514816179
-6984.160865313481
-7160.228561470371
-6397.125189262331
-6063.460133293084
-6049.175318425351
-5738.844390392689
-5698.315489871587
-5639.841541911839
-5626.49603976598
-5621.038556594029
-5598.037981164386
-5436.023743721404
-5507.697104462428
-5443.236747590889
-5398.075187599464
-5293.858621016037
-5368.624230592661
-5312.765627584932
-5352.143518416784
-5247.905899009101
-5185.581517524051
-5269.365898949911
-5221.7128646146575
-5361.104886579076
-5286.172580151581
-5299.934915401112
-5177.3264301861955
-5249.0877290394155
-5267.34016806977
-5252.743751046513
-5138.097198789345
-5124.729096486686
-5246.370616205799
-5146.621679211476
-5199.369328396186
-5174.318029952861
-5151.671906415291
-5150.96691289502
-5169.813541423463
-5163.577965555081
-5191.643982854504
-5188.129562031803
-5280.747304294301
-5212.402795705777
-5175.284437185483
-5174.330152469946
-5159.495846421696
-5254.891228069802
-5153.841777296055
-5204.68403433436
-5175.010919936498
-5219.969764371092
-5202.028162078659
-5139.924450013735
-5029.827166043885
-5069.161018636033
-5051.578994482415
-5061.128293807885
-5092.315715731047
-5132.8073692685375
-5073.485887457146
-4931.315636635127
-5065.558930026497
-5139.285075206534
-5041.507106608927
