-19530.73793622042
-19973.479312150255
-19153.24514087
-17926.549706858907
-16541.534725069676
-15604.653585861684
-15122.692642795959
-14003.891252917714
-12786.129536464312
-11562.490886004513
-10258.569392047091
-9376.272788857135
-9590.128537599809
-8623.064306459675
-8129.819242553871
-7550.483906333541
-7663.727892943272
-6799.99696882408
-6406.277849037391
-6498.728713795491
-6129.286513043206
-6073.043850770785
-5918.039801810207
-5833.982203687421
-5831.161726384489
-5826.921728119387
-5657.145430934356
-5693.489904038291
-5572.6855851527125
-5536.405464174114
-5417.210427510911
-5468.783302832187
-5436.810566178627
-5455.659494069243
-5334.063335662805
-5245.480172568552
-5327.6463424392205
-5280.208557910848
-5434.19050213235
-5368.8809706231605
-5339.487219486107
-5250.321773614989
-5292.547155585199
-5286.414164316856
-5289.594543664552
-5172.702915159573
-5183.164078725542
-5306.631744384707
-5197.9888591453755
-5244.390132179251
-5224.662337669442
-5191.377947816647
-5206.430517263318
-5211.047594400183
-5163.244566410066
-5182.697982583219
-5167.77439016797
-5244.031083126374
-5223.977157690449
-5195.234684495592
-5197.130246465825
-5174.425599917532
-5291.2132211395965
-5209.018525305619
-5239.9720026297355
-5217.736714407007
-5245.488135647938
-5227.878811421348
-5185.441050892434
-5112.4716294107575
-5144.310355377568
-5121.396747991066
-5120.248865766049
-5184.154732490641
-5202.854852438387
-5147.261847329327
-5028.437980342886
-5126.886496659751
-5190.804885555195
-5110.084410178942
