-19530.73793622042
-19999.82574453242
-19183.889800005833
-17867.148184991165
-16025.314838300634
-16009.86729075605
-16972.324297475476
-15351.460201294229
-14757.779894257323
-13824.965257396141
-11577.879187821083
-10955.986511499224
-12615.177598767308
-12248.769067987236
-11622.852889146045
-11055.415524381726
-11900.864879731604
-11633.062861024797
-11824.622229184477
-10973.469483678582
-10017.629480212718
-11140.748862022192
-10405.652702941661
-10160.919920196486
-10469.651374415642
-10139.925491024978
-10078.021153359445
-9900.3035126191
-9030.183113125573
-9868.577344291234
-8917.287601106525
-8775.831676655527
-9667.107401522515
-9176.477587319754
-8757.155207364702
-8343.938496364422
-9129.282478859332
-8714.91239064211
-8270.665559751897
-8497.271569989967
-7932.550417814174
-8409.094988849643
-8461.820375119003
-8477.07873938797
-7755.579004888062
-8151.560045400218
-8187.068107095807
-7962.91290288215
-7722.510753667746
-7963.520174915105
-8092.355557393845
-7969.787505390947
-7933.832090734117
-7899.305081425296
-7767.116771756856
-7735.565642510612
-7718.126594251732
-7702.08737383281
-7650.171828155944
-7555.453887402371
-7593.414291716739
-7490.752423298084
-7548.696225764534
-7459.652154218629
-7667.740460710893
-7554.481741912406
-7624.243541673805
-7609.6129409175655
-7450.307770676911
-7395.638983182641
-7425.683183839775
-7380.388963672248
-7406.887749850102
-7481.575868093554
-7485.986994900595
-7412.43984643202
-7268.711317816512
-7391.460013218025
-7424.925795402475
-7388.1905545476475
