-49491.98046875
-33900.6640625
-23277.83203125
-21589.87890625
-26832.646484375
-28233.478515625
-31726.259765625
-32190.37890625
-30619.96875
-25634.376953125
-19487.0078125
-17404.943359375
-18170.42578125
-17310.80078125
-17425.875
-16613.908203125
-16166.3046875
-15559.2138671875
-14925.5
-14907.640625
-14603.884765625
-14481.763671875
-14330.1640625
-14162.5966796875
-14044.8486328125
-13895.7109375
-13632.416015625
-13487.490234375
-13478.8623046875
-13163.1982421875
-13278.345703125
-13355.529296875
-13393.6845703125
-13307.6123046875
-13126.8623046875
-13075.525390625
-13104.158203125
-13155.935546875
-13198.921875
-13028.5673828125
-12987.1201171875
-12959.00390625
-13095.849609375
-13128.6845703125
-13252.6171875
-12982.3857421875
-12991.7958984375
-13164.298828125
-12962.779296875
-13187.6015625
-12956.8857421875
-13020.443359375
-13019.298828125
-13070.396484375
-13101.017578125
-13046.736328125
-13002.26953125
-12994.9130859375
-12969.2978515625
-12939.55859375
-13047.205078125
-12976.10546875
-13156.400390625
-13044.3544921875
-13114.0205078125
-13103.083984375
-13099.2861328125
-13099.625
-12917.9501953125
-12804.318359375
-13105.9736328125
-12951.2451171875
-12900.447265625
-13311.279296875
-13126.7529296875
-12775.3486328125
-12872.5263671875
-13120.9423828125
-13145.90625
-13052.4033203125
