-49491.98046875
-29295.72265625
-22883.072265625
-23030.4765625
-26483.83984375
-25505.04296875
-26397.51171875
-24758.1328125
-22230.140625
-20099.19921875
-17285.369140625
-17817.77734375
-17328.041015625
-18102.21484375
-16414.365234375
-14256.4345703125
-14149.138671875
-14740.6435546875
-12593.8330078125
-14509.2060546875
-13633.9560546875
-13367.1376953125
-12004.9365234375
-11343.080078125
-10692.791015625
-11260.603515625
-10268.5078125
-10693.8408203125
-10265.689453125
-9780.59765625
-9448.2119140625
-9681.6708984375
-9483.044921875
-9838.9189453125
-9084.318359375
-9462.2197265625
-8806.767578125
-8653.7275390625
-8440.0185546875
-8562.052734375
-8585.056640625
-8110.54541015625
-8349.859375
-8210.380859375
-8287.87890625
-7998.0068359375
-8021.34228515625
-8068.6552734375
-7948.3310546875
-7919.5830078125
-7909.4482421875
-7744.43603515625
-7737.37646484375
-7811.3740234375
-7610.6181640625
-7660.2666015625
-7584.2119140625
-7560.90380859375
-7617.37744140625
-7596.0439453125
-7556.86083984375
-7457.64697265625
-7570.94677734375
-7529.21630859375
-7587.26708984375
-7527.2392578125
-7553.09619140625
-7484.0107421875
-7442.0166015625
-7426.9853515625
-7452.703125
-7389.80712890625
-7362.8837890625
-7407.9580078125
-7542.96728515625
-7340.6455078125
-7270.64599609375
-7423.02587890625
-7509.96240234375
-7397.55078125
