362.87665752650065
301.8280524827501
417.24514177075037
506.84346873699985
531.2744311330003
549.38003888925
546.106352602
551.2932878977501
548.7111796224999
541.718964135
560.8902859457507
567.4534424967501
566.0624883445005
571.4665605532504
560.4965685885
566.3212268777503
552.1935467627502
564.6198504927503
588.1890725535004
541.3663515102497
598.9350590325005
562.80358237825
564.1639346890007
570.3565658037503
556.2525379415001
563.5414592642502
590.0960368210006
580.2665989632502
573.4984423134999
548.7190320907501
536.3364489360004
573.1859031017499
543.99538003525
550.4884619595
582.5947064669997
565.1822819939998
536.4924809660001
573.0715112240002
566.2822667882504
554.5258091845003
571.4170313767504
579.5608580540002
600.7787678460002
566.8198447812504
586.2736779140001
572.8274522357503
598.7611467950001
604.3686800272498
631.6099654422503
637.13374124225
