10.81845760345459
-0.011695834808051586
7.291626930236816
6.320740699768066
6.6672563552856445
6.993355751037598
4.164351463317871
2.168753147125244
13.620442390441895
5.835692405700684
7.915998935699463
17.2955265045166
26.312414169311523
19.758697509765625
32.84662628173828
39.86174011230469
46.23270034790039
39.7308349609375
35.12071990966797
41.27827072143555
56.68988037109375
56.7130241394043
61.992591857910156
48.27593231201172
74.15186309814453
61.034454345703125
76.5276107788086
68.8080825805664
68.6255874633789
82.13385009765625
88.06980895996094
98.04312133789062
106.4656753540039
93.84947204589844
107.60295104980469
124.64994812011719
114.54962158203125
141.65151977539062
119.46653747558594
119.30885314941406
144.3029022216797
142.64608764648438
122.7724380493164
155.34500122070312
148.88682556152344
142.08767700195312
135.88345336914062
137.817626953125
166.15383911132812
205.6705780029297
