-49491.98793622043
-29322.32574453238
-23006.389800005847
-22872.148184991165
-26241.564838300626
-25978.61729075603
-25634.824297475436
-23711.460201294212
-22554.029894257263
-21346.215257396158
-21216.629187821047
-20292.236511499163
-20067.677598767314
-19027.519067987225
-19102.852889146063
-18205.415524381668
-16713.364879731573
-16940.562861024744
-15757.122229184464
-15579.719483678555
-15971.379480212705
-15086.99886202216
-12935.652702941663
-12649.669920196464
-12023.401374415638
-12504.92549102497
-11824.271153359443
-11715.303512619104
-11463.933113125575
-11752.327344291225
-10746.037601106531
-10934.581676655514
-11289.6074015225
-10386.47758731975
-9939.655207364702
-10131.438496364422
-9995.53247885934
-9512.41239064212
-9191.915559751906
-9404.77156998996
-9720.050417814165
-8752.844988849636
-9341.820375119
-9219.578739387975
-9213.079004888044
-8907.810045400203
-8723.318107095805
-8746.662902882139
-8726.26075366774
-8499.770174915104
-8394.855557393843
-8162.28750539095
-8126.3320907341185
-8146.805081425303
-7959.616771756859
-7941.815642510609
-7841.876594251729
-7839.587373832808
-7746.4218281559415
-7720.4538874023765
-7703.414291716738
-7669.502423298082
-7754.946225764531
-7693.402154218626
-7805.240460710893
-7691.981741912411
-7706.743541673803
-7650.862940917567
-7642.80777067692
-7519.388983182643
-7549.433183839775
-7490.388963672248
-7516.887749850102
-7550.325868093551
-7582.236994900595
-7453.689846432021
-7406.211317816507
-7501.460013218025
-7548.67579540248
-7456.940554547646
