-49491.98046875
-29584.61328125
-22847.931640625
-23028.48828125
-27231.92578125
-28447.228515625
-32386.291015625
-29129.650390625
-22055.07421875
-17974.556640625
-18364.34375
-18231.53515625
-18810.5390625
-17141.166015625
-16760.91015625
-16299.779296875
-15788.4560546875
-15140.892578125
-14642.474609375
-14505.400390625
-14232.541015625
-14308.2314453125
-13922.7529296875
-13819.771484375
-13857.0126953125
-13633.970703125
-13563.7998046875
-13318.171875
-13360.943359375
-13061.7548828125
-13272.724609375
-13355.884765625
-13357.7265625
-13245.0673828125
-13045.27734375
-12952.4423828125
-13078.29296875
-13146.0390625
-13223.189453125
-12996.1572265625
-12984.451171875
-12966.1435546875
-13098.287109375
-13145.4033203125
-13267.1767578125
-12985.853515625
-12969.244140625
-13117.8173828125
-12943.349609375
-13174.990234375
-12957.767578125
-13021.466796875
-13007.6787109375
-13057.0048828125
-13101.5234375
-13011.4833984375
-12989.291015625
-12984.966796875
-12969.509765625
-12953.423828125
-13050.533203125
-12975.865234375
-13158.3857421875
-13045.166015625
-13101.7333984375
-13079.5029296875
-13087.90234375
-13090.3046875
-12918.095703125
-12804.208984375
-13071.37890625
-12940.4775390625
-12890.0732421875
-13289.580078125
-13118.4814453125
-12777.580078125
-12875.546875
-13135.8388671875
-13124.6904296875
-13053.998046875
