-49491.98793622043
-29310.893889073468
-22772.393437156392
-23100.991280277565
-27145.234842930986
-28682.34504110994
-29111.817952176993
-27151.596678489186
-21054.43709690989
-19399.20882564839
-18701.922066845076
-16533.071992151752
-16466.64101509076
-16023.61365232447
-15488.72500337835
-13895.309923100245
-12751.12278115493
-13847.043684638897
-12281.511848517981
-11434.752700870278
-12369.291899970454
-11712.11699916329
-10983.803934098907
-10802.34131433864
-10577.594725028655
-10534.022482628063
-10027.933189983332
-9701.079359461122
-9279.11634100018
-8934.943105755588
-9478.166055996815
-9192.384611439164
-8903.85891003242
-9993.930431753695
-9010.491683814409
-8959.493351000961
-8436.098018526529
-8453.97988518453
-8178.262586356015
-8354.855723310555
-9254.358186432133
-8368.233523306695
-8263.851201666233
-8060.519363052556
-8344.834955107044
-8011.321824506372
-7830.605758723994
-7918.346535775429
-7970.400118666284
-8139.110105466479
-7760.761656503081
-7896.022950473077
-7743.974465859048
-7917.186294749174
-7755.388070053463
-7718.729835968765
-7629.051472068214
-7646.757489157753
-7620.088861277363
-7679.070342670288
-7582.725072255947
-7588.372997137482
-7626.882376865733
-7582.361735157654
-7705.871005957951
-7618.005574001222
-7501.586081400783
-7598.208830617815
-7557.21324090451
-7397.884924012035
-7638.044964286851
-7480.17014688422
-7426.914647171793
-7645.33050155367
-7688.794912567462
-7413.318613332524
-7500.313458774139
-7490.4815598596415
-7570.048212748198
-7447.0443507245045
