-49491.98793622043
-29584.633009847643
-22847.95463736059
-23028.518224584008
-27231.937466067913
-28447.259152136055
-32386.332214545935
-29129.691762076032
-22055.109526158885
-17974.58855770762
-18364.385790406275
-18231.55701319852
-18810.570882288266
-17141.186060843123
-16760.955693865093
-16299.80631668396
-15788.480811162717
-15140.912687938384
-14642.493563017279
-14505.416328857045
-14232.558662218853
-14308.251134087428
-13922.770730985
-13819.789150765737
-13857.032249632608
-13633.986560477268
-13563.813406943857
-13318.185325051823
-13360.960296541645
-13061.771199764551
-13272.743717324187
-13355.898198636578
-13357.74267669273
-13245.081232569
-13045.293377656917
-12952.45761542661
-13078.307106161572
-13146.056243362365
-13223.203723037275
-12996.171048267459
-12984.46575218653
-12966.158951557692
-13098.301166833811
-13145.417954114495
-13267.190209288863
-12985.868338194927
-12969.257193399402
-13117.831011981678
-12943.367472254598
-13175.007369281704
-12957.781806455783
-13021.482677597593
-13007.695846619246
-13057.019823931509
-13101.53952248646
-13011.498266471459
-12989.307848392209
-12984.981899509741
-12969.526031937974
-12953.439785342136
-13050.551663888784
-12975.879316675962
-13158.401914429644
-13045.18292005119
-13101.748287465793
-13079.518239277615
-13087.91873203134
-13090.321788527548
-12918.111642321757
-12804.22511200276
-13071.394686177697
-12940.49105308003
-12890.088775678803
-13289.593694275856
-13118.495804201808
-12777.594321651286
-12875.561899348093
-13135.854571185188
-13124.705209204229
-13054.011372348828
