-22254.487936220437
-20823.393889073413
-19484.89343715637
-18375.991280277605
-17457.734842930997
-16694.84504110994
-16911.817952177098
-14776.596678489228
-13166.937096909887
-11674.20882564836
-10901.922066845033
-10770.571992151745
-11004.141015090783
-9848.613652324511
-10076.225003378331
-9920.309923100262
-10038.622781154936
-8697.043684638937
-8956.511848517983
-9497.252700870282
-8469.291899970427
-8599.616999163303
-8358.803934098894
-8264.841314338631
-7977.59472502868
-8084.022482628051
-7840.4331899833105
-8026.079359461105
-7754.116341000171
-7884.943105755605
-7428.166055996813
-7704.8846114391445
-7803.858910032434
-7218.930431753712
-7385.491683814418
-7384.493351000948
-7673.598018526534
-7528.979885184529
-7615.7625863560115
-7604.855723310565
-7116.858186432129
-7243.233523306686
-7513.851201666218
-7548.019363052559
-7382.334955107045
-7336.321824506374
-7430.605758723995
-7455.846535775435
-7245.4001186662845
-7251.610105466476
-7298.261656503081
-7208.522950473071
-7331.4744658590525
-7304.686294749185
-7255.388070053455
-7368.72983596876
-7341.551472068209
-7396.757489157751
-7257.588861277369
-7216.570342670282
-7307.725072255949
-7213.372997137476
-7289.382376865731
-7207.361735157645
-7268.371005957939
-7193.005574001225
-7289.086081400786
-7285.708830617807
-7169.713240904496
-7110.384924012037
-7138.0449642868525
-7117.670146884222
-7139.414647171795
-7170.330501553655
-7188.794912567459
-7150.81861333252
-7050.313458774128
-7165.48155985963
-7207.548212748188
-7159.544350724507
