396.05487060546875
365.10589599609375
494.32647705078125
514.4086303710938
494.4046936035156
562.7276611328125
555.0554809570312
573.4998779296875
566.5068359375
561.5881958007812
570.9461669921875
556.0115966796875
563.4005737304688
576.3462524414062
563.8807373046875
545.427978515625
557.8810424804688
559.4672241210938
580.4234619140625
571.0303955078125
597.451171875
585.7302856445312
577.5970458984375
584.7872314453125
599.6663818359375
577.2542724609375
603.3306274414062
581.1873168945312
599.6246948242188
538.7782592773438
593.4417114257812
599.2760009765625
575.7369995117188
609.8760986328125
607.221435546875
602.3505249023438
605.0823364257812
613.5677490234375
606.2811889648438
593.1624755859375
592.5155029296875
594.2012939453125
573.552001953125
607.1879272460938
618.7373657226562
591.1063232421875
612.85546875
614.7384643554688
628.7955322265625
600.3485107421875
