396.06670772800055
365.13890558950055
494.34639885650006
514.43596841975
494.4081093072502
562.7398142285003
555.0713354817501
573.5068875055002
566.5104489280003
561.59338236025
570.9368626925008
556.0211541512501
563.4160527877501
576.3646681699998
563.8883235557503
545.4300695827502
557.872701601
559.4771652640002
580.4384208977501
571.0406657232502
597.4619131992499
585.7260553857503
577.6128048620001
584.7905063175006
599.6745560097504
577.2633168237497
603.3493221507499
581.1905970250004
599.6333870572497
538.7799411049998
593.44235232175
599.2997679635007
575.7468396110004
609.87555062325
607.2238458370005
602.35841949675
605.0796565740005
613.5592795920003
606.2761639065002
593.1672805602504
592.5089854405003
594.2082626305003
573.5506080807502
607.1932439955001
618.7446402445005
591.1095712762506
612.8672086442496
614.737805941
628.7990862554998
600.3502196292504
