
Optimal
Feature: [72, 29, 0]

States: [array([ 29.41799673,   0.        ,  23.0499646 ,   0.        ,
       -13.70337985,   9.19676765]), array([ 29.41799673,   0.13597209,  23.0499646 ,   0.5       ,
       -13.70337985,   9.19676765]), array([ 29.55396882,   0.2547103 ,  23.5499646 ,   0.9       ,
       -13.83935194,   8.69676765]), array([ 29.80867912,   0.36002881,  24.4499646 ,   1.22      ,
       -14.09406224,   7.79676765]), array([ 30.16870793,   0.44556106,  25.6699646 ,   1.476     ,
       -14.45409105,   6.57676765]), array([ 30.61426899,   0.60490729,  27.1459646 ,   1.6808    ,
       -14.89965211,   5.10076765]), array([ 31.21917628,   0.77803389,  28.8267646 ,   1.84464   ,
       -15.5045594 ,   3.41996765]), array([ 31.99721017,   0.92838355,  30.6714046 ,   1.975712  ,
       -16.28259328,   1.57532765]), array([ 32.92559372,   1.0561556 ,  32.6471166 ,   2.0805696 ,
       -17.21097684,  -0.40038435]), array([ 33.98174931,   1.08863259,  34.7276862 ,   2.16445568,
       -18.26713243,  -2.48095395]), array([ 35.07038191,   1.02309008,  36.89214188,   2.23156454,
       -19.35576502,  -4.64540963]), array([ 36.09347198,   0.8457781 ,  39.12370643,   2.28525164,
       -20.3788551 ,  -6.87697418]), array([ 36.93925008,   0.63825133,  41.40895806,   2.32820131,
       -21.2246332 ,  -9.16222581]), array([ 37.57750141,   0.44064811,  43.73715937,   2.36256105,
       -21.86288453, -11.49042712]), array([ 38.01814953,   0.13419159,  46.09972042,   2.39004884,
       -22.30353264, -13.85298817]), array([ 38.15234111,  -0.39264673,  48.48976925,   2.2541665 ,
       -22.43772423, -16.243037  ]), array([ 37.75969438,  -0.81411738,  50.74393576,   2.07259058,
       -22.0450775 , -18.49720351]), array([ 36.945577  ,  -1.15129391,  52.81652634,   1.87915593,
       -21.23096012, -20.56979409]), array([ 35.79428309,  -1.42103513,  54.69568226,   1.67796045,
       -20.07966621, -22.44895001]), array([ 34.37324797,  -1.6368281 ,  56.37364272,   1.4749099 ,
       -18.65863108, -24.12691047]), array([ 32.73641987,  -1.80946248,  57.84855262,   1.27025392,
       -17.02180298, -25.60182037]), array([ 30.92695738,  -1.94756998,  59.11880654,   1.00265739,
       -15.2123405 , -26.87207429]), array([ 28.9793874 ,  -2.05805599,  60.12146393,   0.5719871 ,
       -13.26477052, -27.87473168]), array([ 26.92133141,  -2.14644479,  60.69345103,   0.1762304 ,
       -11.20671453, -28.44671878]), array([ 24.77488662,  -2.21715583,  60.86968143,  -0.1911413 ,
        -9.06026974, -28.62294919]), array([ 22.55773079,  -2.27372467,  60.67854013,  -0.54908217,
        -6.84311391, -28.43180788]), array([ 20.28400612,  -2.25696817,  60.12945796,  -0.93926573,
        -4.56938924, -27.88272572]), array([ 18.02703795,  -2.15777249,  59.19019223,  -1.25141259,
        -2.31242107, -26.94345998]), array([ 15.86926547,  -2.0252867 ,  57.93877965,  -1.50113007,
        -0.15464858, -25.6920474 ]), array([ 13.84397876,  -1.88817217,  56.43764958,  -1.70090406,
         1.87063812, -24.19091733]), array([ 11.95580659,  -1.90906451,  54.73674552,  -1.86072324,
         3.75881029, -22.49001327]), array([ 10.04674208,  -2.02725161,  52.87602228,  -1.89983475,
         5.6678748 , -20.62929003]), array([  8.01949048,  -2.12180129,  50.97618753,  -1.84357888,
         7.69512641, -18.72945528]), array([  5.89768919,  -2.19744103,  49.13260865,  -1.75152451,
         9.81692769, -16.8858764 ]), array([  3.70024816,  -2.25795282,  47.38108413,  -1.6347728 ,
        12.01436872, -15.13435188]), array([  1.44229534,  -2.30636226,  45.74631133,  -1.47814892,
        14.27232154, -13.49957908]), array([ -0.86406692,  -2.34508981,  44.26816241,  -1.25071323,
        16.5786838 , -12.02143016]), array([ -3.20915672,  -2.07393931,  43.01744918,  -1.50057058,
        18.92377361, -10.77071693]), array([-5.28309604, -1.64260425, 41.5168786 , -1.70045647, 20.99771292,
       -9.27014635]), array([-6.92570029, -1.08962579, 39.81642214, -1.86036517, 22.64031717,
       -7.56968989]), array([-8.01532608, -0.46048245, 37.95605696, -1.98829214, 23.72994296,
       -5.70932471]), array([-8.47580853,  0.13161404, 35.96776483, -2.08816534, 24.19042542,
       -3.72103258]), array([-8.3441945 ,  0.60529123, 33.87959948, -2.15389295, 24.05881138,
       -1.63286724]), array([-7.73890327,  0.98423298, 31.72570653, -2.20299858, 23.45352015,
        0.52102572]), array([-6.75467028,  1.28738639, 29.52270795, -2.2417438 , 22.46928717,
        2.7240243 ]), array([-5.46728389,  1.52990911, 27.28096414, -2.28762391, 21.18190078,
        4.9657681 ]), array([-3.93737479,  1.38076889, 24.99334023, -2.33009913, 19.65199167,
        7.25339202]), array([-2.5566059 ,  1.18852896, 22.6632411 , -2.3640793 , 18.27122278,
        9.58349115]), array([-1.36807693,  0.98298484, 20.2991618 , -2.39126344, 17.08269382,
       11.94757045]), array([-0.38509209,  0.79769063, 17.90789835, -2.41301075, 16.09970898,
       14.3388339 ]), array([ 0.41259854,  0.68201265, 15.4948876 , -2.4304086 , 15.30201835,
       16.75184465]), array([ 1.09461118,  0.59106648, 13.06447899, -2.44432688, 14.6200057 ,
       19.18225325]), array([ 1.68567767,  0.64298003, 10.62015211, -2.45546151, 14.02893922,
       21.62658014]), array([ 2.3286577 ,  1.01438402,  8.1646906 , -2.46131771, 13.38595919,
       24.08204164]), array([ 3.34304172,  1.31150722,  5.7033729 , -2.03757929, 12.37157516,
       26.54335935]), array([ 4.65454894,  1.54920578,  3.6657936 , -1.58247574, 11.06006794,
       28.58093865]), array([ 6.20375472,  1.73936462,  2.08331786, -1.1704613 ,  9.51086217,
       30.16341439]), array([ 7.94311934,  1.8914917 ,  0.91285656, -0.79479546,  7.77149755,
       31.33387569]), array([ 9.83461103,  2.01319336,  0.1180611 , -0.41684588,  5.88000585,
       32.12867115]), array([11.84780439,  2.11055469, -0.29878478,  0.11779454,  3.86681249,
       32.54551703]), array([13.95835908,  2.18343066, -0.18099024,  0.59423563,  1.75625781,
       32.42772249]), array([16.14178974,  2.18003355,  0.41324539,  0.97538851, -0.42717286,
       31.83348686]), array([18.3218233 ,  2.14899517,  1.3886339 ,  1.2803108 , -2.60720641,
       30.85809835]), array([20.47081846,  2.09976211,  2.6689447 ,  1.52424864, -4.75620158,
       29.57778754]), array([22.57058057,  2.03889375,  4.19319335,  1.71939891, -6.85596369,
       28.0535389 ]), array([24.60947433,  2.131115  ,  5.91259226,  1.82099771, -8.89485744,
       26.33413999]), array([ 26.74058933,   2.204892  ,   7.73358998,   1.56840888,
       -11.02597244,  24.51314227]), array([ 28.94548133,   2.2639136 ,   9.30199886,   1.2244657 ,
       -13.23086445,  22.94473339]), array([ 31.20939493,   2.31113088,  10.52646455,   0.91038664,
       -15.49477805,  21.7202677 ]), array([ 33.52052581,   2.3489047 ,  11.43685119,   1.15944756,
       -17.80590893,  20.80988106]), array([ 35.86943052,   2.03070837,  12.59629876,   1.42755805,
       -20.15481363,  19.65043349]), array([ 37.90013888,   1.7686577 ,  14.02385681,   1.64204644,
       -22.185522  ,  18.22287544]), array([ 39.66879658,   1.7797527 ,  15.66590325,   1.81363715,
       -23.9541797 ,  16.580829  ]), array([ 41.44854929,   1.91748742,  17.4795404 ,   1.95090972,
       -25.7339324 ,  14.76719185]), array([ 43.3660367 ,   1.47898287,  19.43045012,   2.06072778,
       -27.65141982,  12.81628213]), array([ 44.84501957,   1.09143445,  21.4911779 ,   2.14858222,
       -29.13040269,  10.75555435]), array([ 45.93645402,   0.8447491 ,  23.63976012,   2.21886578,
       -30.22183714,   8.60697213]), array([ 46.78120312,   0.62438383,  25.8586259 ,   2.27509262,
       -31.06658624,   6.38810635]), array([ 47.40558695,   0.37743692,  28.13371852,   2.3200741 ,
       -31.69097006,   4.11301373]), array([ 47.78302386,   0.14831273,  30.45379262,   2.35605928,
       -32.06840698,   1.79293963]), array([ 47.93133659,  -0.16957582,  32.8098519 ,   2.38484742,
       -32.21671971,  -0.56311965]), array([ 47.76176077,  -0.47573543,  35.19469932,   2.40787794,
       -32.04714389,  -2.94796707]), array([ 47.28602534,  -0.75219702,  37.60257726,   2.42630235,
       -31.57140846,  -5.35584501]), array([ 46.53382832,  -1.0052208 ,  40.02887961,   2.44104188,
       -30.81921144,  -7.78214736]), array([ 45.52860752,  -1.24076895,  42.46992149,   2.4528335 ,
       -29.81399064, -10.22318924]), array([ 44.28783857,  -1.46494997,  44.92275499,   2.4622668 ,
       -28.57322169, -12.67602274]), array([ 42.8228886 ,  -1.67195998,  47.3850218 ,   2.45734067,
       -27.10827172, -15.13828955]), array([ 41.15092862,  -1.83756798,  49.84236247,   2.41095092,
       -25.43631174, -17.59563022]), array([ 39.31336064,  -1.97005439,  52.25331339,   2.32771997,
       -23.59874376, -20.00658114]), array([ 37.34330626,  -2.07604351,  54.58103336,   1.78767018,
       -21.62868937, -22.33430111]), array([ 35.26726275,  -2.16083481,  56.36870354,   1.03513061,
       -19.55264586, -24.12197129]), array([ 33.10642794,  -2.11712314,  57.40383415,   0.32810449,
       -17.39181106, -25.1571019 ]), array([ 30.9893048 ,  -1.95780699,  57.73193863,  -0.23751641,
       -15.27468792, -25.48520638]), array([ 29.03149781,  -1.74176125,  57.49442222,  -0.69001313,
       -13.31688093, -25.24768997]), array([ 27.28973656,  -1.4950655 ,  56.80440909,  -1.0520105 ,
       -11.57511968, -24.55767684]), array([ 25.79467106,  -1.23097651,  55.75239859,  -1.3416084 ,
       -10.08005418, -23.50566634]), array([ 24.56369455,  -0.9547762 ,  54.41079019,  -1.57328672,
        -8.84907767, -22.16405794]), array([ 23.60891835,  -0.85850983,  52.83750346,  -1.75862938,
        -7.89430147, -20.59077121]), array([ 22.75040852,  -1.00865462,  51.07887409,  -1.9069035 ,
        -7.03579164, -18.83214184]), array([ 21.74175391,  -1.30692369,  49.17197058,  -1.72557008,
        -6.02713702, -16.92523833]), array([ 20.43483021,  -1.54553895,  47.44640051,  -1.53959032,
        -4.72021333, -15.19966826])]

Actions: [array([0.13597209, 0.5       ]), array([0.14593263, 0.5       ]), array([0.15626057, 0.5       ]), array([0.15753802, 0.5       ]), array([0.24845844, 0.5       ]), array([0.29410806, 0.5       ]), array([0.30595644, 0.5       ]), array([0.31344876, 0.5       ]), array([0.24370812, 0.5       ]), array([0.152184, 0.5     ]), array([0.02730604, 0.5       ]), array([-0.03837114,  0.5       ]), array([-0.06995295,  0.5       ]), array([-0.2183269,  0.5      ]), array([-0.5       ,  0.34212743]), array([-0.5       ,  0.26925738]), array([-0.5       ,  0.22108347]), array([-0.5       ,  0.17463571]), array([-0.5       ,  0.13254154]), array([-0.5     ,  0.090326]), array([-0.5       , -0.01354575]), array([-0.5       , -0.23013881]), array([-0.5       , -0.28135928]), array([-0.5       , -0.33212563]), array([-0.5       , -0.39616912]), array([-0.43798844, -0.5       ]), array([-0.35219795, -0.5       ]), array([-0.29906871, -0.5       ]), array([-0.26794281, -0.5       ]), array([-0.39852677, -0.5       ]), array([-0.5       , -0.41125615]), array([-0.5       , -0.32371108]), array([-0.5       , -0.27666141]), array([-0.5       , -0.23355319]), array([-0.5       , -0.17033067]), array([-0.5       , -0.06819409]), array([-0.19786747, -0.5       ]), array([ 0.0165472, -0.5      ]), array([ 0.22445761, -0.5       ]), array([ 0.41121818, -0.5       ]), array([ 0.5       , -0.49753163]), array([ 0.5       , -0.48336068]), array([ 0.5       , -0.47988422]), array([ 0.5       , -0.47934493]), array([ 0.5       , -0.49422887]), array([ 0.1568416, -0.5      ]), array([ 0.08391385, -0.5       ]), array([ 0.03216167, -0.5       ]), array([ 0.01130276, -0.5       ]), array([ 0.04386014, -0.5       ]), array([ 0.04545637, -0.5       ]), array([ 0.17012685, -0.5       ]), array([ 0.5      , -0.4969485]), array([ 0.5       , -0.06852513]), array([0.5       , 0.04758769]), array([0.5       , 0.09551929]), array([0.5       , 0.14157358]), array([0.5       , 0.21899049]), array([0.5       , 0.45127124]), array([0.49498692, 0.5       ]), array([0.43328902, 0.5       ]), array([0.40496832, 0.5       ]), array([0.38056598, 0.5       ]), array([0.35908406, 0.5       ]), array([0.5       , 0.44547858]), array([0.5       , 0.11161071]), array([ 0.5       , -0.03026141]), array([ 0.5       , -0.06918592]), array([0.5       , 0.43113825]), array([0.1515846, 0.5      ]), array([0.14409101, 0.5       ]), array([0.36482654, 0.5       ]), array([0.49368525, 0.5       ]), array([-0.05500706,  0.5       ]), array([-0.09175184,  0.5       ]), array([-0.02839846,  0.5       ]), array([-0.05141546,  0.5       ]), array([-0.12207014,  0.5       ]), array([-0.1536368,  0.5      ]), array([-0.288226,  0.5     ]), array([-0.34007478,  0.5       ]), array([-0.37160868,  0.5       ]), array([-0.40346318,  0.5       ]), array([-0.43659231,  0.5       ]), array([-0.47233481,  0.5       ]), array([-0.5       ,  0.48752723]), array([-0.5       ,  0.44507839]), array([-0.5       ,  0.39895923]), array([-0.5       , -0.07450579]), array([-0.5       , -0.39500554]), array([-0.38845529, -0.5       ]), array([-0.26410848, -0.5       ]), array([-0.17551566, -0.5       ]), array([-0.1016565, -0.5      ]), array([-0.03492411, -0.5       ]), array([ 0.03000501, -0.5       ]), array([-0.09468887, -0.5       ]), array([-0.32184675, -0.5       ]), array([-0.5       , -0.20004727]), array([-0.5       , -0.15913425])]

Trash Locations: []