
Optimal
Feature: [0, 95, 6]

States: [array([ 8.5776452 ,  0.        , 25.7484383 ,  0.        ,  3.49158224,
       -3.93008502]), array([ 8.5776452 ,  0.25144264, 25.7484383 , -0.5       ,  3.49158224,
       -3.93008502]), array([ 8.82908784,  0.44715783, 25.2484383 , -0.9       ,  3.2401396 ,
       -3.43008502]), array([ 9.27624567,  0.7122535 , 24.3484383 , -1.22      ,  2.79298177,
       -2.53008502]), array([ 9.98849917,  1.0698028 , 23.1284383 , -0.74911538,  2.08072827,
       -1.31008502]), array([11.05830197,  1.35584224, 22.37932292, -0.27728832,  1.01092547,
       -0.56096964]), array([12.41414421,  1.58467379, 22.10203459,  0.18231866, -0.49812305,
       16.42395987]), array([13.998818  ,  1.76773903, 22.28435326,  0.62878976, -2.08279685,
       16.24164121]), array([15.76655703,  1.83174056, 22.91314301,  1.00303181, -3.85053588,
       15.61285145]), array([17.59829759,  1.84460474, 23.91617482,  1.30242544, -5.68227643,
       14.60981965]), array([19.44290233,  1.85070522, 25.21860026,  1.54194036, -7.52688117,
       13.3073942 ]), array([21.29360755,  1.81051192, 26.76054062,  1.73355228, -9.3775864 ,
       11.76545385]), array([ 23.10411947,   0.94840953,  28.4940929 ,   1.73533517,
       -11.18809831,  10.03190156]), array([ 24.052529  ,   0.25872763,  30.22942807,   1.51930159,
       -12.13650785,   8.2965664 ]), array([ 24.31125663,  -0.2930179 ,  31.74872966,   1.30563221,
       -12.39523548,   6.7772648 ]), array([ 24.01823873,  -0.73441432,  33.05436188,   1.10383303,
       -12.10221758,   5.47163259]), array([ 23.28382441,  -1.08753145,  34.1581949 ,   0.95482295,
       -11.36780326,   4.36779956]), array([ 22.19629296,  -1.37002516,  35.11301786,   0.8318892 ,
       -10.2802718 ,   3.41297661]), array([20.82626779, -1.59602013, 35.94490706,  0.6575971 , -8.91024664,
        2.58108741]), array([19.23024766, -1.7768161 , 36.60250416,  0.46212994, -7.31422651,
        1.9234903 ]), array([17.45343156, -1.92145288, 37.06463411,  0.28228565, -5.5374104 ,
        1.46136036]), array([15.53197867, -2.03716231, 37.34691975,  0.13325414, -3.61595752,
        1.17907471]), array([ 1.34948164e+01, -2.12972985e+00,  3.74801739e+01, -1.77203401e-02,
       -1.57879521e+00,  1.04582057e+00]), array([11.36508652, -2.20378388, 37.46245356, -0.17843211,  0.55093463,
        1.06354091]), array([ 9.16130264, -1.29782555, 37.28402145, -0.64274569, 17.72213048,
       -7.24993846]), array([ 7.86347709, -0.53826044, 36.64127576, -0.90296148, 19.01995603,
       -6.60719277]), array([ 7.32521665,  0.06939165, 35.73831428, -0.91954598, 19.55821647,
       -5.70423129]), array([ 7.3946083 ,  0.55551332, 34.8187683 , -0.86591218, 19.48882482,
       -4.78468531]), array([ 7.95012161,  0.94441065, 33.95285611, -0.78757034, 18.93331151,
       -3.91877313]), array([ 8.89453227,  1.25552852, 33.16528577, -0.60125779, 17.98890085,
       -3.13120278]), array([10.15006079,  1.50442282, 32.56402798, -0.39820952, 16.73337233,
       -2.52994499]), array([11.65448361,  1.70353825, 32.16581846, -0.2101938 , 15.22894951,
       -2.13173547]), array([13.35802187,  1.8628306 , 31.95562466, -0.03968767, 13.52541125,
       -1.92154167]), array([15.22085247,  1.99026448, 31.915937  , -0.08692183, 11.66258065,
       -1.88185401]), array([17.21111695,  2.09221159, 31.82901517, -0.16677001,  9.67231617,
       -1.79493218]), array([19.30332854,  2.17376927, 31.66224515, -0.28010138,  7.58010458,
       -1.62816217]), array([21.47709781,  2.23901542, 31.38214377, -0.38739855,  5.40633531,
       -1.34806078]), array([23.71611322,  2.29121233, 30.99474522, -0.49231901,  3.1673199 ,
       -0.96066223]), array([26.00732556,  2.33296987, 30.50242621, -0.55819704,  0.87610756,
       -0.46834322]), array([28.34029542,  2.36637589, 29.94422917, -0.61403915, -8.71151795,
       -1.98127985]), array([ 30.70667131,   1.97297148,  29.33019002,  -0.99123132,
       -11.07789384,  -1.3672407 ]), array([ 32.67964279,   1.07837718,  28.3389587 ,  -1.18961899,
       -13.05086532,  -0.37600938]), array([ 33.75801997,   0.36270175,  27.14933971,  -0.88139897,
       -14.1292425 ,   0.81360961]), array([ 34.12072172,  -0.2098386 ,  26.26794075,  -0.58518569,
       -14.49194425,   1.69500858]), array([ 33.91088312,  -0.66787088,  25.68275505,  -0.32514528,
       -14.28210564,   2.28019427]), array([ 33.24301223,  -1.03429671,  25.35760977,  -0.09716109,
       -13.61423476,   2.60533955]), array([ 32.20871553,  -1.32743737,  25.26044868,   0.10273508,
       -12.57993805,   2.70250064]), array([ 30.88127816,  -1.56194989,  25.36318376,   0.28414165,
       -11.25250069,   2.59976556]), array([29.31932827, -1.74955991, 25.64732541,  0.43075791, -9.6905508 ,
        2.31562392]), array([27.56976836, -1.89964793, 26.07808332,  0.55649916, -7.94099088,
        1.88486601]), array([25.67012043, -2.01971834, 26.63458247,  0.67086413, -6.04134295,
        1.32836685]), array([23.65040208, -2.11577468, 27.3054466 ,  0.7783942 , -4.02162461,
        0.65750272]), array([21.5346274 , -2.19261974, 28.08384081,  0.88517072, -1.90584993,
       -0.12089148]), array([19.34200766, -2.25409579, 28.96901153,  1.00226425,  0.28676981,
       -1.0060622 ]), array([17.08791187, -1.60711752, 29.97127578,  0.3018114 ,  8.88647576,
       -9.24240524]), array([15.48079436, -1.00084304, 30.27308718, -0.25855088, 10.49359328,
       -9.54421664]), array([14.47995132, -0.44933442, 30.0145363 , -0.7068407 , 11.49443632,
       -9.28566576]), array([14.0306169 ,  0.0565494 , 29.30769559, -1.06547256, 11.94377073,
       -8.57882506]), array([14.08716629,  0.54523952, 28.24222303, -1.23841424, 11.88722134,
       -7.5133525 ]), array([14.63240581,  0.93619161, 27.00380878, -1.31242586, 11.34198182,
       -6.27493825]), array([15.56859743,  1.24895329, 25.69138292, -1.32745337, 10.4057902 ,
       -4.96251239]), array([16.81755072,  1.49916263, 24.36392955, -1.12947219,  9.15683691,
       -3.63505902]), array([18.31671335,  1.69933011, 23.23445736, -0.86505498,  7.65767428,
       -2.50558683]), array([20.01604346,  1.85946409, 22.36940238, -0.61026256,  5.95834417,
       -1.64053185]), array([21.87550754,  1.98757127, 21.75913982, -0.36035213,  4.09888009,
       -1.03026929]), array([23.86307881,  2.09005701, 21.39878769, -0.10893608,  2.11130882,
       -0.66991716]), array([ 2.59531358e+01,  2.17204561e+00,  2.12898516e+01,  1.54915430e-01,
        2.12518044e-02, -5.60981076e-01]), array([ 28.12518144,   2.23763649,  21.44476704,  -0.28184772,
       -15.27974157,   7.06901645]), array([ 30.36281793,   1.37009128,  21.16291932,  -0.72547817,
       -17.51737806,   7.35086417]), array([ 31.7329092 ,   0.59607302,  20.43744115,  -0.69267394,
       -18.88746933,   8.07634235]), array([ 3.23289822e+01, -2.31415829e-02,  1.97447672e+01, -5.14638362e-01,
       -1.94835424e+01,  8.76901628e+00]), array([ 32.30584064,  -0.51851327,  19.23012885,  -0.24664109,
       -19.46040077,   9.28365465]), array([ 3.17873274e+01, -9.14810613e-01,  1.89834878e+01,  2.35609800e-02,
       -1.89418875e+01,  9.53029573e+00]), array([ 30.87251676,  -1.23184849,  19.00704874,   0.26409781,
       -18.02707689,   9.50673475]), array([ 29.64066827,  -1.48547879,  19.27114655,   0.46611883,
       -16.7952284 ,   9.24263694]), array([ 28.15518948,  -1.68838303,  19.73726538,   0.63642496,
       -15.30974961,   8.77651811]), array([ 26.46680645,  -1.85070643,  20.37369034,   0.78081615,
       -13.62136658,   8.14009315]), array([ 24.61610002,  -1.98056514,  21.15450649,   0.90424034,
       -11.77066015,   7.359277  ]), array([22.63553488, -2.08445211, 22.05874684,  1.0177694 , -9.79009501,
        6.45503665]), array([20.55108277, -2.16756169, 23.07651624,  1.12576488, -7.70564289,
        5.43726725]), array([18.38352107, -2.23404935, 24.20228112,  1.24198739, -5.5380812 ,
        4.31150237]), array([16.14947172, -2.28723948, 25.44426851,  1.34125664, -3.30403185,
        3.06951498]), array([13.86223224, -2.32979159, 26.78552515,  1.43919244, -1.01679237,
        1.72825835]), array([11.53244065, -2.36383327, 28.22471758,  1.54481579,  1.31299922,
        0.28906591]), array([ 9.16860739, -1.95371592, 29.76953337,  0.73585263, 13.55743455,
        3.80216991]), array([ 7.21489147, -1.54741237, 30.505386  ,  0.08868211, 15.51115046,
        3.06631728]), array([ 5.6674791 , -1.16676648, 30.59406811, -0.42905432, 17.05856284,
        2.97763517]), array([ 4.50071261, -0.78664561, 30.16501379, -0.84324345, 18.22532932,
        3.40668949]), array([ 3.714067  , -0.43856471, 29.32177034, -1.17459476, 19.01197493,
        4.24993294]), array([ 3.27550229, -0.11448667, 28.14717558, -1.43967581, 19.45053964,
        5.4245277 ]), array([ 3.16101562,  0.17902026, 26.70749977, -1.65174065, 19.56502631,
        6.86420351]), array([ 3.34003588,  0.50243134, 25.05575912, -1.82139252, 19.38600605,
        8.51594416]), array([ 3.84246722,  0.90194507, 23.2343666 , -1.89958202, 18.88357471,
       10.33733668]), array([ 4.7444123 ,  1.22155606, 21.33478459, -1.80395034, 17.98162963,
       12.23691869]), array([ 5.96596836,  1.47724485, 19.53083425, -1.48424432, 16.76007357,
       14.04086903]), array([ 7.44321321,  1.68179588, 18.04658993, -1.09967315, 15.28282873,
       15.52511336]), array([ 9.12500908,  1.8454367 , 16.94691678, -0.74171657, 13.60103285,
       16.6247865 ]), array([10.97044579,  1.97634936, 16.20520021, -0.43980655, 11.75559614,
       17.36650307]), array([12.94679515,  2.08107949, 15.76539366, -0.16269097,  9.77924678,
       17.80630962]), array([15.02787464,  2.16486359, 15.60270269,  0.09299378,  7.69816729,
       17.96900059]), array([17.19273823,  2.23189087, 15.69569647,  0.33233718,  5.5333037 ,
       17.87600682])]

Actions: [array([ 0.25144264, -0.5       ]), array([ 0.24600372, -0.5       ]), array([ 0.35452724, -0.5       ]), array([0.5       , 0.22688462]), array([0.5       , 0.32200398]), array([0.5       , 0.40414932]), array([0.5       , 0.48293483]), array([0.41754933, 0.5       ]), array([0.37921229, 0.5       ]), array([0.37502143, 0.5       ]), array([0.32994774, 0.5       ]), array([-0.5       ,  0.34849334]), array([-0.5       ,  0.13103346]), array([-0.5       ,  0.09019094]), array([-0.5       ,  0.05932726]), array([-0.5       ,  0.07175653]), array([-0.5       ,  0.06803084]), array([-0.5       , -0.00791426]), array([-0.5       , -0.06394774]), array([-0.5       , -0.08741831]), array([-0.5       , -0.09257438]), array([-0.5       , -0.12432365]), array([-0.5       , -0.16425583]), array([ 0.46520155, -0.5       ]), array([ 0.5       , -0.38876493]), array([ 0.5      , -0.1971768]), array([ 0.5      , -0.1302754]), array([ 0.5      , -0.0948406]), array([0.5       , 0.02879848]), array([0.5       , 0.08279671]), array([0.5       , 0.10837382]), array([0.5       , 0.12846737]), array([ 0.5      , -0.0551717]), array([ 0.5       , -0.09723255]), array([ 0.5       , -0.14668538]), array([ 0.5       , -0.16331744]), array([ 0.5       , -0.18240016]), array([ 0.5       , -0.16434183]), array([ 0.5       , -0.16748152]), array([ 0.07987076, -0.5       ]), array([-0.5       , -0.39663393]), array([-0.5       ,  0.07029622]), array([-0.5       ,  0.11993348]), array([-0.5       ,  0.14300328]), array([-0.5       ,  0.16295513]), array([-0.5       ,  0.18046395]), array([-0.5       ,  0.20195358]), array([-0.5       ,  0.20344459]), array([-0.5       ,  0.21189283]), array([-0.5      ,  0.2256648]), array([-0.5      ,  0.2417029]), array([-0.5       ,  0.26245536]), array([-0.5       ,  0.29412767]), array([ 0.19615912, -0.5       ]), array([ 0.28485097, -0.5       ]), array([ 0.35134001, -0.5       ]), array([ 0.41601693, -0.5       ]), array([ 0.5       , -0.38603619]), array([ 0.5       , -0.32169447]), array([ 0.5       , -0.27751268]), array([ 0.5       , -0.06750949]), array([0.5       , 0.03852277]), array([0.5       , 0.08178142]), array([0.5       , 0.12785792]), array([0.5       , 0.17934562]), array([0.5      , 0.2420643]), array([ 0.5       , -0.40578006]), array([-0.42001791, -0.5       ]), array([-0.5      , -0.1122914]), array([-0.5       ,  0.03950079]), array([-0.5      ,  0.1650696]), array([-0.5       ,  0.22087385]), array([-0.5       ,  0.24524903]), array([-0.5       ,  0.25484058]), array([-0.5      ,  0.2635299]), array([-0.5       ,  0.27167618]), array([-0.5       ,  0.27958742]), array([-0.5       ,  0.29437713]), array([-0.5       ,  0.31154936]), array([-0.5       ,  0.34137548]), array([-0.5       ,  0.34766673]), array([-0.5       ,  0.36618713]), array([-0.5       ,  0.39346184]), array([-0.0626493, -0.5      ]), array([ 0.01556036, -0.5       ]), array([ 0.07116342, -0.5       ]), array([ 0.14676757, -0.5       ]), array([ 0.19075178, -0.5       ]), array([ 0.23636509, -0.5       ]), array([ 0.2706096, -0.5      ]), array([ 0.35921514, -0.5       ]), array([ 0.5     , -0.442468]), array([ 0.5       , -0.28428473]), array([ 0.5       , -0.04108405]), array([0.5       , 0.08772231]), array([0.5       , 0.13802195]), array([0.5      , 0.1535667]), array([0.5       , 0.18915427]), array([0.5       , 0.22314655]), array([0.5       , 0.25794216])]

Trash Locations: [(12.069227435665614, 21.81835327607541), (11.91602115224119, 38.52599446565466), (26.883433120100257, 30.03408298835558), (19.628777472905664, 27.96294932329334), (25.974387631688046, 20.728870532909887), (12.84543987043735, 28.513783492616717)]