342.9320225825019
315.07863117500125
376.4981453150023
394.5067301000023
443.850498555502
465.83670679850155
474.441787901001
454.86223653350197
444.0673032410009
490.33294954400196
495.62614629200135
489.9577986785015
506.5011805610012
500.32058477600106
522.0387250175008
524.0259293375017
488.912284136001
518.0407298615
511.3579569770001
504.98320717550104
531.2770963175002
539.3657518130005
520.6595600090006
539.1015599315008
527.3791232780003
523.1955853010016
511.5198631610011
551.617463085501
574.3365484745009
544.257605832501
556.8227046650006
561.9339032060002
556.0778494325008
574.4846880200014
568.728716744001
544.5196947560008
556.9132332800004
559.1739908405008
563.1033863675009
559.1504578654999
546.8972815865006
542.0878473754995
567.4717756730009
555.1272972650011
562.6653586265008
568.4720811589993
505.5525707285016
539.1922326590001
548.9167155185002
593.0698731185006
590.040700580001
579.049446512001
575.3192431025002
574.995250181001
611.0437004255002
579.2197360474995
602.3308381265015
585.7879500829999
589.5180162200011
579.0308696165004
567.1092727459998
576.2706809960006
585.7167718774988
594.0313889240006
601.6466645300004
615.1862654524991
611.9409296000007
588.1751693975008
619.41689615
580.2058915580004
619.4799621290001
620.1069650930004
636.7463876000007
605.2532575970001
598.2379910974994
605.1867307355001
635.4813092420011
620.1546103234996
629.7542673184996
614.8465202765001
