
Good
Feature: [0, 101, 7]

States: [array([-125.99512404,   -0.70784644,  -45.46444564,   -0.48734093,
         -9.04500932,   -3.88979061]), array([-1.26677378e+02, -4.69212963e-01, -4.60424745e+01,  3.98371616e-02,
       -5.77010887e+00, -1.70608850e+01]), array([-127.13918299,   -0.30460073,  -45.97691127,    1.00663649,
         -5.08785445,  -16.48285615]), array([-1.27459110e+02, -1.28599596e+00, -4.49431274e+01, -7.99885222e-02,
       -4.62604991e+00, -1.65484193e+01]), array([-128.78184302,   -1.57634202,  -45.12553859,   -0.3380168 ,
         -4.3061229 ,  -17.58220326]), array([-130.32048935,   -0.24021323,  -45.48350611,   -0.921478  ,
         -2.98338989,  -17.39979203]), array([-130.51305102,   -1.16747508,  -46.38650178,   -1.71431821,
         -1.44474356,  -17.0418245 ]), array([-1.31713079e+02, -3.18768771e-02, -4.80592583e+01, -5.83606276e-01,
       -1.25218189e+00, -1.61388288e+01]), array([-1.31806020e+02, -1.01884420e+00, -4.86390638e+01, -1.52553586e+00,
       -5.21542848e-02, -1.44660723e+01]), array([-1.32896379e+02, -1.75062028e+00, -5.02361552e+01, -2.16345432e+00,
        4.07871518e-02, -1.38862668e+01]), array([-134.68945208,   -1.38933126,  -52.38384485,   -1.1441439 ,
          1.13114585,  -12.28917542]), array([-136.09543522,   -0.15727131,  -53.46951301,   -1.71716199,
          2.92421917,  -10.14148576]), array([-136.35211208,    0.8960444 ,  -55.23980201,   -0.61685524,
          4.33020231,   -9.0558176 ]), array([-135.4523329 ,    1.76515554,  -55.89673043,   -1.43813025,
          4.58687917,   -7.28552861]), array([-133.71996826,    0.64826194,  -57.35850744,   -0.23344016,
        -16.05147925,  -21.22994158]), array([-1.33080874e+02, -1.02645338e-01, -5.76207364e+01,  4.04141864e-01,
       -1.77838439e+01, -1.97681646e+01]), array([-133.18955021,    0.91577549,  -57.32355066,   -0.63680986,
        -18.4229379 ,  -19.50593557]), array([-132.27945376,    0.19864938,  -58.00687549,    0.50593476,
        -18.31426194,  -19.80312134]), array([-132.06978455,   -0.80703278,  -57.53834239,    1.36504314,
        -19.2243584 ,  -19.11979652]), array([-1.32782266e+02, -1.61812238e+00, -5.62200171e+01,  4.69725602e-02,
       -1.94340276e+01, -1.95883296e+01]), array([-134.38126168,   -0.99400409,  -56.12310206,   -1.02239746,
        -18.72154629,  -20.90665495]), array([-1.35514053e+02,  1.25674996e-01, -5.70274265e+01, -1.84206858e+00,
       -1.71225505e+01, -2.10035699e+01]), array([-135.37762164,    1.1417716 ,  -58.83339316,   -2.4600707 ,
        -15.98975914,  -20.09924554]), array([-134.18733445,    1.91342337,  -61.34747952,   -3.03995007,
        -16.12619051,  -18.29327884]), array([-132.23260258,    2.52255104,  -64.46992144,   -3.38845414,
        -17.3164777 ,  -15.77919248]), array([-129.78123475,    2.99526353,  -67.85684164,   -3.69740024,
        -19.27120957,  -12.65675056]), array([-126.77178848,    3.30820403,  -71.54383975,   -3.95272611,
        -21.72257741,   -9.26983037]), array([-123.427186  ,    3.64217421,  -75.4738611 ,   -4.19151409,
        -24.73202367,   -5.58283225]), array([-119.80292481,    3.9404493 ,  -79.66689016,   -4.3677144 ,
         10.57786226,  -23.05438952]), array([-115.90793142,    4.14300419,  -84.09679156,   -4.48502469,
          6.95360107,  -18.86136046]), array([-111.82594136,    4.30505645,  -88.57514954,   -4.61295553,
          3.05860768,  -14.43145906]), array([-107.56440568,    2.48812361,  -93.17321572,   -4.65417861,
         -1.02338238,   -9.95310108]), array([-105.05196583,    0.92911737,  -97.83709235,   -4.7419629 ,
         -5.28491805,   -5.3550349 ]), array([-104.12238836,   -0.20728818, -102.49758445,   -4.85055286,
        -18.82521874,  -29.0096013 ]), array([-104.35945871,   -1.2129855 , -107.25501077,   -4.88533353,
        -19.75479621,  -24.34910919]), array([-105.5476109 ,   -1.99993693, -112.12086068,   -4.87319953,
        -19.51772586,  -19.59168287]), array([-107.4542834 ,   -2.38968073, -116.95265902,   -2.97871366,
        -18.32957367,  -14.72583296]), array([-109.85201657,   -2.87535402, -119.89125113,   -1.38800535,
        -16.42290117,   -9.89403462]), array([-1.12805790e+02, -3.27465998e+00, -1.21327349e+02, -8.63490245e-02,
       -1.40251680e+01, -6.95544251e+00]), array([-116.12810822,   -3.62422856, -121.51260665,    0.85745765,
        -11.07139416,   -5.51934447]), array([-119.72367307,   -3.8617245 , -120.65915394,    1.66254141,
         -7.74907635,   -5.33408699]), array([-123.61301662,   -4.0392989 , -119.09425472,    2.24371008,
        -31.78013909,   43.53248193]), array([-127.70619131,   -4.2179666 , -116.8962026 ,    1.65771599,
        -27.89079553,   41.96758272]), array([-131.99053212,   -4.45504093, -115.15582258,    0.29110276,
        -23.79762085,   39.7695306 ]), array([-136.40902703,   -4.47058115, -114.87540775,    1.28149122,
        -19.51328003,   38.02915057]), array([-140.88263185,   -4.01850169, -113.6068214 ,    2.01061976,
        -15.09478512,   37.74873575]), array([-145.01374222,   -3.45044071, -111.58323266,    2.59575894,
        -10.6211803 ,   36.48014939]), array([-148.47740366,   -2.88766371, -109.02899354,    3.0881329 ,
         -6.49006993,   34.45656065]), array([-151.39791075,   -2.28828071, -105.99709876,    3.42776818,
         -3.02640849,   31.90232154]), array([-1.53706420e+02, -1.62659200e+00, -1.02600756e+02,  3.73394627e+00,
       -1.05901403e-01,  2.88704268e+01]), array([-155.29610868,   -1.16025017,  -98.85311919,    3.98127785,
          2.2026083 ,   25.47408359]), array([-156.50598183,   -0.62308666,  -94.89958261,    4.19845542,
          3.79229653,   21.72644719]), array([-1.57175963e+02,  4.28101635e-02, -9.06744085e+01,  4.34002950e+00,
        5.00216968e+00,  1.77729106e+01]), array([-157.15735181,    1.0711933 ,  -86.35624699,    4.28976324,
          5.67215118,   13.54773647]), array([-156.05827498,    1.8392686 ,  -82.04893206,    4.45380027,
          5.65353966,    9.22957498]), array([-154.1879874 ,    2.47121219,  -77.60755952,    2.82989134,
          4.55446283,    4.92226006]), array([-151.69179346,    1.4256908 ,  -74.68946288,    3.20638975,
         -9.09669433,   13.22314199]), array([-150.35281957,    0.15857404,  -71.47449894,    3.54869533,
        -11.59288827,   10.30504535]), array([-150.30673923,   -0.88489899,  -67.94510716,    3.82535632,
        -12.93186217,    7.09008141]), array([-151.17312212,   -1.76197336,  -64.08906455,    2.10944449,
        -12.9779425 ,    3.56068963]), array([-153.04474593,   -2.42073229,  -62.03065542,    0.59861736,
        -12.11155961,   -0.29535298]), array([-155.4805912 ,   -2.98384419,  -61.38497296,   -0.50948272,
        -10.23993581,   -2.35376211]), array([-158.484132  ,   -3.32476429,  -61.91430277,   -1.42937414,
         -7.80409053,   -2.99944457]), array([-161.82236647,   -2.48939151,  -63.33120506,   -2.18153384,
         11.81285322,   58.52705135]), array([-164.44229363,   -2.25964103,  -65.55387969,   -0.75454281,
         15.15108769,   59.94395363]), array([-166.74744535,   -2.48990509,  -66.3526172 ,    0.42158822,
         17.77101485,   62.16662826]), array([-169.21118365,   -1.83175211,  -65.95934731,    1.33961461,
         20.07616657,   62.96536577]), array([-171.0428882 ,   -1.19661383,  -64.63003489,    2.05309617,
         22.53990487,   62.57209588]), array([-172.29881444,   -0.70279039,  -62.6450102 ,    2.65318048,
         24.37160942,   61.24278346]), array([-1.72994210e+02, -1.51676049e-01, -5.99691560e+01,  3.11018020e+00,
        2.56275357e+01,  5.92577588e+01]), array([-173.1583951 ,    0.38837058,  -56.96757408,    3.60553785,
         26.32293153,   56.58190456]), array([-172.88769402,    0.82861733,  -53.32295927,    3.80894866,
         26.48711632,   53.58032265]), array([-172.0099853 ,    1.23701903,  -49.49278266,    3.92540382,
         26.21641524,   49.93570784]), array([-170.78090945,    1.66761179,  -45.48059821,    4.14681873,
         25.33870652,   46.10553123]), array([-169.15488522,    2.19475423,  -41.35705287,    4.22682124,
         24.10963067,   42.09334678]), array([-166.9350586 ,    2.7189352 ,  -37.1833067 ,    4.37004824,
         22.48360644,   37.96980144]), array([-164.17105897,    3.2024221 ,  -32.77917288,    4.30788606,
         20.26377982,   33.79605527]), array([-160.89141813,    3.59485408,  -28.48043201,    4.45755994,
         17.49978019,   29.39192145]), array([-157.34643993,    3.56029525,  -24.07736573,    2.58823785,
         14.22013935,   25.09318058]), array([-153.78828795,    3.71696271,  -21.54245281,    3.05030391,
         10.67516115,   20.6901143 ]), array([-150.13021691,    3.65544138,  -18.45617855,    3.42735309,
          7.11700917,   18.15520138]), array([-146.45949816,    3.26265261,  -15.00951231,    3.7515755 ,
          3.45893813,   15.06892712]), array([-143.0882277 ,    2.85268388,  -11.28346115,    4.05901687,
         -0.21178062,   11.62226088]), array([-140.23308684,    2.26986665,   -7.25575108,    4.2173133 ,
         -3.58305108,    7.89620972]), array([-138.01208439,    1.67170402,   -2.95080967,    4.46087353,
         33.7953989 ,   10.6665142 ]), array([-136.36408961,    1.18675816,    1.46484119,    4.58436088,
         31.57439644,    6.36157279]), array([-135.18758778,    0.61760138,    6.02909961,    4.61129977,
         29.92640167,    1.94592193]), array([-1.34573097e+02, -9.88224946e-02,  1.06944692e+01,  4.73505113e+00,
        2.87498998e+01, -2.61833649e+00]), array([-1.34617918e+02, -9.51895608e-02,  1.53696583e+01,  4.76494693e+00,
        2.81354093e+01, -7.28370607e+00]), array([-134.70435527,   -0.17418944,   20.11615329,    4.79586411,
         28.18022974,  -11.95889519]), array([-134.88219089,    0.68120401,   24.86394636,    4.89560306,
         28.26666732,  -16.70539017]), array([-134.22803731,    0.66560338,   29.77026109,    4.8897066 ,
         28.44450295,  -21.45318324]), array([-133.53404682,    0.69849098,   34.71623065,    4.94715979,
         27.79034936,  -26.35949797]), array([-132.87461086,    1.00740559,   39.69054961,    4.95167654,
         23.68009965,   33.36253633]), array([-131.83097707,    1.34866335,   44.60245084,    4.91674509,
         23.02066369,   28.38821737]), array([-130.51334427,    1.85073605,   49.50930832,    4.88796484,
         21.9770299 ,   23.47631614]), array([-128.57604867,    2.62515349,   54.41247476,    4.30976754,
         20.6593971 ,   18.56945866]), array([-125.95658081,    3.09378222,   58.75224083,    2.4519618 ,
         18.7221015 ,   13.66629223]), array([-122.83124809,    3.53397572,   61.08249055,    2.61758375,
         16.10263365,    9.32652615]), array([-119.28761816,    3.81860673,   63.72898245,    2.77416792,
         12.97730092,    6.99627643]), array([-1.50674059e-02, -5.00663858e-02,  2.82804974e-02,  1.95232727e-03,
       -9.45114460e+01, -4.69733231e+01])]

Trash Locations: [(-123.87718457088081, -126.84669364156034), (-151.50381215347562, -77.12667200595988), (-163.2846817313251, -64.38441752720684), (-133.92392330302766, -50.206977909977155), (-109.85394716453186, 68.07876698312151), (-131.76523290899308, -62.5253306191417), (-106.43768794461451, 3.410763119594179), (-112.8493237372625, -98.52825062250342), (-94.51144604554219, -46.973323098331605), (-146.6712787803516, -3.38725142896223)]
Bad
Feature: [0, 101, 7]

States: [array([-123.41427077,    1.23885101,  -46.36820482,    0.12672871,
         -9.02705009,   -7.55247685]), array([-122.21142976,    0.76171753,  -46.21545046,    1.03756864,
        -10.50965253,   -3.83877309]), array([-121.45506083,   -0.41875857,  -45.24740796,   -0.18622772,
        -11.71249354,   -3.99152745]), array([-121.97730782,   -1.35280713,  -45.46640656,   -1.18629474,
        -12.46886248,   -4.95956995]), array([-123.32033965,   -2.02922777,  -46.64267822,   -1.83051032,
        -11.94661549,   -4.74057135]), array([-125.37527484,   -2.74749215,  -48.48085639,   -2.43218358,
        -10.60358365,   -3.56429969]), array([-128.20708747,   -3.16127807,  -50.89133206,   -3.02255663,
         -8.54864846,   -1.72612152]), array([-131.34176979,   -3.52787985,  -53.93122729,   -3.42994604,
         -3.55814544,  -11.63399856]), array([-134.93260092,   -3.87408607,  -57.32838775,   -3.82895309,
         -0.42346312,   -8.59410333]), array([-138.7858171 ,   -4.08905268,  -61.15871493,   -4.01184289,
        -16.57121123,  -19.79828425]), array([-142.96452882,   -4.27447594,  -65.2364567 ,   -4.20509142,
        -12.71799505,  -15.96795708]), array([-147.23191055,   -4.38573173,  -69.46567191,   -4.41585738,
         -8.53928333,  -11.8902153 ]), array([-151.64913849,   -4.52513446,  -73.84225402,   -2.48176944,
         -4.27190161,   -7.6610001 ]), array([-156.17417535,   -3.13562135,  -76.24652973,   -0.93573723,
        -11.63554324,    9.4578365 ]), array([-159.21189024,   -2.94602702,  -77.19490119,    0.20696537,
         -7.11050638,   11.8621122 ]), array([-162.14311468,   -2.65844476,  -76.96487183,    1.10902154,
         -4.07279149,   12.81048366]), array([-164.84506927,   -2.43824493,  -75.91374831,    1.89601532,
         -1.14156705,   12.58045431]), array([-167.34085778,   -1.56968227,  -73.93331794,    2.55845726,
          1.56038754,   11.52933079]), array([-168.90913583,   -0.4676825 ,  -71.3714845 ,    3.08686058,
          4.05617605,    9.54890041]), array([-169.35789591,    0.68160366,  -68.30602152,    3.47096635,
          5.6244541 ,    6.98706698]), array([-168.72600459,    1.52609666,  -64.86824032,    3.48938122,
         56.50857218,  -30.2222291 ]), array([-167.12100619,    2.26143262,  -61.28828043,    1.769108  ,
         55.87668086,  -33.6600103 ]), array([-164.7927465 ,    2.8340584 ,  -59.53621719,    0.36258466,
         20.44972741,   57.901029  ]), array([-161.96951969,    3.25878361,  -59.12428733,   -0.66618817,
         18.12146772,   56.14896576]), array([-158.78363002,    1.59808716,  -59.72115635,   -1.56701007,
         15.29824091,   55.7370359 ]), array([-157.17303165,    0.3170607 ,  -61.2856504 ,   -2.23361864,
         12.11235124,   56.33390492]), array([-156.86766938,   -0.7710364 ,  -63.5586832 ,   -2.64210846,
         44.32370791,  -37.24260022]), array([-157.75101271,    0.37852233,  -66.21447824,   -3.05971259,
         44.01834565,  -34.96956743]), array([-157.3586274 ,    1.36377715,  -69.27036251,   -3.52572764,
         44.90168897,  -32.31377239]), array([-155.89105764,    2.12058479,  -72.86239276,   -3.84631039,
         44.50930366,  -29.25788811]), array([-153.80176296,    2.75396011,  -76.75238229,   -3.58871359,
         43.0417339 ,  -25.66585787]), array([-151.12699883,    3.09141026,  -80.32475394,   -3.31522131,
         40.95243923,  -21.77586833]), array([-148.10140375,    3.53401137,  -83.74684106,   -2.85463774,
         38.27767509,  -18.20349669]), array([-144.55376762,    3.89360383,  -86.6916104 ,   -3.0065137 ,
         35.25208002,  -14.78140956]), array([-140.64905285,    4.18089909,  -89.59494338,   -2.85617871,
         31.70444388,  -11.83664022]), array([-136.46396832,    4.31936809,  -92.42580175,   -2.77763391,
         27.79972911,   -8.93330725]), array([-132.15025896,    4.51750605,  -95.17679637,   -2.6131621 ,
         23.61464458,   -6.10244887]), array([-127.62050463,    4.57932337,  -97.79786868,   -2.26135161,
         19.30093522,   -3.35145425]), array([-123.13346446,    4.69603185, -100.07334054,   -1.83211445,
         14.77118089,   -0.73038194]), array([-118.43980142,    4.71004431, -101.88089846,   -1.02894449,
         10.28414072,    1.54508991]), array([-113.73308664,    4.78776602, -102.93204314,   -0.62950438,
          5.59047768,    3.35264783]), array([-1.08937697e+02,  4.74144020e+00, -1.03518176e+02, -9.14155929e-03,
       -1.01440979e+01, -2.39146505e+01]), array([-104.20547518,    2.74100491, -103.59639143,   -1.04072253,
        -14.9394875 ,  -23.32851765]), array([-101.52114425,    1.19210876, -104.61435269,   -1.78731973,
        -19.67170939,  -23.25030221]), array([-1.00414249e+02, -7.05658878e-02, -1.06385228e+02, -2.43628515e+00,
       -2.23560403e+01, -2.22323409e+01]), array([-100.47598848,   -0.98344358, -108.82430712,   -2.94570611,
        -23.46293602,  -20.46146549]), array([-101.45010449,   -1.72207511, -111.75162521,   -3.32804957,
        -23.40119609,  -18.02238652]), array([-103.15032834,   -2.34777379, -115.10234331,   -3.74034716,
        -22.42708008,  -15.09506843]), array([-105.44549424,   -2.91860262, -118.78973508,   -3.9841724 ,
        -20.72685623,  -11.74435033]), array([-108.30557651,   -3.37781155, -122.83560698,   -4.15094057,
        -18.43169033,   -8.05695856]), array([-111.75570926,   -3.68678334, -126.91652681,   -4.22343546,
        -15.57160807,   -4.01108666]), array([-1.15433825e+02, -3.81134726e+00, -1.31187807e+02, -4.38967036e+00,
       -1.21214753e+01,  6.98331703e-02]), array([-119.22525675,   -3.59695381, -135.57391529,   -2.54755014,
         -8.44335964,    4.34111342]), array([-122.79319835,   -3.14067757, -138.13627858,   -1.07251827,
         24.7138107 ,   88.60059219]), array([-125.94589387,   -2.25104912, -139.20974573,    0.18270395,
         28.2817523 ,   91.16295548]), array([-128.28493397,   -1.49987915, -138.96898588,    1.17548123,
         31.43444782,   92.23642263]), array([-129.84443635,   -0.84536413, -137.76696924,    1.90358481,
         33.77348792,   91.99566278]), array([-130.59758877,   -0.29685061, -135.80930324,    2.56107922,
         35.3329903 ,   90.79364614]), array([-130.84807104,    0.714952  , -133.22300499,    2.87672098,
         36.08614273,   88.83598014]), array([-130.1230812 ,    1.53351957, -130.3121391 ,    2.59695492,
         36.336625  ,   86.24968189]), array([-128.5985754 ,    2.20167422, -127.70510422,    2.37283664,
         35.61163515,   83.338816  ]), array([-126.39482558,    2.64602412, -125.32249012,    2.02452217,
         34.08712935,   80.73178112]), array([-123.77197212,    3.11317595, -123.24341822,    1.5417858 ,
         31.88337954,   78.34916702]), array([-120.64737166,    3.3522469 , -121.75750802,    2.25715916,
         29.26052607,   76.27009512]), array([-117.22127226,    2.95131457, -119.46189253,    2.79929951,
         26.13592562,   74.78418492]), array([-114.37404598,    2.47543223, -116.70341922,    3.199667  ,
         22.70982622,   72.48856943]), array([-111.88049531,    1.95677331, -113.54477355,    3.54356311,
         19.86259993,   69.73009612]), array([-109.91748962,    1.03668347, -110.01582326,    3.89775493,
         17.36904926,   66.57145045]), array([-1.08845686e+02,  2.80416085e-02, -1.06101780e+02,  4.15857591e+00,
        1.54060436e+01,  6.30425002e+01]), array([-108.83849726,   -0.98907101, -101.94250954,    2.68432985,
         14.33423998,   59.12845663]), array([-109.82504999,   -1.72160575,  -99.27768476,    1.17535154,
         14.32705121,   54.96918644]), array([-1.11499321e+02, -2.42576084e+00, -9.81368264e+01, -1.10724304e-01,
        1.53136039e+01,  5.23043617e+01]), array([-113.89559985,   -2.96374779,  -98.2551889 ,   -1.05678471,
         16.98787482,   51.16350335]), array([-116.82355677,   -3.10364474,  -99.31691601,    0.15763347,
         19.38415381,   51.28186581]), array([-119.88771175,   -2.68432319,  -99.16132561,    1.12231873,
         22.31211072,   52.34359291]), array([-122.59291851,   -2.37763795,  -98.03615037,    1.87932927,
         25.37626571,   52.18800251]), array([-124.8804631 ,   -2.07709433,  -96.08303237,    2.57460053,
         28.08147247,   51.06282727]), array([-127.02774875,   -1.80331963,  -93.51320014,    3.08880457,
         30.36901706,   49.10970927]), array([-128.83257627,   -1.48843784,  -90.49287793,    3.38494842,
         32.51630271,   46.53987704]), array([-130.36850024,   -1.20193909,  -87.13543401,    3.74767686,
         34.32113023,   43.51955483]), array([-131.53888886,   -0.89406066,  -83.36141663,    4.04284555,
         35.85705419,   40.16211092]), array([-132.43795296,   -0.62534581,  -79.31249198,    4.30310544,
         37.02744281,   36.38809353]), array([-133.06947803,   -0.28936484,  -75.05752655,    4.39967398,
         37.92650692,   32.33916888]), array([-133.3891304 ,   -0.18080781,  -70.71314043,    4.50468845,
         38.55803198,   28.08420345]), array([-1.33511343e+02,  8.44451144e-02, -6.62468714e+01,  4.65988133e+00,
        3.88776844e+01,  2.37398173e+01]), array([-133.38051168,    0.22844546,  -61.53565543,    4.6633723 ,
         38.99989703,   19.27354832]), array([-133.11673682,    0.31896496,  -56.87339048,    4.77126607,
         38.86906564,   14.56233233]), array([-132.77055053,    0.48417713,  -52.08642104,    4.71856773,
         38.60529077,    9.90006738]), array([-132.32378564,    0.76009118,  -47.31004893,    4.70622652,
         38.25910449,    5.11309795]), array([-131.51848734,    0.16641858,  -42.64372671,    4.74586296,
         37.8123396 ,    0.33672583]), array([-131.2908236 ,   -0.43294292,  -37.83298222,    4.83537622,
         37.00704129,   -4.32959639]), array([-131.74408533,   -1.41686981,  -32.95942335,    4.85042613,
        -15.38045518,   34.44573079]), array([-133.18291068,   -2.16549046,  -28.0810932 ,    4.87970597,
        -14.92719345,   29.57217192]), array([-135.31400439,   -2.82984607,  -23.21278514,    4.90418879,
        -13.4883681 ,   24.69384177]), array([-138.19953283,   -3.2209711 ,  -18.23242363,    4.93102826,
        -11.35727439,   19.82553371]), array([-141.34865375,   -3.57364785,  -13.28090366,    4.93112521,
         -8.47174595,   14.8451722 ]), array([-144.93260584,   -3.93756245,   -8.35925973,    5.0089968 ,
         -5.32262503,    9.89365223]), array([-148.88261545,   -4.14340621,   -3.29277216,    3.06846049,
         -1.73867294,    4.9720083 ]), array([-153.07003698,   -2.31806407,   -0.26131777,    3.38596391,
         42.44492751,    6.70353528]), array([-155.39284152,   -1.18139514,    3.07435776,    3.68619572,
         46.63234903,    3.67208088]), array([-2.72739085e-02,  1.45373799e-02, -3.96644615e-02, -5.78581046e-02,
       -9.45114460e+01, -4.69733231e+01])]

Trash Locations: [(-123.87718457088081, -126.84669364156034), (-151.50381215347562, -77.12667200595988), (-163.2846817313251, -64.38441752720684), (-133.92392330302766, -50.206977909977155), (-109.85394716453186, 68.07876698312151), (-131.76523290899308, -62.5253306191417), (-106.43768794461451, 3.410763119594179), (-112.8493237372625, -98.52825062250342), (-94.51144604554219, -46.973323098331605), (-146.6712787803516, -3.38725142896223)]