
Good
Feature: [0, 101, 0]

States: [array([-1.24413344e+02, -4.13455132e-02, -4.48288286e+01, -1.10871082e+00,
        5.03663268e+00, -5.33938770e+00]), array([ 5.68719452e-02, -3.75269900e-02,  5.37091480e-02,  1.32251041e-02,
       -1.20000000e+02,  3.00000000e+01]), array([ 1.73866632e-02,  9.47188225e-02,  4.27883885e-02, -1.06182852e-01,
       -1.20000000e+02,  3.00000000e+01]), array([ 1.25208099e-02,  5.79531968e-02, -7.29959941e-02,  3.02342425e-02,
       -1.20000000e+02,  3.00000000e+01]), array([-8.19464610e-02, -6.44107413e-02, -2.09739737e-02, -6.08511506e-02,
       -1.20000000e+02,  3.00000000e+01]), array([ 2.78737979e-02, -5.66607859e-02,  6.53451851e-02,  9.64147266e-02,
       -1.20000000e+02,  3.00000000e+01]), array([ 4.05916720e-02,  9.80109885e-03,  3.28204095e-02,  2.95845736e-02,
       -1.20000000e+02,  3.00000000e+01]), array([ 4.34606662e-02, -1.16532797e-02,  1.31904780e-02, -4.60187489e-03,
       -1.20000000e+02,  3.00000000e+01]), array([ 6.55188973e-02, -4.76889891e-02, -4.37735077e-02,  4.82093538e-02,
       -1.20000000e+02,  3.00000000e+01]), array([ 7.40862159e-03,  4.82140797e-02, -3.66547778e-02,  4.30011184e-02,
       -1.20000000e+02,  3.00000000e+01]), array([ 4.39460743e-02,  2.48486776e-02, -3.01879930e-02,  3.40114404e-02,
       -1.20000000e+02,  3.00000000e+01]), array([ 1.58326460e-02,  7.69947753e-03, -5.41631840e-02, -6.42719563e-02,
       -1.20000000e+02,  3.00000000e+01]), array([-1.78248749e-03,  4.68617332e-02,  5.15198349e-03, -5.92519482e-02,
       -1.20000000e+02,  3.00000000e+01]), array([ 1.15889450e-02, -3.00986555e-02,  5.43261907e-02,  2.20164340e-02,
       -1.20000000e+02,  3.00000000e+01]), array([-2.92847905e-03,  2.42773883e-02, -9.88676385e-03,  2.14273151e-02,
       -1.20000000e+02,  3.00000000e+01]), array([-3.24856663e-02, -3.25281360e-02, -6.56385812e-02,  3.16232633e-02,
       -1.20000000e+02,  3.00000000e+01]), array([-6.16260052e-02,  1.34667681e-02,  5.43015357e-02,  2.76484992e-02,
       -1.20000000e+02,  3.00000000e+01]), array([ 1.52190805e-03, -8.31697403e-02,  1.09324268e-01, -5.99941795e-03,
       -1.20000000e+02,  3.00000000e+01]), array([ 3.80561891e-02,  7.97957778e-02,  1.19545325e-01, -4.53755294e-02,
       -1.20000000e+02,  3.00000000e+01]), array([ 1.72004114e-02,  2.01079565e-02, -2.29320342e-02,  5.86736668e-02,
       -1.20000000e+02,  3.00000000e+01]), array([-1.58955582e-04, -4.92891801e-03,  1.56933428e-02, -4.99564948e-02,
       -1.20000000e+02,  3.00000000e+01]), array([-2.06510624e-02, -3.77030853e-02,  9.89027955e-02,  1.39437726e-02,
       -1.20000000e+02,  3.00000000e+01]), array([ 1.16485946e-01, -6.87781866e-03,  2.67268371e-02, -8.43969343e-02,
       -1.20000000e+02,  3.00000000e+01]), array([ 4.75036318e-02,  1.36097978e-02, -6.35704099e-02,  3.15817614e-02,
       -1.20000000e+02,  3.00000000e+01]), array([ 9.91908331e-02, -2.58113165e-02,  1.22829637e-01, -2.89219762e-02,
       -1.20000000e+02,  3.00000000e+01]), array([-9.91649796e-03, -2.49231817e-02, -3.25008877e-02, -8.90469581e-02,
       -1.20000000e+02,  3.00000000e+01]), array([-4.48827404e-02, -5.86262849e-02,  4.95148873e-02,  1.28903427e-02,
       -1.20000000e+02,  3.00000000e+01]), array([ 8.51268408e-03,  1.12131043e-02, -2.42065391e-02,  3.93876791e-02,
       -1.20000000e+02,  3.00000000e+01]), array([ 2.16098669e-02, -2.03058532e-02,  9.99123178e-03, -3.63793724e-02,
       -1.20000000e+02,  3.00000000e+01]), array([-4.14489545e-02, -2.18290374e-02, -3.65905567e-02, -1.55260427e-02,
       -1.20000000e+02,  3.00000000e+01]), array([-2.37467542e-02, -1.06035063e-02, -6.63797435e-04, -8.74250950e-02,
       -1.20000000e+02,  3.00000000e+01]), array([-8.52579292e-02, -4.36800776e-02, -1.04014035e-02,  9.15687928e-03,
       -1.20000000e+02,  3.00000000e+01]), array([ 7.75451911e-02, -5.78181686e-02,  2.75836557e-02,  5.29694798e-02,
       -1.20000000e+02,  3.00000000e+01]), array([-7.89117850e-02, -1.25315703e-02,  4.42682772e-02, -1.37543381e-02,
       -1.20000000e+02,  3.00000000e+01]), array([-1.14404457e-02,  2.54985305e-03, -9.08235990e-02,  8.81601096e-02,
       -1.20000000e+02,  3.00000000e+01]), array([ 4.86423938e-02, -8.40612311e-02,  5.40848616e-02, -1.06899358e-02,
       -1.20000000e+02,  3.00000000e+01]), array([-7.19682617e-02,  4.44129833e-02,  3.74036080e-02,  4.22210283e-02,
       -1.20000000e+02,  3.00000000e+01]), array([ 1.31653441e-01, -8.76594132e-02,  7.64638919e-02, -3.50579388e-02,
       -1.20000000e+02,  3.00000000e+01]), array([-1.17777821e-02,  1.59131652e-03,  6.76076823e-03,  2.50486416e-02,
       -1.20000000e+02,  3.00000000e+01]), array([ 2.36957860e-03,  3.00413470e-02,  3.80148351e-02,  4.86479855e-02,
       -1.20000000e+02,  3.00000000e+01]), array([ 4.80346026e-02, -2.57986239e-02, -1.73331217e-02, -9.03677761e-03,
       -1.20000000e+02,  3.00000000e+01]), array([-1.51739716e-02, -2.60662534e-02, -4.38805220e-03,  8.61133050e-02,
       -1.20000000e+02,  3.00000000e+01]), array([ 1.62254081e-02, -3.58364357e-02, -4.88192171e-03,  2.24537729e-02,
       -1.20000000e+02,  3.00000000e+01]), array([-3.34613315e-02, -6.33403569e-03, -4.64612200e-02, -1.34912049e-02,
       -1.20000000e+02,  3.00000000e+01]), array([-2.84923487e-03, -1.65633441e-02, -4.48850211e-02,  6.79500688e-02,
       -1.20000000e+02,  3.00000000e+01]), array([-6.06542598e-02, -1.98857576e-02, -5.46610544e-03,  1.84647559e-02,
       -1.20000000e+02,  3.00000000e+01]), array([ 5.39058522e-02, -1.09902785e-01, -1.30956131e-01, -7.83501166e-02,
       -1.20000000e+02,  3.00000000e+01]), array([ 9.39393772e-03,  5.94111132e-03,  9.43898798e-02,  1.15959819e-02,
       -1.20000000e+02,  3.00000000e+01]), array([ 1.28565092e-02, -3.67073774e-02,  1.72182943e-02, -3.93491893e-02,
       -1.20000000e+02,  3.00000000e+01]), array([-1.02138297e-02,  8.11550851e-02,  2.45687065e-02,  1.92423863e-02,
       -1.20000000e+02,  3.00000000e+01]), array([ 3.70668130e-02, -1.23638573e-03,  5.88591083e-02,  1.41556708e-02,
       -1.20000000e+02,  3.00000000e+01]), array([-3.78693679e-02,  1.00595190e-02,  8.29784648e-02,  9.46395761e-02,
       -1.20000000e+02,  3.00000000e+01]), array([ 2.18536706e-03,  5.88330033e-02,  1.28505811e-02,  7.32630086e-02,
       -1.20000000e+02,  3.00000000e+01]), array([ 2.46028217e-02, -1.62090143e-02, -6.85425857e-03,  4.49341528e-02,
       -1.20000000e+02,  3.00000000e+01]), array([ 5.38896412e-02,  1.90911878e-02, -5.53285138e-02,  1.59958752e-02,
       -1.20000000e+02,  3.00000000e+01]), array([ 3.50108166e-02,  7.64725038e-04, -7.77434947e-02, -2.80058030e-03,
       -1.20000000e+02,  3.00000000e+01]), array([-3.56202549e-02,  3.37347995e-02, -2.58030869e-03, -7.55922948e-03,
       -1.20000000e+02,  3.00000000e+01]), array([ 1.25671430e-02,  6.69730638e-02, -3.74711248e-02,  1.05815709e-01,
       -1.20000000e+02,  3.00000000e+01]), array([ 4.38881622e-02, -5.40126123e-02,  5.95587592e-02,  1.40662780e-02,
       -1.20000000e+02,  3.00000000e+01]), array([-7.79135870e-02,  5.94864256e-02, -4.26849227e-02,  1.07032309e-02,
       -1.20000000e+02,  3.00000000e+01]), array([ 1.18460624e-02, -7.94966156e-03, -2.59064110e-02,  1.37557737e-02,
       -1.20000000e+02,  3.00000000e+01]), array([ 5.08107182e-02, -1.19451483e-01,  5.45687835e-02, -3.80832172e-02,
       -1.20000000e+02,  3.00000000e+01]), array([ 5.66363688e-02,  1.14421883e-01, -1.13734440e-01, -3.09851017e-02,
       -1.20000000e+02,  3.00000000e+01]), array([-8.99467494e-03, -4.37341728e-02,  1.60645975e-02, -3.11145993e-02,
       -1.20000000e+02,  3.00000000e+01]), array([ 4.81460602e-02,  1.71340642e-02, -3.08388757e-02,  2.80253439e-02,
       -1.20000000e+02,  3.00000000e+01]), array([-5.52470577e-02,  4.85092460e-02, -2.50898493e-02,  7.61290969e-03,
       -1.20000000e+02,  3.00000000e+01]), array([-4.85071461e-02, -6.15305606e-02, -1.34751278e-01,  2.79200661e-02,
       -1.20000000e+02,  3.00000000e+01]), array([-3.35463414e-02,  1.53531261e-02,  4.45824091e-02,  5.82559510e-02,
       -1.20000000e+02,  3.00000000e+01]), array([ 8.69740723e-02, -1.84651260e-02,  4.60875215e-02,  1.33360046e-03,
       -1.20000000e+02,  3.00000000e+01]), array([-9.47238243e-02, -3.24363204e-02,  2.24670083e-02, -1.42688464e-02,
       -1.20000000e+02,  3.00000000e+01]), array([ 1.96021449e-02,  7.00949906e-02,  1.40068044e-01, -2.76186355e-02,
       -1.20000000e+02,  3.00000000e+01]), array([ 4.15617682e-02, -2.78489124e-03, -4.93830721e-02, -2.74401377e-02,
       -1.20000000e+02,  3.00000000e+01]), array([ 8.78530279e-02, -1.50763916e-02, -4.08119990e-02,  2.89005261e-02,
       -1.20000000e+02,  3.00000000e+01]), array([-3.40434543e-03,  5.28072070e-02, -3.56750572e-02, -4.74835802e-02,
       -1.20000000e+02,  3.00000000e+01]), array([ 8.42852779e-02, -3.13787959e-02, -3.19766954e-02, -1.62498589e-02,
       -1.20000000e+02,  3.00000000e+01]), array([-2.40266950e-02, -1.33906131e-01,  4.82283357e-03, -1.41512514e-02,
       -1.20000000e+02,  3.00000000e+01]), array([-5.65563819e-02,  1.38848857e-02,  3.85746317e-02, -7.66807762e-02,
       -1.20000000e+02,  3.00000000e+01]), array([ 5.29903981e-02,  1.40839909e-01,  1.59192587e-03, -1.91151643e-02,
       -1.20000000e+02,  3.00000000e+01]), array([-4.17144937e-03, -1.62428157e-02, -4.17204743e-02, -9.45261496e-03,
       -1.20000000e+02,  3.00000000e+01]), array([ 3.56283378e-02, -2.34602757e-02,  2.99473209e-02, -2.82716315e-02,
       -1.20000000e+02,  3.00000000e+01]), array([-2.35712392e-02,  7.11000920e-02, -5.97435278e-02, -7.23796624e-03,
       -1.20000000e+02,  3.00000000e+01]), array([-4.36326681e-02, -8.38617375e-03,  8.07589319e-02, -3.32808158e-02,
       -1.20000000e+02,  3.00000000e+01]), array([-4.01082956e-02, -1.29629244e-02, -7.29110580e-02,  2.20999743e-02,
       -1.20000000e+02,  3.00000000e+01]), array([-1.01164540e-02,  7.80342657e-03,  7.00134928e-02, -1.95650343e-02,
       -1.20000000e+02,  3.00000000e+01]), array([ 2.63202523e-02,  1.30286959e-03,  5.39606486e-02, -3.42677829e-02,
       -1.20000000e+02,  3.00000000e+01]), array([ 1.56927314e-02,  4.88280316e-02, -2.22979205e-02, -1.03188614e-01,
       -1.20000000e+02,  3.00000000e+01]), array([ 3.69335644e-02, -8.83851397e-03, -7.82928375e-03, -1.44630172e-01,
       -1.20000000e+02,  3.00000000e+01]), array([-1.01633384e-02, -1.32479750e-02, -1.05999727e-02,  1.90889388e-02,
       -1.20000000e+02,  3.00000000e+01]), array([-4.23539516e-02,  4.87820410e-02,  8.53811719e-03,  8.72679472e-02,
       -1.20000000e+02,  3.00000000e+01]), array([ 3.73483169e-02,  5.07345652e-02, -3.29136658e-02, -7.31705985e-02,
       -1.20000000e+02,  3.00000000e+01]), array([-4.89015537e-02, -9.48319433e-04, -5.13158908e-02, -5.02728582e-02,
       -1.20000000e+02,  3.00000000e+01]), array([ 2.94185348e-03, -6.89264896e-02,  1.15766022e-02, -1.82543168e-02,
       -1.20000000e+02,  3.00000000e+01]), array([-2.82572785e-03,  1.54805467e-02, -6.80045117e-02, -4.59878506e-03,
       -1.20000000e+02,  3.00000000e+01]), array([ 3.98582049e-02,  8.23098286e-02,  7.63286473e-03, -5.26948363e-02,
       -1.20000000e+02,  3.00000000e+01]), array([ 1.11102528e-01,  8.02827549e-05,  9.43440985e-03,  4.16092139e-03,
       -1.20000000e+02,  3.00000000e+01]), array([ 1.57038262e-02,  1.84016066e-02,  4.79350487e-02,  6.44305838e-02,
       -1.20000000e+02,  3.00000000e+01]), array([-9.60554386e-04, -1.04492857e-02, -7.55058476e-02, -9.13168876e-02,
       -1.20000000e+02,  3.00000000e+01]), array([ 5.39423340e-02, -6.12660784e-02, -1.05436650e-02, -5.05893800e-02,
       -1.20000000e+02,  3.00000000e+01]), array([-4.74247029e-02, -7.74418961e-02,  3.48637361e-02,  5.58291696e-03,
       -1.20000000e+02,  3.00000000e+01]), array([-1.65305114e-02, -5.12325624e-04, -1.50377780e-02, -1.75226674e-02,
       -1.20000000e+02,  3.00000000e+01]), array([-2.15441202e-02, -7.77624564e-02, -1.39106719e-02,  6.15109873e-02,
       -1.20000000e+02,  3.00000000e+01])]

Trash Locations: [(-140, -50), (-140, 30), (-120, -50), (-120, 30)]
Good
Feature: [0, 101, 0]

States: [array([-1.24142340e+02, -3.04314279e-02, -4.48932180e+01, -3.06769686e-01,
        4.86246582e+00,  6.90164388e-01]), array([-124.1548088 ,    0.51048735,  -45.23099922,   -1.31826697,
          4.92175487,    1.62508584]), array([-123.62643026,   -0.60617777,  -46.62343493,   -2.01992441,
          4.93422378,    1.96286703]), array([-124.1258858 ,   -1.50587227,  -48.60769414,   -2.6693681 ,
          4.40584523,    3.35530275]), array([-125.59347061,   -2.17680728,  -51.10145475,   -3.04565433,
          4.90530077,    5.33956195]), array([-127.79047237,   -2.74672396,  -54.15569308,   -3.46178141,
          6.37288559,    7.83332257]), array([-130.53267316,   -3.26435639,  -57.60958075,   -3.74996953,
          8.56988735,   10.88756089]), array([-133.8313741 ,   -3.63829494,  -61.36217851,   -3.93383194,
         11.31208813,   14.34144857]), array([-1.37379411e+02, -3.98550989e+00, -6.53010144e+01, -4.16816132e+00,
       -1.97567027e+01, -1.33693360e-01]), array([-141.32805557,   -2.87685026,  -69.53791815,   -4.28299138,
        -16.20866597,    3.80514253]), array([-144.13443817,   -1.17341658,  -73.82184757,   -4.41232347,
          2.640952  ,  -14.29272565]), array([-1.45344809e+02,  8.62575892e-02, -7.82533813e+01, -4.44310672e+00,
        5.44733460e+00, -1.00087962e+01]), array([-145.237769  ,    0.99075588,  -82.64001913,   -4.00262459,
          6.65770572,   -5.57726253]), array([-144.18320008,    1.72085458,  -86.73808525,   -2.45272094,
          6.55066543,   -1.19062467]), array([-142.43090694,    2.27684053,  -89.17388151,   -0.97786109,
          5.49609651,    2.90744145]), array([-140.24513354,    1.99537612,  -90.11274221,    0.30024409,
          3.74380337,    5.34323771]), array([-138.19521401,    2.12163404,  -89.82014322,    1.2635186 ,
          1.55802997,    6.28209841]), array([-136.09764608,    1.36912967,  -88.52079944,    2.05606097,
         -0.49188956,    5.98949942]), array([-134.77500932,    0.8848403 ,  -86.40702575,    2.60419843,
         -2.58945749,    4.69015564]), array([-133.93209223,   -0.30677715,  -83.70586493,    3.03248612,
         -3.91209425,    2.57638195]), array([-1.34258656e+02, -1.17192820e+00, -8.07436061e+01,  1.36334888e+00,
       -4.75501134e+00, -1.24778865e-01]), array([-1.35382108e+02, -1.99077618e+00, -7.93813301e+01,  1.00482909e-01,
       -4.42844725e+00, -3.08703774e+00]), array([-137.40193098,   -2.61970058,  -79.24135325,   -0.89287925,
         -3.30499594,   -4.44931369]), array([-140.05751241,   -3.13544728,  -80.1682724 ,   -1.70086509,
         -1.28517259,   -4.58929055]), array([-143.13683327,   -1.47374987,  -81.92773576,   -2.39001141,
          1.37040884,   -3.6623714 ]), array([-1.44610628e+02, -1.41324662e-01, -8.42894338e+01, -2.83737465e+00,
        4.44972970e+00, -1.90290804e+00]), array([-144.78116198,    0.90358492,  -87.07475487,   -3.29068605,
          5.92352398,    0.45879   ]), array([-143.91194155,   -0.38257641,  -90.31700517,   -3.66992847,
          6.09405841,    3.24411107]), array([-144.31177391,   -1.23308214,  -93.99025815,   -2.02444552,
          5.22483798,    6.48636137]), array([-145.46748505,   -1.68807496,  -95.9551972 ,   -0.5707975 ,
          5.62467034,   10.15961435]), array([-147.07947406,   -1.93966725,  -96.58734447,    0.63517795,
          6.78038148,   12.1245534 ]), array([-149.02655116,   -1.88598266,  -95.9436414 ,    1.52373323,
          8.39237049,   12.75670067]), array([-150.95572736,   -1.77181182,  -94.45261339,    2.19077982,
         10.33944759,   12.1129976 ]), array([-152.72507451,   -1.64615069,  -92.32957036,    2.84443175,
         12.26862379,   10.62196959]), array([-154.36251031,   -1.35786046,  -89.48217847,    3.2881796 ,
         14.03797094,    8.49892656]), array([-155.72395781,   -1.1219218 ,  -86.22995659,    3.67151087,
         -3.31454486,   14.07430243]), array([-156.85119492,   -0.91678278,  -82.55396433,    4.00600783,
         -1.95309736,   10.82208055]), array([-157.74308347,   -0.89963157,  -78.45679806,    4.21591254,
         -0.82586025,    7.14608829]), array([-1.58648901e+02, -5.40094058e-02, -7.42547168e+01,  4.30146527e+00,
        6.60283039e-02,  3.04892202e+00]), array([-1.58642064e+02, -9.03460129e-02, -7.00014001e+01,  4.46233366e+00,
        9.71845904e-01, -1.15315926e+00]), array([-1.58734521e+02,  4.40761756e-02, -6.56214189e+01,  4.49620624e+00,
        9.65008507e-01, -5.40647595e+00]), array([-158.72474059,    0.24121376,  -61.15179205,    4.61194572,
          5.14644417,    4.12554702]), array([-158.48054692,    0.40423977,  -56.45212876,    4.63368638,
          5.13666381,   -0.34407982]), array([-158.09422457,    0.509231  ,  -51.77979268,    4.72051549,
          4.89247013,   -5.04374311]), array([-157.62637589,    0.62122283,  -47.05532249,    4.79282858,
          4.50614779,   -9.7160792 ]), array([-157.05058595,    0.72890098,  -42.25011495,    4.80506159,
          4.03829911,  -14.44054938]), array([-156.24527862,    0.79859295,  -37.48064076,    4.83372069,
          3.46250916,  -19.24575692]), array([-155.41949696,    0.95720795,  -32.64398962,    4.75521984,
          2.65720183,  -24.01523111]), array([-154.43068732,    1.10493258,  -27.7650845 ,    4.79303445,
          1.83142017,  -28.85188225]), array([-153.29509131,    1.21798157,  -22.97998255,    4.91045306,
          0.84261054,  -33.73078737]), array([-152.04906241,    1.3746247 ,  -18.08592303,    4.97767649,
          8.45208844,   33.86130841]), array([-150.63514734,    1.35224623,  -13.08422276,    4.98319018,
          7.20605954,   28.96724889]), array([-149.25218722,    1.43245269,   -7.98557741,    4.97783321,
          5.79214447,   23.96554862]), array([-147.82527232,    1.45101655,   -3.04057473,    4.92068645,
          4.40918435,   18.86690327]), array([-146.34992775,    1.12715191,    1.87870081,    5.06102193,
          2.98226945,   13.92190059]), array([-145.26805063,    0.83474847,    7.00917783,    5.13578238,
          1.50692488,    9.00262505]), array([-144.45654248,    0.59020809,   12.01575472,    5.14166169,
          0.42504776,    3.87214803]), array([-143.76940851,    0.38047286,   17.15647963,    5.05239566,
         -0.3864604 ,   -1.13442886]), array([-1.43393610e+02,  6.21780953e-02,  2.21974387e+01,  5.03400544e+00,
       -1.07359437e+00, -6.27515377e+00]), array([-143.38397877,    0.98763609,   27.28797493,    3.89692337,
         -1.44939253,  -11.31611282]), array([-142.37319409,    1.73995121,   31.10933853,    2.13007724,
         -1.4590241 ,  -16.40664907]), array([-140.59038906,    2.32509099,   33.26021008,    0.70887955,
         -2.46980878,  -20.22801267]), array([-138.25810289,    2.89080158,   34.00152615,   -0.44701183,
         -4.25261381,  -22.37888422]), array([-135.35282325,    3.35339948,   33.56414023,   -1.28821693,
         -6.58489998,  -23.12020029]), array([-132.0039479 ,    3.78401019,   32.33913298,   -2.10266103,
         -9.49017962,  -22.68281437]), array([-128.23011533,    4.04278897,   30.22811658,   -2.63975223,
        -12.83905497,  -21.45780712]), array([-124.25610488,    4.25507312,   27.69572496,   -3.15556108,
        -16.61288754,  -19.34679072]), array([-120.01114965,    4.43256076,   24.57508511,   -3.47047977,
        -20.586898  ,  -16.8143991 ]), array([-115.6634869 ,    2.57706956,   21.12198536,   -3.76362456,
        -24.83185322,  -13.69375925]), array([-113.13177771,    1.05656699,   17.29039934,   -4.00303637,
         -5.96500194,  -29.28789197]), array([-112.09370835,   -0.19796802,   13.29148267,   -4.24666871,
         -8.49671114,  -25.45630595]), array([-112.32716792,   -1.19102624,    9.12972725,   -4.42812474,
         -9.5347805 ,  -21.45738928]), array([-113.48193132,   -1.9819906 ,    4.71365848,   -4.5437174 ,
         -9.30132092,  -17.29563386]), array([-115.56427427,   -2.61933836,    0.14956987,   -4.60306677,
         -8.14655753,  -12.87956509]), array([-118.13869165,   -3.08509545,   -4.45479612,   -4.76373925,
         -6.06421457,   -8.31547648]), array([-121.30153973,   -3.53073949,   -9.19810218,   -4.72390961,
         -3.4897972 ,   -3.71111049]), array([-124.84932405,   -3.74364965,  -13.89246774,   -4.71988914,
         -0.32694912,    1.03219557]), array([-128.59288683,   -3.98116346,  -18.66447578,   -4.72566526,
          3.2208352 ,    5.72656113]), array([-132.57175229,   -4.20227605,  -23.37854205,   -4.79989218,
          6.96439799,   10.49856917]), array([-136.78388493,   -4.2189153 ,  -28.188367  ,   -4.85464473,
         10.94326345,   15.21263544]), array([-141.05767521,   -4.36982278,  -32.97786433,   -4.95409723,
         17.5632999 ,  -15.07976519]), array([-145.399634  ,   -4.46107445,  -37.91017131,   -4.98027886,
         21.83709018,  -10.29026785]), array([-149.99460642,   -4.59060445,  -42.90919654,   -4.89685813,
         -8.18844278,  -23.58570056]), array([-154.53229457,   -4.65480792,  -47.71086463,   -4.92628701,
         -3.59347037,  -18.58667533]), array([-159.23466082,   -2.71420167,  -52.57798238,   -4.92145547,
          0.94421778,  -13.78500724]), array([-161.97770332,   -1.19677699,  -57.4987757 ,   -4.94737048,
          5.64658404,   -8.9178895 ]), array([-163.11901988,   -1.99908415,  -62.44113573,   -4.91084297,
          8.38962654,   -3.99709617]), array([-165.11333735,   -0.59366757,  -67.38959608,   -3.71820999,
          9.53094309,    0.94526386]), array([-165.69205012,    0.54155349,  -71.11002524,   -2.39771385,
          7.43628218,   -8.01827996]), array([-165.16720102,    1.49134146,  -73.52804373,   -0.99903857,
          8.01499496,   -4.2978508 ]), array([-163.78894423,    2.22427737,  -74.6068528 ,    0.17089007,
          7.49014586,   -1.87983231]), array([-161.60641623,    2.63014381,  -74.47528135,    1.0546556 ,
          6.11188906,   -0.80102324]), array([-159.06611543,    2.75668014,  -73.33119168,    1.80849545,
          3.92936107,   -0.93259469]), array([-156.39718177,    2.7250538 ,  -71.54756075,    2.49271489,
          1.38906026,   -2.07668436]), array([-153.58591785,    2.55762657,  -69.06951117,    2.97402696,
         -1.2798734 ,   -3.86031528]), array([-151.0111594 ,    2.23809036,  -66.16659622,    3.42708377,
         -4.09113732,   -6.33836487]), array([ 7.01201165e-03, -1.28473033e-02, -1.01627640e-02,  8.31610070e-02,
       -8.73934627e+01, -1.18788680e+01]), array([ 4.01925588e-02, -6.41939152e-03,  3.30330584e-02,  1.78502518e-02,
       -8.73934627e+01, -1.18788680e+01]), array([ 5.82237493e-02,  4.00800119e-02, -6.93261442e-02,  1.09133721e-01,
       -8.73934627e+01, -1.18788680e+01]), array([ 8.58881765e-02,  6.22876753e-03, -2.38739349e-02, -5.23269990e-02,
       -8.73934627e+01, -1.18788680e+01]), array([-6.54145293e-02,  2.56159971e-02, -6.07565348e-02, -4.21414392e-02,
       -8.73934627e+01, -1.18788680e+01])]

Trash Locations: [(-144.84300287142673, 10.881325859691202), (-87.39346267487676, -11.878867990331173), (-153.58807678572117, -61.49587187093168), (-119.2205850252183, -43.26813218402634), (-88.07803858779533, -51.28522890667438), (-99.08119040081826, -52.01396502269817), (-94.33688072618799, -7.621718525353458), (-121.62848884766352, -8.165906609710731), (-138.6871035692366, -83.83064379960412), (-157.67705516477236, -75.40787603724635)]
Good
Feature: [0, 101, 0]

States: [array([-1.25571363e+02,  7.84154131e-01, -4.59689254e+01,  4.84654335e-02,
        2.39334659e+01,  4.55160477e+00]), array([-124.83287798,    1.6840263 ,  -45.93315064,   -0.44340636,
         23.6819452 ,    6.96695723]), array([-123.08843814,    1.77072081,  -46.34452462,    0.70659225,
         22.94346   ,    6.93118244]), array([-121.33626943,    2.35689147,  -45.66910939,    0.72355769,
         21.19902016,    7.34255642]), array([-119.00857589,    2.92684805,  -44.9466018 ,    0.80713596,
         19.44685146,    6.66714119]), array([-116.05927066,    3.24668418,  -44.15713137,    0.8777512 ,
         17.11915791,    5.94463359]), array([-112.85849191,    3.60128822,  -43.31220394,    0.96300918,
         14.16985268,    5.15516317]), array([-109.29453986,    3.99439597,  -42.3246442 ,    1.05708323,
         10.96907393,    4.31023574]), array([-105.26791   ,    4.18617828,  -41.19522835,    1.07484152,
          7.40512188,    3.32267599]), array([-101.06177056,    4.32418917,  -40.12808864,    1.15552878,
          3.37849203,    2.19326014]), array([-96.81837007,   3.78041174, -38.87533283,   1.30470356,
        -0.82764742,   1.12612043]), array([-9.30273861e+01,  2.07291111e+00, -3.74757132e+01,  1.78171725e-02,
       -5.07104791e+00, -1.26635377e-01]), array([-90.97528924,   0.69241061, -37.43402284,  -1.0325734 ,
        -8.8620319 ,  -1.52625503]), array([-90.21522637,  -0.39202295, -38.54677152,  -1.67840043,
       -10.91412874,  -1.56794537]), array([-90.63718215,  -1.29007414, -40.20466197,  -2.3130945 ,
       -11.67419161,  -0.45519669]), array([-91.93273647,  -2.0926708 , -42.60254448,  -2.80927424,
       -11.25223583,   1.20269376]), array([-94.00902022,  -2.62505641, -45.41257258,  -3.33301905,
        -9.95668151,   3.60057627]), array([-96.65788883,  -3.10911377, -48.69835565,  -3.64117527,
        -7.88039776,   6.41060437]), array([-99.71642238,  -3.52902868, -52.35311053,  -3.86750369,
        -5.23152915,   9.69638744]), array([-103.25518683,   -3.77893669,  -56.23060913,   -4.12982386,
         -2.1729956 ,   13.35114232]), array([-107.03672214,   -3.97279896,  -60.31899466,   -4.37107114,
          1.36576885,   17.22864093]), array([-110.91658952,   -4.09621194,  -64.69280092,   -4.46557588,
          5.14730416,   21.31702645]), array([-115.07646528,   -4.15986366,  -69.10243001,   -4.44080797,
          9.02717154,   25.69083271]), array([-119.2411473 ,   -4.31644949,  -73.54625515,   -4.53594278,
         13.1870473 ,   30.1004618 ]), array([-123.4800946 ,   -4.47265711,  -78.11107977,   -4.61872363,
         17.35172932,   34.54428695]), array([-128.03715027,   -4.64907804,  -82.71323479,   -4.64632312,
         21.59067663,   39.10911156]), array([-132.62937162,   -4.72174932,  -87.37151783,   -4.68735197,
         26.14773229,   43.71126658]), array([-137.33119663,   -4.80727329,  -92.05206633,   -4.83983877,
        -42.17062072,  -35.22908586]), array([-142.1764956 ,   -4.84999637,  -96.85609896,   -4.84551011,
        -37.46879571,  -30.54853737]), array([-147.04689888,   -4.86175507, -101.69251321,   -4.8921715 ,
        -32.62349674,  -25.74450473]), array([-151.9022271 ,   -4.94245599, -106.61240101,   -4.92539539,
        -27.75309346,  -20.90809049]), array([-156.84947107,   -4.8922209 , -111.50716241,   -4.94206573,
        -22.89776524,  -15.98820269]), array([-161.72574512,   -4.93653331, -116.40188601,   -4.88968446,
        -17.95052127,  -11.09344128]), array([-166.6111308 ,   -4.93927662, -121.29068957,   -4.88445387,
        -13.07424721,   -6.19871769]), array([-171.59623069,   -4.99311247, -126.24078728,   -4.59942393,
         -8.18886153,   -1.30991412]), array([-176.63380298,   -4.97543602, -130.76055812,   -2.61914019,
         -3.20376165,    3.64018359]), array([-181.60751657,   -4.26200967, -133.3659816 ,   -1.07317782,
          1.83381064,    8.15995442]), array([-1.85884583e+02, -2.85405253e+00, -1.34496074e+02,  6.83322726e-02,
        6.80752423e+00,  1.07653779e+01]), array([-188.77328528,   -1.61518073, -134.43108401,    1.09096001,
         11.08459099,   11.8954704 ]), array([-190.36395551,   -0.447556  , -133.3026323 ,    1.92236297,
         13.97329294,   11.83048031]), array([-190.83647571,    0.74566759, -131.35608319,    2.37075703,
         15.56396317,   10.70202861]), array([-190.16351256,    1.61967943, -128.909331  ,    2.72678576,
         16.03648337,    8.75547949]), array([-188.59928567,    1.75756091, -126.21748528,    3.19271226,
         15.36352022,    6.3087273 ]), array([-186.81902024,    2.3621133 , -122.94404476,    2.2794796 ,
         13.79929333,    3.61688158]), array([-184.41721969,    2.90738818, -120.66122304,    1.31705873,
         12.0190279 ,    0.34344106]), array([-181.53590873,    3.24125936, -119.29874564,    0.22013093,
          9.61722735,   -1.93938066]), array([-178.2453951 ,    3.60472334, -119.05660079,   -0.83456151,
          6.7359164 ,   -3.30185806]), array([-174.62318834,    3.85075162, -119.90471851,   -1.63568364,
          3.44540276,   -3.5440029 ]), array([-170.79309677,    3.89806888, -121.5247533 ,   -2.33424274,
         -0.176804  ,   -2.69588519]), array([-166.91412329,    2.10513858, -123.88638626,   -2.81660213,
         -4.00689556,   -1.07585039]), array([-164.82009516,    2.09457568, -126.64498991,   -1.19591834,
         -7.88586905,    1.28578256]), array([-1.62631812e+02,  1.53302732e+00, -1.27850919e+02,  2.46224224e-02,
       -9.97989718e+00,  4.04438622e+00]), array([-161.04613887,    1.11800129, -127.80341973,    0.95885905,
        -12.16818012,    5.25031485]), array([-159.8947478 ,    0.75803922, -126.82586577,    1.74779484,
        -13.75385347,    5.20281603]), array([-159.15558911,    0.48242362, -125.02461433,    2.37483331,
        -14.90524454,    4.22526207]), array([-158.7102644 ,    0.26063712, -122.66486282,    2.8468747 ,
        -15.64440322,    2.42401064]), array([-1.58516189e+02,  8.67544996e-02, -1.19833910e+02,  3.31921035e+00,
       -1.60897279e+01,  6.42591263e-02]), array([-1.58495192e+02, -7.26669193e-02, -1.16501894e+02,  3.73517767e+00,
       -1.62838037e+01, -2.76669354e+00]), array([-158.55503118,   -0.22661387, -112.7328672 ,    3.95199536,
        -16.3047999 ,   -6.09870968]), array([-158.79008679,   -0.32865465, -108.85523659,    4.18302509,
        -16.24496116,   -9.8677365 ]), array([-159.18501707,   -0.43087544, -104.6354767 ,    4.29357305,
        -16.00990555,  -13.74536711]), array([-159.64574119,   -0.58310047, -100.25473159,    4.45635393,
        -15.61497527,  -17.965127  ]), array([-160.24604248,   -0.6699576 ,  -95.7963698 ,    4.64025368,
        -15.15425114,  -22.34587211]), array([-160.95066806,   -0.80389923,  -91.14767243,    4.70437337,
        -14.55394986,  -26.8042339 ]), array([-161.64335588,   -0.90059203,  -86.46123888,    4.7106217 ,
        -13.84932428,  -31.45293127]), array([-162.5255532 ,   -1.02595437,  -81.73581315,    4.75560993,
        -13.15663646,  -36.13936482]), array([-163.53925457,   -1.12005292,  -76.99168953,    4.88966626,
        -12.26865216,   36.16052547]), array([-164.69502346,   -1.29275149,  -72.08208147,    4.92693869,
        -11.2549508 ,   31.41640185]), array([-165.98077774,   -1.47721555,  -67.21361424,    4.80999344,
        -10.0991819 ,   26.50679379]), array([-167.44206039,   -1.75610398,  -62.39762282,    4.78979206,
         -8.81342762,   21.63832655]), array([-169.18351471,   -1.99942714,  -57.58317394,    4.82750152,
         -7.35214498,   16.82233514]), array([-171.14480296,   -2.14321809,  -52.74587565,    4.82445345,
         -5.61069066,   12.00788626]), array([-173.26161222,   -2.43449841,  -47.93015027,    4.89467298,
         -3.6494024 ,    7.17058796]), array([-175.69762194,   -2.93766998,  -42.96617612,    4.00846967,
         -1.53259314,    2.35486258]), array([-178.71275455,   -1.8183606 ,  -38.91608781,    2.19087291,
          0.90341658,   -2.60911157]), array([-180.52963659,   -0.5082    ,  -36.78572444,    0.67153233,
          3.91854918,   -6.65919988]), array([-1.81116611e+02, -9.39776321e-02, -3.61621372e+01,  1.41655538e+00,
        5.73543123e+00, -8.78956324e+00]), array([-181.25288137,    0.22380635,  -34.76508708,    2.13060143,
          6.32240557,   -9.41315047]), array([-180.95022296,    0.3846686 ,  -32.6814714 ,    2.66573487,
          6.45867601,  -10.8102006 ]), array([-180.53487684,    1.25773707,  -30.04833055,    2.70569969,
          6.1560176 ,  -12.89381628]), array([-179.25567993,    2.02220637,  -27.3777919 ,    2.63764535,
          5.74067148,  -15.52695713]), array([-177.21503317,    2.6854477 ,  -24.71468699,    2.67836926,
          4.46147457,  -18.19749578]), array([-174.439685  ,    3.07534765,  -22.0266185 ,    2.51562806,
          2.42082781,  -20.86060069]), array([-171.39783942,    3.46535551,  -19.49501873,    2.32259877,
         -0.35452037,  -23.54866918]), array([-167.96376955,    3.77631126,  -17.17753348,    2.10993632,
         -3.39636594,  -26.08026895]), array([-164.22245755,    3.91441132,  -15.02443884,    1.85913079,
         22.36928589,    3.96942006]), array([-160.26585841,    4.12659206,  -13.1487568 ,    1.53861512,
         18.62797388,    1.81632541]), array([-1.56095728e+02,  4.29987119e+00, -1.15980653e+01,  4.20234147e-01,
        1.46713747e+01, -5.93566239e-02]), array([-151.74667497,    4.47044657,  -11.13747337,    0.23983411,
         10.50124481,   -1.61004808]), array([-1.47282830e+02,  4.65134207e+00, -1.09388611e+01, -3.61481080e-02,
        6.15219130e+00, -2.07064005e+00]), array([-142.66132725,    4.71821484,  -11.07284204,   -0.76163574,
          1.68834627,   -2.26925235]), array([-138.01376341,    3.43809012,  -11.79642355,   -1.61673464,
         -2.93315641,   -2.13527139]), array([-134.52897137,    1.75714508,  -13.41593465,   -2.25129065,
         -7.58072025,   -1.41168988]), array([-132.75443684,    0.37349766,  -15.5981223 ,   -2.38764469,
        -11.06551229,    0.20782123]), array([-132.41855484,   -0.79359546,  -17.98392898,   -0.93676959,
        -12.84004682,    2.39000887]), array([-133.26402528,   -1.68348472,  -18.9530682 ,    0.29011753,
        -13.17592882,    4.77581555]), array([-134.87511119,   -2.30502632,  -18.61900244,    1.28017771,
        -12.33045838,    5.74495477]), array([-137.1500074 ,   -2.92047041,  -17.3656393 ,    2.06354258,
        -10.71937247,    5.41088902]), array([-140.00225065,   -3.41721354,  -15.27362873,    2.69611867,
         -8.44447627,    4.15752588]), array([-143.47705744,   -3.40558609,  -12.58026739,    3.18080068,
         -5.59223301,    2.0655153 ]), array([-1.94979800e-05, -7.66788306e-02,  3.06181786e-02, -6.71173541e-02,
       -1.04023791e+02,  5.27730528e+00])]

Trash Locations: [(-127.33784039304521, 56.4505300615385), (-104.02379147263233, 5.277305280662716), (-135.27249795166975, 13.977254935699932), (-174.79999233847894, -122.6006036963405), (-174.7942053612332, -45.575287682422356), (-146.07857403941713, 71.88891522452246), (-145.59448366161502, -13.20811342502276), (-101.88941797923994, -39.001968207464756), (-154.30455292991235, 75.77458687844029), (-140.34587626779972, 52.174012186255965)]
Bad
Feature: [0, 101, 0]

States: [array([-124.56844902,    0.16124755,  -44.2222492 ,    1.18529295,
         24.54657624,    4.96387428]), array([-1.24366955e+02, -8.53584576e-01, -4.29804377e+01, -6.04501124e-02,
        2.26790310e+01,  5.22028099e+00]), array([ 9.69863836e-02,  5.22624210e-02, -2.87903789e-02,  1.14364930e-01,
       -1.04023791e+02,  5.27730528e+00]), array([ 1.52269828e-02,  3.92868303e-02, -7.21534881e-04,  2.02995060e-02,
       -1.04023791e+02,  5.27730528e+00]), array([-9.65817936e-02,  2.53074689e-02,  1.22210062e-01,  2.59857762e-02,
       -1.04023791e+02,  5.27730528e+00]), array([-1.27914891e-02,  2.84109257e-02,  5.09237743e-03, -9.04893007e-03,
       -1.04023791e+02,  5.27730528e+00]), array([-3.44570279e-03, -3.25881760e-02, -7.31141198e-02,  7.04572519e-03,
       -1.04023791e+02,  5.27730528e+00]), array([-3.66404488e-02,  2.50445509e-02, -1.31437423e-02, -8.81948683e-03,
       -1.04023791e+02,  5.27730528e+00]), array([-3.65033645e-03,  5.51273964e-03, -1.21661087e-02,  3.41145898e-03,
       -1.04023791e+02,  5.27730528e+00]), array([ 9.82787636e-02, -9.87241950e-03, -4.98623824e-02,  5.69504645e-02,
       -1.04023791e+02,  5.27730528e+00]), array([-4.82739095e-02, -5.03976433e-02, -1.30738891e-02, -2.93901455e-02,
       -1.04023791e+02,  5.27730528e+00]), array([ 9.19871486e-03, -2.99637769e-02, -1.99706456e-02,  1.97100693e-03,
       -1.04023791e+02,  5.27730528e+00]), array([ 6.88428567e-02,  8.32737693e-02, -8.30401378e-02,  7.44348623e-02,
       -1.04023791e+02,  5.27730528e+00]), array([ 6.74845365e-02, -4.08380247e-02, -2.92060191e-02,  9.09729783e-02,
       -1.04023791e+02,  5.27730528e+00]), array([-1.21568508e-01,  5.06221143e-02, -4.56004440e-02, -3.60816733e-02,
       -1.04023791e+02,  5.27730528e+00]), array([-1.50235189e-02,  1.04911731e-01, -4.59568830e-02,  2.09585823e-03,
       -1.04023791e+02,  5.27730528e+00]), array([-8.94267050e-02, -2.38118403e-02, -6.88941495e-02, -5.73175615e-02,
       -1.04023791e+02,  5.27730528e+00]), array([-3.68587689e-02,  3.06902677e-02,  8.73832748e-03, -1.45864209e-02,
       -1.04023791e+02,  5.27730528e+00]), array([-2.34286310e-04, -7.74238526e-02,  8.71033105e-02,  6.14295977e-02,
       -1.04023791e+02,  5.27730528e+00]), array([ 1.18865924e-01, -7.60061198e-03, -7.83944127e-02,  3.23131945e-02,
       -1.04023791e+02,  5.27730528e+00]), array([ 3.34425868e-02,  4.04944809e-02, -1.55222034e-02,  4.43216584e-02,
       -1.04023791e+02,  5.27730528e+00]), array([-3.26862304e-02,  5.16726518e-02,  9.59910119e-03,  3.19438282e-02,
       -1.04023791e+02,  5.27730528e+00]), array([ 2.32928804e-02, -7.43425113e-02, -4.90645208e-02, -2.95478721e-02,
       -1.04023791e+02,  5.27730528e+00]), array([-4.47509458e-02, -8.85916754e-03,  7.60552682e-02,  7.78694418e-02,
       -1.04023791e+02,  5.27730528e+00]), array([ 3.42890925e-02,  2.32020572e-02, -4.10129556e-02,  1.25716646e-02,
       -1.04023791e+02,  5.27730528e+00]), array([-5.63195384e-02, -1.36994137e-02,  7.77166104e-02, -5.91508885e-03,
       -1.04023791e+02,  5.27730528e+00]), array([ 2.07802042e-02, -3.65530202e-03,  5.24638084e-02, -5.00281250e-03,
       -1.04023791e+02,  5.27730528e+00]), array([-3.83007757e-02, -5.70283054e-02, -1.64301920e-02,  3.90557850e-02,
       -1.04023791e+02,  5.27730528e+00]), array([ 2.31981564e-02,  4.01447208e-02, -3.44409917e-03, -9.23342709e-02,
       -1.04023791e+02,  5.27730528e+00]), array([ 8.65603954e-02, -5.22960804e-02,  5.24470706e-02, -8.14834826e-04,
       -1.04023791e+02,  5.27730528e+00]), array([ 8.88878391e-02, -4.58830996e-02,  1.02424253e-01, -4.16150264e-02,
       -1.04023791e+02,  5.27730528e+00]), array([ 7.21578620e-02, -7.52508115e-02,  1.96989395e-02, -2.90179435e-02,
       -1.04023791e+02,  5.27730528e+00]), array([ 1.91079142e-02,  5.35693709e-02,  2.04546318e-02,  8.10867964e-02,
       -1.04023791e+02,  5.27730528e+00]), array([-1.83084392e-02,  8.77389390e-02, -2.08519198e-02, -2.54733551e-02,
       -1.04023791e+02,  5.27730528e+00]), array([-7.71394791e-02, -5.49419352e-02, -2.72586219e-02, -3.09952371e-02,
       -1.04023791e+02,  5.27730528e+00]), array([-5.92846061e-02, -4.99821299e-02, -5.87238373e-02,  1.75342256e-02,
       -1.04023791e+02,  5.27730528e+00]), array([ 3.52425711e-02, -1.31927516e-02, -8.99723129e-02,  3.67637261e-02,
       -1.04023791e+02,  5.27730528e+00]), array([-3.49771050e-02, -1.57505051e-02,  8.68166663e-02,  4.15582477e-02,
       -1.04023791e+02,  5.27730528e+00]), array([-2.58285133e-02,  1.60914852e-02,  2.91617920e-02, -5.40017680e-02,
       -1.04023791e+02,  5.27730528e+00]), array([-2.20320670e-02,  1.04967269e-01, -9.87402691e-02, -6.66958950e-02,
       -1.04023791e+02,  5.27730528e+00]), array([-5.06219329e-03, -7.77974253e-02,  2.17805157e-02, -3.39655877e-02,
       -1.04023791e+02,  5.27730528e+00]), array([-4.99892931e-02,  2.87361904e-03, -3.29163599e-03,  1.29144235e-02,
       -1.04023791e+02,  5.27730528e+00]), array([ 2.40396819e-03,  7.58696194e-02, -6.92877371e-02, -2.45837223e-02,
       -1.04023791e+02,  5.27730528e+00]), array([-6.75156882e-02, -2.41030362e-02,  2.40398972e-02, -2.22159250e-02,
       -1.04023791e+02,  5.27730528e+00]), array([-6.27841018e-02,  5.14150443e-03, -4.19455033e-02,  5.88610510e-02,
       -1.04023791e+02,  5.27730528e+00]), array([-1.69008972e-02, -5.76253975e-02,  3.20342071e-02,  3.77497323e-02,
       -1.04023791e+02,  5.27730528e+00]), array([-3.33235955e-02, -1.06118941e-01,  8.13615824e-04,  5.50829394e-03,
       -1.04023791e+02,  5.27730528e+00]), array([ 4.73364016e-02, -1.16997420e-02, -9.76233142e-04, -6.60575652e-04,
       -1.04023791e+02,  5.27730528e+00]), array([-2.38160192e-02,  3.38000613e-02, -1.82663104e-02, -1.77042855e-02,
       -1.04023791e+02,  5.27730528e+00]), array([ 2.41307901e-02,  1.65156281e-02, -2.76668024e-02, -1.01591581e-01,
       -1.04023791e+02,  5.27730528e+00]), array([-8.49287057e-02,  3.11485429e-02, -8.12012915e-02,  8.51640708e-02,
       -1.04023791e+02,  5.27730528e+00]), array([ 1.24706651e-04,  1.93486743e-02, -3.21198245e-03, -8.19335373e-02,
       -1.04023791e+02,  5.27730528e+00]), array([ 5.32994159e-02, -2.97922666e-03,  4.52296466e-02, -4.33678613e-02,
       -1.04023791e+02,  5.27730528e+00]), array([ 6.07929942e-02,  9.95991705e-02,  1.02915375e-01, -1.03808799e-01,
       -1.04023791e+02,  5.27730528e+00]), array([ 4.51297234e-02,  8.53985270e-03, -1.05927989e-01,  4.71996639e-02,
       -1.04023791e+02,  5.27730528e+00]), array([-1.76223723e-02,  5.74533449e-02, -9.17228186e-02, -4.81845134e-02,
       -1.04023791e+02,  5.27730528e+00]), array([-3.57261699e-02, -6.59725412e-02, -1.43403654e-02,  2.76603169e-02,
       -1.04023791e+02,  5.27730528e+00]), array([-1.52174961e-02,  7.19269646e-02,  2.81211995e-02, -3.23244207e-04,
       -1.04023791e+02,  5.27730528e+00]), array([ 5.37479730e-02,  6.82941700e-02, -6.81455667e-02,  5.51211336e-02,
       -1.04023791e+02,  5.27730528e+00]), array([ 5.36578073e-02, -1.44984413e-03, -2.43228387e-02,  2.49582408e-02,
       -1.04023791e+02,  5.27730528e+00]), array([-2.69320557e-02, -3.51152113e-02,  1.47008679e-03,  1.58236429e-02,
       -1.04023791e+02,  5.27730528e+00]), array([-1.50372936e-02, -1.86138485e-02,  2.42600135e-02,  8.32212222e-02,
       -1.04023791e+02,  5.27730528e+00]), array([ 5.46899819e-04,  1.47730765e-03, -7.27794654e-03, -6.19097816e-02,
       -1.04023791e+02,  5.27730528e+00]), array([ 6.61260749e-03,  2.08100978e-02, -1.11279359e-01, -1.02382495e-02,
       -1.04023791e+02,  5.27730528e+00]), array([ 2.12711959e-02,  2.77704720e-02,  5.99719519e-03,  1.04695507e-01,
       -1.04023791e+02,  5.27730528e+00]), array([ 1.83702401e-02, -1.31682750e-02, -6.81050762e-02, -2.24161615e-03,
       -1.04023791e+02,  5.27730528e+00]), array([-1.11121983e-03, -2.46987927e-02,  4.47401281e-02,  2.05361160e-02,
       -1.04023791e+02,  5.27730528e+00]), array([-3.62884216e-02,  4.58204392e-02,  4.15263746e-02, -2.57694687e-02,
       -1.04023791e+02,  5.27730528e+00]), array([ 1.39022852e-01, -1.78770568e-02, -4.25812837e-02,  6.75577024e-03,
       -1.04023791e+02,  5.27730528e+00]), array([-9.98766384e-02,  3.17530058e-03,  8.78119527e-02, -3.50707117e-02,
       -1.04023791e+02,  5.27730528e+00]), array([ 1.20644070e-02, -2.52857486e-03, -8.93734739e-03, -4.04634672e-02,
       -1.04023791e+02,  5.27730528e+00]), array([-6.85451991e-02, -6.71494143e-03, -4.65169988e-02, -8.13775585e-03,
       -1.04023791e+02,  5.27730528e+00]), array([ 3.82638178e-02, -1.88024750e-02,  3.19560972e-02,  1.41161767e-01,
       -1.04023791e+02,  5.27730528e+00]), array([-4.48385237e-02, -1.27166984e-01,  6.08798727e-02,  2.51889695e-02,
       -1.04023791e+02,  5.27730528e+00]), array([ 3.73810070e-02,  1.04757623e-01, -8.17723676e-02,  7.98796381e-04,
       -1.04023791e+02,  5.27730528e+00]), array([-8.01107447e-03,  4.99129878e-03, -1.83065714e-02, -5.11885661e-02,
       -1.04023791e+02,  5.27730528e+00]), array([-3.95864734e-02, -7.10309978e-02, -4.96565422e-02,  3.01790859e-02,
       -1.04023791e+02,  5.27730528e+00]), array([ 3.28614544e-02,  2.21875127e-02, -4.02663244e-03,  2.61896705e-02,
       -1.04023791e+02,  5.27730528e+00]), array([ 4.79757224e-03, -3.64958084e-02,  2.18869784e-02, -1.04880831e-01,
       -1.04023791e+02,  5.27730528e+00]), array([ 9.78652263e-02, -7.67140586e-03, -2.12992803e-02, -8.36116846e-02,
       -1.04023791e+02,  5.27730528e+00]), array([ 3.15019679e-02,  3.02618150e-02, -3.71633240e-02, -3.22581722e-02,
       -1.04023791e+02,  5.27730528e+00]), array([ 4.52183700e-02,  3.72419004e-02,  1.93393249e-02, -3.17901745e-02,
       -1.04023791e+02,  5.27730528e+00]), array([-6.12386564e-02,  4.63073098e-02,  2.39081084e-02, -5.95663537e-02,
       -1.04023791e+02,  5.27730528e+00]), array([-8.21376011e-02, -5.40503281e-02, -8.57812145e-02, -3.11911322e-02,
       -1.04023791e+02,  5.27730528e+00]), array([-1.09465326e-01, -8.27432060e-03,  6.13060471e-02, -4.28968102e-02,
       -1.04023791e+02,  5.27730528e+00]), array([ 3.91560252e-02,  1.21665801e-02, -1.09159487e-01, -3.08893067e-02,
       -1.04023791e+02,  5.27730528e+00]), array([ 2.72313010e-03,  5.85122542e-02,  8.36029353e-02, -1.60149594e-02,
       -1.04023791e+02,  5.27730528e+00]), array([-2.64761932e-02, -8.12729618e-02,  2.30517441e-02,  9.53563949e-04,
       -1.04023791e+02,  5.27730528e+00]), array([ 2.99410051e-02, -1.16235294e-01,  8.21800335e-02,  5.79527514e-02,
       -1.04023791e+02,  5.27730528e+00]), array([ 5.04942155e-03, -2.83497395e-02,  1.63849353e-02, -1.17017488e-02,
       -1.04023791e+02,  5.27730528e+00]), array([-4.11102515e-03,  4.47868418e-02, -9.22668824e-02, -4.50417523e-02,
       -1.04023791e+02,  5.27730528e+00]), array([-9.94075527e-02,  2.40846291e-02,  2.23534320e-02, -6.08147474e-03,
       -1.04023791e+02,  5.27730528e+00]), array([-1.07765120e-02, -1.06223124e-02,  1.68380838e-02,  3.57195427e-02,
       -1.04023791e+02,  5.27730528e+00]), array([-8.96449602e-02, -1.61844906e-03, -9.74225013e-02,  1.68196116e-02,
       -1.04023791e+02,  5.27730528e+00]), array([ 3.16856576e-02,  2.42891195e-03, -4.17187623e-02,  5.05028829e-02,
       -1.04023791e+02,  5.27730528e+00]), array([ 1.94858405e-02, -1.11306783e-01, -1.03208084e-01, -2.42895773e-02,
       -1.04023791e+02,  5.27730528e+00]), array([-7.87737964e-02, -2.48606140e-02,  2.21554787e-02, -3.37823568e-02,
       -1.04023791e+02,  5.27730528e+00]), array([ 2.16961820e-02, -1.62246043e-02,  5.02086959e-02,  6.30441991e-02,
       -1.04023791e+02,  5.27730528e+00]), array([-6.03484980e-02, -6.87462984e-02,  3.22151982e-03, -1.62120416e-02,
       -1.04023791e+02,  5.27730528e+00]), array([-2.66167838e-02, -1.23780670e-02,  5.72966127e-02, -4.71358628e-02,
       -1.04023791e+02,  5.27730528e+00]), array([ 3.04847155e-02, -1.09625339e-02, -6.69285968e-03, -2.87014559e-02,
       -1.04023791e+02,  5.27730528e+00])]

Trash Locations: [(-127.33784039304521, 56.4505300615385), (-104.02379147263233, 5.277305280662716), (-135.27249795166975, 13.977254935699932), (-174.79999233847894, -122.6006036963405), (-174.7942053612332, -45.575287682422356), (-146.07857403941713, 71.88891522452246), (-145.59448366161502, -13.20811342502276), (-101.88941797923994, -39.001968207464756), (-154.30455292991235, 75.77458687844029), (-140.34587626779972, 52.174012186255965)]
Good
Feature: [0, 101, 0]

States: [array([-125.1059753 ,   -0.50349728,  -44.06094505,   -0.43971524,
         -9.51211382,  -18.02344684]), array([-125.63153618,   -1.16191169,  -44.45700657,   -1.36880941,
         -7.47529919,  -18.40126446]), array([-1.26750486e+02, -1.10702541e+00, -4.58591627e+01, -2.48797974e-02,
       -6.94973832e+00, -1.80052029e+01]), array([-127.86039332,   -0.98216772,  -45.84947062,    1.06311727,
         -5.8307884 ,  -16.60304679]), array([-128.86042556,   -1.25584275,  -44.85366992,    1.86191585,
         -4.72088117,  -16.61273888]), array([-130.12989017,   -1.93838171,  -43.04648684,    0.43183506,
         -3.72084893,  -17.60853958]), array([-132.0598818 ,   -2.57419517,  -42.60155479,   -0.72637309,
         -2.45138432,  -19.41572266]), array([-134.5955021 ,   -3.06449945,  -43.34613756,   -1.56852728,
         -0.52139269,  -19.86065472]), array([-137.64213725,   -3.4367971 ,  -45.02123478,   -2.37579405,
        -16.40850802,   -8.3690907 ]), array([-141.09538693,   -3.72706857,  -47.33894778,   -2.86367929,
        -13.36187286,   -6.69399349]), array([-144.75317036,   -3.93769453,  -50.23185554,   -3.33671143,
         -9.90862319,   -4.37628049]), array([-148.68242629,   -4.11388006,  -53.52409142,   -3.71465588,
         -6.25083976,   -1.48337273]), array([-152.78147038,   -4.23399664,  -57.20631446,   -3.97962152,
         -2.32158383,    1.80886315]), array([-156.99083848,   -4.13034682,  -61.28744636,   -2.23048285,
          1.77746026,    5.4910862 ]), array([-161.0487332 ,   -3.5451759 ,  -63.57928932,   -0.76895338,
          5.98682836,    9.5722181 ]), array([-164.6910614 ,   -2.86920826,  -64.27163673,    0.34273312,
         10.04472309,   11.86406106]), array([-167.56986937,   -2.1593463 ,  -63.89218847,    1.24204296,
         13.68705129,   12.55640846]), array([-169.69212045,   -1.52547537,  -62.63960111,    2.07083093,
         16.56585925,   12.1769602 ]), array([-171.19139502,   -1.19437098,  -60.53585961,    2.57985172,
         18.68811034,   10.92437285]), array([-172.33834958,   -0.97092368,  -57.94629239,    3.05623707,
         20.1873849 ,    8.82063134]), array([-173.41145046,   -0.7433538 ,  -54.80958314,    3.44562907,
         21.33433947,    6.23106413]), array([-174.16976328,   -0.49364198,  -51.40559341,    3.68253319,
         22.40744035,    3.09435488]), array([-174.62315366,   -0.30161325,  -47.7888738 ,    3.93282201,
         23.16575317,   -0.30963486]), array([-1.74891048e+02, -1.07751130e-01, -4.39432086e+01,  4.18527831e+00,
        2.36191435e+01, -3.92635447e+00]), array([-1.74850629e+02,  7.04691671e-02, -3.97162155e+01,  4.29698747e+00,
        5.65204002e+00,  2.07632014e+01]), array([-174.83797506,    0.2748385 ,  -35.41530919,    4.35799584,
          5.61162009,   16.53620829]), array([-174.63799346,    0.49166962,  -31.06675742,    4.5061689 ,
          5.59896658,   12.23530193]), array([-174.07733064,    0.8573042 ,  -26.56793466,    4.57953995,
          5.39898498,    7.88675016]), array([-173.16791699,    1.65020611,  -22.07056405,    3.97777433,
          4.83832216,    3.38792741]), array([-171.51363951,    2.26381742,  -18.1372391 ,    2.30811163,
          3.92890852,   -1.10944321]), array([-169.22196037,    2.80243368,  -15.81620914,    0.8888771 ,
          1.1345133 ,   -0.44246598]), array([-166.42505599,    3.18561377,  -14.94459217,   -0.35233209,
         -1.15716584,   -2.76349593]), array([-163.24756021,    1.50338515,  -15.21688275,   -1.31158723,
         -3.95407022,   -3.6351129 ]), array([-161.72026269,    0.21566327,  -16.55061753,   -2.00922148,
         -7.131566  ,   -3.36282232]), array([-161.45070533,    1.25128612,  -18.52859042,   -2.32915065,
         -8.65886352,   -2.02908755]), array([-1.60210364e+02,  1.19070628e+00, -2.09446528e+01, -8.52957581e-01,
       -8.92842088e+00, -5.11146587e-02]), array([-159.08244762,    1.0696871 ,  -21.82796552,    0.35550837,
         -9.02864459,   -2.23535443]), array([-158.05441289,    0.94413797,  -21.47502214,    1.26777789,
        -10.15656085,   -1.35204174]), array([-157.10044225,    0.76270162,  -20.1868346 ,    1.96564264,
        -11.18459559,   -1.70498512]), array([-156.31816231,    0.70483039,  -18.24961793,    2.55917682,
        -12.13856622,   -2.99317266]), array([-155.64758933,    0.71022675,  -15.70911009,    3.08330524,
        -12.92084617,   -4.93038933]), array([-1.54937058e+02,  6.98950544e-02, -1.25922161e+01,  3.49136788e+00,
       -1.47315369e+01, -2.87059499e+00]), array([-1.54852832e+02, -1.59007555e-02, -9.16174503e+00,  3.83883426e+00,
       -1.54420683e+01, -5.98748902e+00]), array([-1.54950850e+02, -6.87344339e-02, -5.29853708e+00,  4.00441921e+00,
       -1.55262939e+01, -9.41796004e+00]), array([-1.55010409e+02, -1.29130041e-01, -1.30395501e+00,  4.16128443e+00,
       -1.57253742e+01,  1.16117185e+01]), array([-155.06951974,   -0.16483443,    2.80742601,    4.33070689,
        -15.66581479,    7.61713644]), array([-155.30699502,   -0.17867212,    7.13313201,    4.41585534,
        -15.60670402,    3.50575542]), array([-155.49144634,   -0.93561184,   11.64019991,    4.49914852,
        -15.36922874,   -0.81995058]), array([-156.35927804,   -1.3522362 ,   16.13921942,    4.6453161 ,
        -15.18477742,   -5.32701848]), array([-157.71242831,   -0.77475896,   20.79498884,    4.74085361,
        -14.31694573,   -9.82603798]), array([-158.45445647,   -0.5399637 ,   25.55452583,    4.75673097,
        -12.96379545,  -14.48180741]), array([-159.03239513,   -0.33152849,   30.30195657,    4.70000698,
        -12.22176729,  -19.24134439]), array([-159.45499672,   -0.17664775,   35.02636795,    4.72614171,
        -11.64382863,  -23.98877514]), array([-1.59678227e+02, -7.84161148e-02,  3.97648429e+01,  4.86696949e+00,
        2.36826915e+00,  2.57361760e+01]), array([-1.59733453e+02,  1.10531302e-01,  4.45911123e+01,  5.00800290e+00,
        2.59149945e+00,  2.09977010e+01]), array([-159.64569508,    0.70620393,   49.58712553,    5.10675259,
          2.6467252 ,   16.17143159]), array([-159.00486052,    1.62691622,   54.70860969,    4.83651134,
          2.55896751,   11.17541839]), array([-157.35678018,    2.25912895,   59.55350466,    4.19872602,
          1.91813295,    6.05393422]), array([-155.09683126,    2.75770513,   63.76920304,    3.37995696,
          0.27005261,    1.20903926]), array([-152.3512372 ,    3.18653741,   67.10815919,    1.85185168,
         -1.98989631,   -3.00665912]), array([-149.18902404,    3.54110764,   69.03027097,    0.47554999,
          6.60007487,   -2.90926591]), array([-145.71092747,    3.77611191,   69.54553099,   -0.52190728,
          3.43786171,   -4.83137769]), array([-1.41929174e+02,  1.93018963e+00,  6.90762096e+01, -1.40354313e+00,
       -4.02348529e-02, -5.34663771e+00]), array([-140.00715012,    0.57559909,   67.67555406,   -2.17378051,
         -3.82198788,   -4.87731629]), array([-139.4112002 ,   -0.47195328,   65.49629078,   -2.73917853,
         -5.7440122 ,   -3.47666078]), array([-139.93657563,   -1.34771917,   62.78885255,   -3.14486598,
         -6.33996212,   -1.29739751]), array([-141.26161386,   -2.12942743,   59.64363522,   -3.51486533,
         -5.81458669,    1.41004073]), array([-143.42706649,   -2.67575502,   56.08778822,   -3.76791566,
         -4.48954846,    4.55525805]), array([-146.08062156,   -1.3040476 ,   52.32918084,   -3.94956325,
         -2.32409583,    8.11110506]), array([-1.47415221e+02,  3.25452018e-02,  4.83672134e+01, -4.15826775e+00,
        3.29459239e-01,  1.18697124e+01]), array([-147.4056063 ,    0.9955775 ,   44.23087925,   -4.26917801,
         -9.67150698,   12.39533056]), array([-146.40506566,    1.7729745 ,   39.93252089,   -4.35956977,
         -9.68112127,   16.53166467]), array([-144.63092108,    2.38534846,   35.56592499,   -4.48317451,
        -10.68166191,   20.83002302]), array([-142.1949038 ,    2.86969036,   31.02055791,   -4.56514779,
        -12.45580649,   25.19661893]), array([-139.37887783,    3.27556021,   26.45856903,   -4.74242035,
        -14.89182377,   29.74198601]), array([-136.03423051,    3.60425036,   21.78342042,   -4.86163844,
        -31.29734593,  -20.14538759]), array([-132.43454508,    2.26901498,   16.89671069,   -4.91013099,
        -34.64199325,  -15.47023898]), array([-130.15066983,    2.76907213,   11.98171866,   -4.97038016,
        -38.24167868,  -10.58352925]), array([-127.39001203,    3.23149785,    6.96921526,   -4.97952032,
        -40.52555393,   -5.66853722]), array([-124.13198673,    3.60684118,    2.02036953,   -4.92767432,
        -43.28621173,   -0.65603382]), array([-120.50379064,    3.49526732,   -2.92458414,   -4.99692122,
        -46.54423703,    4.29281191]), array([-117.00799404,    1.73794355,   -7.91622151,   -4.96112678,
        -50.17243312,    9.23776557]), array([-115.24191017,    2.35831086,  -12.85379894,   -5.03358765,
        -52.23101443,  -15.26378574]), array([-112.7896836 ,    2.81183628,  -17.91104781,   -5.12414389,
        -17.33936432,  -49.60841057]), array([-110.08021296,    3.18013789,  -23.05648973,   -5.12144687,
        -19.7915909 ,  -44.55116169]), array([-106.92806086,    3.51195191,  -28.13379932,   -5.14978055,
        -22.50106154,  -39.40571977]), array([-103.42420349,    1.88199826,  -33.27584557,   -5.14275061,
        -25.65321363,  -34.32841018]), array([-101.48631145,    0.5525469 ,  -38.38232097,   -5.09636502,
        -29.157071  ,  -29.18636394]), array([-100.93913003,   -0.417816  ,  -43.47829511,   -5.11086397,
         -2.47752145,  -38.62986833]), array([-101.26821756,   -1.36963599,  -48.55966365,   -5.12347009,
         -3.02470287,  -33.53389419]), array([-102.65461288,   -1.94372948,  -53.66756702,   -5.14253635,
         -2.69561534,  -28.45252565]), array([-104.64962193,   -2.52618359,  -58.86132952,   -5.16975558,
         -1.30922002,  -23.34462227]), array([-107.09257016,   -3.01897141,  -64.1725381 ,   -5.14672367,
          0.68578903,  -18.15085978]), array([-110.14904956,   -3.37006946,  -69.34037242,   -5.11535457,
          3.12873727,  -12.83965119]), array([-113.52606706,   -1.6987589 ,  -74.43292967,   -5.05894681,
          6.18521666,   -7.67181688]), array([-115.2834118 ,   -0.44272686,  -79.43250179,   -5.11638807,
          9.56223416,   -2.57925963]), array([-115.73970526,    0.71164608,  -84.56574921,   -5.06869351,
         11.3195789 ,    2.42031249]), array([-115.07545758,    1.54586956,  -89.69924757,   -4.98409419,
         10.35749804,   -8.1187934 ]), array([-113.47729693,    2.15745158,  -94.62874955,   -4.48786786,
          9.69325036,   -2.98529503]), array([-111.27637629,    2.77401423,  -99.04815047,   -4.09034181,
          8.09508971,    1.94420694]), array([-3.92417561e-02,  5.82419649e-03, -2.81260431e-02,  1.71101551e-02,
       -1.03963833e+02, -7.70121893e+01])]

Trash Locations: [(-145.75116232201617, 64.1988932758855), (-170.67622376121713, 6.313181432340855), (-170.37912621072576, -18.57970507899779), (-132.58127449208462, -62.46220950332864), (-169.23900847372477, -23.180007254888864), (-157.08672757034128, 60.762543919485466), (-118.68680649449196, -110.33021699569717), (-151.0040101130501, -51.715228264945296), (-103.96383289753709, -77.0121892974386), (-105.38220722007563, -92.6845426044133)]
Bad
Feature: [0, 101, 0]

States: [array([-126.25331964,   -0.4142992 ,  -45.71048187,    0.13603955,
         -9.06762561,  -16.80106862]), array([-126.74656112,   -1.38505844,  -45.60052482,   -0.8795028 ,
         -6.32795485,  -16.75172763]), array([-1.28162054e+02, -5.75663918e-02, -4.65196314e+01, -1.71031977e+00,
       -5.83471338e+00, -1.68616847e+01]), array([-128.19222157,    0.95305088,  -48.24879802,   -2.3470856 ,
         -4.41922043,  -15.94257807]), array([-1.27221547e+02, -1.00906634e-01, -5.06258122e+01, -2.93460159e+00,
       -4.38905293e+00, -1.42134115e+01]), array([-127.29440032,   -0.98239835,  -53.58427985,   -3.34062181,
         -5.35972749,  -11.83639734]), array([-128.19253051,   -1.75502444,  -56.78405211,   -3.69288178,
         -5.28687417,   -8.87792965]), array([-129.8703681 ,   -2.43658688,  -60.43588646,   -3.98931063,
         -4.38874398,   -5.67815739]), array([-132.27137484,   -2.89586852,  -64.47265125,   -4.18318428,
         -2.71090639,   -2.02632304]), array([-135.13956675,   -3.36098805,  -68.64566621,   -4.33163719,
         -0.30989965,    2.01044174]), array([-138.5049524 ,   -3.65083519,  -73.04290816,   -4.4740932 ,
          2.55829226,    6.18345671]), array([-142.13691267,   -3.71453466,  -77.49426458,   -2.56999893,
          5.9236779 ,   10.58069865]), array([-145.84895007,   -3.34722573,  -80.08778916,   -1.05737233,
          9.55563818,   15.03205508]), array([-149.18505485,   -2.86070024,  -81.22289768,    0.15164225,
         13.26767558,   17.62557966]), array([-152.05419175,   -2.32951898,  -81.13278098,    1.07771902,
         16.60378036,   18.76068818]), array([-154.37471781,   -1.76094981,  -80.09083219,    1.87108907,
         19.47291726,   18.67057148]), array([-156.16690233,   -0.93120619,  -78.18554852,    2.53433713,
         21.79344332,   17.62862269]), array([-1.57111012e+02, -1.09933581e-01, -7.56442600e+01,  3.04614418e+00,
        5.16289221e+00,  2.64703203e+01]), array([-157.17915562,    0.70463223,  -72.61936325,    3.53612133,
          6.1070019 ,   23.92903172]), array([-156.44390617,    1.52983439,  -69.15261393,    3.83520168,
          6.17514551,   20.90413499]), array([-155.04396996,    2.31274855,  -65.25413565,    3.9517952 ,
          5.43989605,   17.43738567]), array([-152.75423248,    2.8642497 ,  -61.27139455,    3.92897109,
          4.03995984,   13.53890738]), array([-149.92861764,    2.5647217 ,  -57.36571586,    4.04823319,
          1.75022237,    9.55616629]), array([-147.38389749,    1.90533954,  -53.33288365,    4.32567669,
         -1.07539247,    5.65048759]), array([-145.48687663,    1.33468938,  -49.01227597,    4.45500087,
         -3.62011262,    1.61765539]), array([-144.20779288,    0.62124912,  -44.55947503,    4.56666122,
         -5.51713348,   -2.7029523 ]), array([-1.43611316e+02,  4.80329110e-02, -4.00076577e+01,  4.63748210e+00,
       -6.79621724e+00, -7.15575324e+00]), array([-143.52888565,   -0.93100335,  -35.3705348 ,    4.72016516,
         -7.39269407,  -11.70757056]), array([-144.50200519,   -1.70155336,  -30.6510205 ,    4.80157775,
         -7.47512446,  -16.34469347]), array([-146.15224433,   -2.42077859,  -25.86048806,    4.85610133,
         -6.50200492,  -21.06420777]), array([-148.51424449,   -2.89992979,  -20.96242313,    4.8726735 ,
        -23.08676415,    2.6804808 ]), array([-151.38665771,   -3.31354452,  -16.07555707,    4.9089667 ,
        -20.72476398,   -2.21758413]), array([-154.777518  ,   -3.6238102 ,  -11.06571389,    2.85171292,
        -18.9924685 ,   -2.50414801]), array([-158.33193431,   -3.92282024,   -8.22671947,    1.36548355,
        -15.60160821,   -7.51399119]), array([-1.62125618e+02, -4.14975014e+00, -6.85981043e+00,  1.39504371e-01,
       -1.20471919e+01, -1.03529856e+01]), array([-166.30437183,   -4.34632349,   -6.79543583,   -0.84370132,
         -8.25350803,  -11.71989465]), array([-170.6420526 ,   -4.50035116,   -7.58698681,   -1.65778011,
         -4.07475438,  -11.78426925]), array([-175.14705277,   -2.50933913,   -9.26559537,   -2.29526352,
          0.26292639,  -10.99271827]), array([-177.59290477,   -0.96504797,  -11.5749237 ,   -2.88250756,
          4.76792656,   -9.31410971]), array([-178.53056673,    0.25380659,  -14.40783399,   -3.15153038,
          7.21377856,   -7.00478138]), array([-178.24375075,    1.25917339,  -17.57417038,   -2.70897666,
          8.15144052,   -4.17187109]), array([-176.98481268,    2.02227905,  -20.21755776,   -2.0829366 ,
          7.86462454,   -1.0055347 ]), array([-174.9105818 ,    2.63652388,  -22.29721746,   -1.34952535,
          6.60568646,    1.63785268]), array([-172.21542789,    3.07490147,  -23.72868797,   -0.5795585 ,
          5.67157332,   -0.8827898 ]), array([-169.10031669,    3.45327207,  -24.3026601 ,    0.19181437,
          2.97641941,    0.54868072]), array([-1.65599796e+02,  3.75783889e+00, -2.41793192e+01,  9.47266035e-01,
       -1.38691780e-01,  1.12265285e+00]), array([-161.83011875,    4.05568334,  -23.29086151,    1.84442797,
         -3.63921285,    0.99931196]), array([-1.52237179e-02,  2.25087322e-03,  1.09283080e-02,  6.67444763e-02,
       -1.03963833e+02, -7.70121893e+01]), array([ 6.24906235e-02, -1.75734862e-03, -5.50478810e-02,  5.74664326e-02,
       -1.03963833e+02, -7.70121893e+01]), array([ 7.96769140e-03, -8.87709380e-02,  2.56078335e-02, -6.13773116e-02,
       -1.03963833e+02, -7.70121893e+01]), array([-6.29051484e-02,  2.92888777e-02,  2.00031868e-02,  5.78008527e-02,
       -1.03963833e+02, -7.70121893e+01]), array([ 9.98168729e-03, -3.53856321e-02, -1.41324013e-02,  1.87281931e-02,
       -1.03963833e+02, -7.70121893e+01]), array([ 5.27155471e-02, -3.37159891e-02,  4.65551395e-02,  2.92568083e-02,
       -1.03963833e+02, -7.70121893e+01]), array([-4.20802881e-03, -3.14843539e-02,  1.05401477e-02, -1.05931552e-02,
       -1.03963833e+02, -7.70121893e+01]), array([-6.27428673e-02, -4.28499506e-02,  4.82243807e-02, -3.85942063e-02,
       -1.03963833e+02, -7.70121893e+01]), array([ 3.53485362e-02,  3.53043623e-03,  1.69189236e-02, -6.82639527e-02,
       -1.03963833e+02, -7.70121893e+01]), array([ 6.95959099e-02, -2.78144959e-02, -1.06268034e-01, -8.98157026e-03,
       -1.03963833e+02, -7.70121893e+01]), array([ 1.17257183e-01, -1.45126517e-02, -3.61392675e-02,  6.88846388e-02,
       -1.03963833e+02, -7.70121893e+01]), array([ 5.27028267e-03,  1.09444231e-03, -7.00851868e-03, -1.57485253e-03,
       -1.03963833e+02, -7.70121893e+01]), array([ 9.69960067e-03,  2.11925968e-02, -5.24409200e-02,  6.55767058e-02,
       -1.03963833e+02, -7.70121893e+01]), array([ 1.46635928e-02, -3.90052132e-02,  2.98257798e-02,  4.02516605e-02,
       -1.03963833e+02, -7.70121893e+01]), array([ 4.90803186e-02,  5.89045167e-02, -7.47505080e-02,  2.13819403e-02,
       -1.03963833e+02, -7.70121893e+01]), array([-5.04311093e-02,  3.03535269e-02, -5.66340357e-02,  3.96570690e-02,
       -1.03963833e+02, -7.70121893e+01]), array([-9.49445429e-02, -1.13440617e-01, -2.56232394e-02,  5.80393820e-02,
       -1.03963833e+02, -7.70121893e+01]), array([ 3.84916676e-02, -7.43041009e-02, -4.19917909e-02, -5.18443145e-02,
       -1.03963833e+02, -7.70121893e+01]), array([-5.89937299e-03, -3.60416028e-03, -2.46138087e-02, -1.71630289e-01,
       -1.03963833e+02, -7.70121893e+01]), array([-1.54105104e-02,  4.99854073e-02, -9.72484080e-03,  2.54321154e-02,
       -1.03963833e+02, -7.70121893e+01]), array([ 6.58449053e-02,  3.01731968e-02,  6.28945951e-02,  1.70922669e-02,
       -1.03963833e+02, -7.70121893e+01]), array([ 1.83727901e-02,  4.33973480e-02,  4.98609335e-02, -2.86584145e-02,
       -1.03963833e+02, -7.70121893e+01]), array([ 4.50951917e-02, -1.21017067e-01, -6.83235131e-02, -7.83416062e-02,
       -1.03963833e+02, -7.70121893e+01]), array([ 1.16516820e-01,  2.41955782e-02,  1.80562909e-04,  1.31213181e-02,
       -1.03963833e+02, -7.70121893e+01]), array([ 3.31351070e-02, -6.34676531e-02, -1.21374471e-02,  7.80502840e-03,
       -1.03963833e+02, -7.70121893e+01]), array([ 4.81985611e-02, -1.03678143e-02,  7.39422255e-02,  2.71346664e-02,
       -1.03963833e+02, -7.70121893e+01]), array([-4.11804350e-02,  3.06770505e-02, -4.57364227e-02, -5.00239404e-02,
       -1.03963833e+02, -7.70121893e+01]), array([-6.60623313e-02,  1.24027615e-02, -2.97571214e-02,  1.05243963e-01,
       -1.03963833e+02, -7.70121893e+01]), array([-6.77976645e-02, -7.50514154e-02, -1.07398659e-02, -3.49635655e-02,
       -1.03963833e+02, -7.70121893e+01]), array([-2.31205384e-02,  6.85465387e-03, -3.23879881e-02, -1.62957664e-02,
       -1.03963833e+02, -7.70121893e+01]), array([ 1.39814525e-01,  7.85719673e-03,  3.19456413e-02, -2.03796367e-02,
       -1.03963833e+02, -7.70121893e+01]), array([ 6.10940407e-03,  1.23673330e-02, -3.91746798e-02,  5.87108576e-02,
       -1.03963833e+02, -7.70121893e+01]), array([-5.35216440e-02,  4.96366629e-02,  2.64680970e-02,  4.47961870e-02,
       -1.03963833e+02, -7.70121893e+01]), array([-6.11631695e-02, -5.34361013e-02, -4.07568059e-02, -5.21444448e-02,
       -1.03963833e+02, -7.70121893e+01]), array([-7.53857299e-02,  8.07965364e-03, -1.46374482e-03,  6.19172533e-02,
       -1.03963833e+02, -7.70121893e+01]), array([ 4.16483760e-03,  1.73089190e-02, -9.10020931e-02,  7.45609182e-02,
       -1.03963833e+02, -7.70121893e+01]), array([-3.90341241e-03, -3.38457507e-02, -3.42586957e-03,  6.43650343e-02,
       -1.03963833e+02, -7.70121893e+01]), array([-9.31912759e-02,  2.01566914e-02, -2.50639234e-02, -1.36178570e-02,
       -1.03963833e+02, -7.70121893e+01]), array([ 6.26734273e-02, -8.73107137e-02, -1.20227672e-02, -5.69718149e-02,
       -1.03963833e+02, -7.70121893e+01]), array([ 1.02877783e-01,  2.24296235e-02, -1.03765468e-01, -1.02833671e-01,
       -1.03963833e+02, -7.70121893e+01]), array([ 1.02674890e-01, -4.86956333e-02,  1.61751742e-02, -3.21940073e-02,
       -1.03963833e+02, -7.70121893e+01]), array([ 8.75107196e-02,  2.33894073e-02,  1.09437414e-02, -4.03632951e-02,
       -1.03963833e+02, -7.70121893e+01]), array([-2.36477208e-02,  4.06848845e-02, -1.82782037e-02, -2.00372376e-02,
       -1.03963833e+02, -7.70121893e+01]), array([-1.08223749e-02, -2.04752164e-02, -2.86370168e-02,  5.30238118e-02,
       -1.03963833e+02, -7.70121893e+01]), array([ 3.28671952e-02,  5.26169956e-02,  8.20947202e-04, -2.81267784e-02,
       -1.03963833e+02, -7.70121893e+01]), array([-2.75401670e-02, -3.00804395e-02, -2.45308260e-02, -5.12595889e-02,
       -1.03963833e+02, -7.70121893e+01]), array([ 1.22702640e-02,  3.32300833e-04, -1.92045236e-02, -3.52928091e-02,
       -1.03963833e+02, -7.70121893e+01]), array([ 4.37076544e-02, -1.21682254e-02, -3.95836897e-02,  1.02302399e-01,
       -1.03963833e+02, -7.70121893e+01]), array([ 5.57809709e-02,  2.81631700e-02, -1.47866284e-02,  1.01140589e-02,
       -1.03963833e+02, -7.70121893e+01]), array([-1.70816122e-03, -4.34205333e-02, -2.33795854e-02, -4.67527042e-02,
       -1.03963833e+02, -7.70121893e+01]), array([-3.89971795e-02,  1.81247168e-02, -3.12608346e-03,  4.93663612e-02,
       -1.03963833e+02, -7.70121893e+01]), array([ 1.04425560e-02,  1.06107135e-02, -5.43016404e-03, -1.69795132e-02,
       -1.03963833e+02, -7.70121893e+01]), array([-2.40991664e-02, -4.25584332e-02, -6.20213360e-02,  6.59330095e-02,
       -1.03963833e+02, -7.70121893e+01]), array([ 1.37894889e-02,  1.47861153e-02, -2.82391765e-02,  4.66062721e-02,
       -1.03963833e+02, -7.70121893e+01])]

Trash Locations: [(-145.75116232201617, 64.1988932758855), (-170.67622376121713, 6.313181432340855), (-170.37912621072576, -18.57970507899779), (-132.58127449208462, -62.46220950332864), (-169.23900847372477, -23.180007254888864), (-157.08672757034128, 60.762543919485466), (-118.68680649449196, -110.33021699569717), (-151.0040101130501, -51.715228264945296), (-103.96383289753709, -77.0121892974386), (-105.38220722007563, -92.6845426044133)]
Good
Feature: [0, 101, 6]

States: [array([-125.79134748,   -0.32569839,  -45.20119222,    1.67129093,
        -10.42856273,  -17.16354507]), array([-126.10148442,    0.65514259,  -43.4757236 ,    0.35864301,
         -9.66870015,  -15.54074923]), array([-125.43677572,    1.55848491,  -43.18728984,    0.9591535 ,
         -9.35856322,  -17.26621785]), array([-123.81299346,    2.43229516,  -42.20366757,    1.49620327,
        -10.02327192,  -17.55465161]), array([-121.41262323,    0.97259844,  -40.65836633,    0.17406174,
        -11.64705418,  -18.53827389]), array([-120.52403442,   -0.27965706,  -40.42507126,   -0.91688076,
        -14.0474244 ,  -20.08357513]), array([-120.73659957,   -1.20672082,  -41.28543827,   -1.73129673,
        -14.93601322,  -20.3168702 ]), array([-121.95419562,   -1.92149389,  -42.93776794,   -2.38241687,
        -14.72344807,  -19.45650318]), array([-123.97025768,   -2.54523206,  -45.31165405,   -2.90694238,
        -13.50585202,  -17.80417351]), array([-126.45737231,   -3.08152719,  -48.26447534,   -3.37110366,
        -11.48978996,  -15.4302874 ]), array([-129.53739708,   -3.43244481,  -51.60559023,   -3.71852635,
         -9.00267532,  -12.47746612]), array([-132.94391753,   -3.72913105,  -55.30939342,   -3.93056098,
         -5.92265055,   -9.13635123]), array([-136.64134209,   -3.98555476,  -59.20195937,   -4.04449903,
         -2.5161301 ,   -5.43254803]), array([-140.63680251,   -4.12020995,  -63.32201829,   -4.31255902,
         -3.52168091,  -27.89988807]), array([-144.77743477,   -2.34970767,  -67.62790253,   -4.41094411,
          0.47377951,  -23.77982915]), array([-147.14335455,   -2.85100463,  -72.06594197,   -4.55866745,
          4.61441177,  -19.47394491]), array([-149.91566144,   -3.31314888,  -76.54973212,   -4.60670741,
          6.98033155,  -15.03590547]), array([-153.24694557,   -3.62089286,  -81.14376024,   -4.71566689,
          9.75263844,  -10.55211532]), array([-156.72277331,   -3.83284899,  -85.91949304,   -4.75139293,
         13.08392257,   -5.95808719]), array([-1.60621706e+02, -3.29369451e+00, -9.06495990e+01, -4.80373953e+00,
        8.05430094e-02, -1.40505168e+01]), array([-163.92410081,   -1.63120152,  -95.50449872,   -4.85318072,
          3.97947593,   -9.32041088]), array([-165.50712209,   -0.2391972 , -100.39943671,   -4.41190375,
          7.28187051,   -4.46551112]), array([-165.7238204 ,    0.77072702, -104.86478454,   -3.80142512,
         25.34409909,   13.29758927]), array([-164.99150292,    1.27597445, -108.64252696,   -2.07898859,
         26.36762224,  -12.44413905]), array([-163.75665559,    1.53202861, -110.71613228,   -0.59061225,
         25.63530475,   -8.66639663]), array([-162.12959272,    1.65906323, -111.26470674,    0.44538594,
         24.40045743,   -6.59279131]), array([-160.45926992,    1.39807708, -110.7773993 ,    1.50818991,
         22.77339455,   -6.04421685]), array([-159.05302995,    0.87310208, -109.26493597,    2.24400436,
         21.10307176,   -6.53152429]), array([-158.11528706,    0.59890083, -107.07868138,    2.69403439,
         19.69683179,   -8.04398762]), array([-157.5567013 ,    0.3693211 , -104.40609064,    3.13724703,
         18.75908889,  -10.23024221]), array([-157.06097949,    0.50973289, -101.21166221,    3.55807592,
         18.20050314,  -12.90283296]), array([-156.46612529,    0.55485953,  -97.71374264,    3.88950105,
         16.89795649,   14.10981477]), array([-155.95484317,    0.85006368,  -93.85619561,    4.07366131,
         16.30310228,   10.61189521]), array([-155.21355395,    1.00295517,  -89.71512839,    4.25065625,
         15.79182017,    6.75434817]), array([-154.22143884,    1.05746018,  -85.49535385,    4.41159077,
         15.05053095,    2.61328096]), array([-153.17644919,    1.18000105,  -81.17496947,    4.57607939,
         14.05841584,   -1.60649358]), array([-151.98610681,    1.23895679,  -76.64540948,    4.73242855,
         13.01342618,   -5.92687796]), array([-150.7529397 ,    1.36773781,  -71.98116736,    4.82079712,
         11.82308381,  -10.45643796]), array([-149.38145642,    1.33418385,  -67.14687054,    4.85357852,
         10.5899167 ,  -15.12068008]), array([-147.97649809,    1.24204854,  -62.35339065,    4.92095291,
          9.21843342,  -19.95497689]), array([-146.74941834,    1.24802426,  -57.41519553,    4.97827612,
          7.81347508,  -24.74845679]), array([-145.49464586,    1.01825338,  -52.45069578,    4.97347407,
          6.58639533,  -29.68665191]), array([-144.48137116,    0.89911012,  -47.5311054 ,    4.90228536,
          5.33162286,  -34.65115166]), array([-143.54305087,    0.8270712 ,  -42.55449678,    4.83722962,
          4.31834815,  -39.57074203]), array([-142.75840893,    0.70231977,  -37.7247065 ,    4.92353174,
          3.38002787,  -44.54735066]), array([-142.05421956,    0.48387673,  -32.79435119,    4.87708024,
          3.95510973,   41.40243906]), array([-141.6222433 ,    0.37732365,  -27.93119366,    4.83492525,
          3.25092036,   36.47208374]), array([-141.24899   ,    0.31900054,  -23.0503431 ,    4.82009295,
          2.8189441 ,   31.60892621]), array([-140.92837299,    0.30846574,  -18.25336358,    4.81694576,
          2.4456908 ,   26.72807565]), array([-140.65685152,    0.32256756,  -13.52430323,    4.72738092,
          2.12507379,   21.93109614]), array([-140.37369341,    0.34804821,   -8.89059655,    4.80636169,
          1.85355232,   17.20203579]), array([-140.00446179,    0.4705128 ,   -4.17689352,    4.84627005,
          1.57039421,   12.5683291 ]), array([-139.51641195,    0.51242544,    0.68582515,    4.92890855,
          1.20116259,    7.85462607]), array([-138.97378107,    0.46828231,    5.64276106,    4.87321451,
          2.55601457,   29.23472963]), array([-138.47646943,    0.55736476,   10.47543904,    5.00516841,
          2.01338369,   24.27779372]), array([-137.91800626,    0.51142871,   15.54126978,    4.88339949,
          1.51607205,   19.44511573]), array([-137.46146991,    0.40193316,   20.45117667,    4.91648167,
          0.95760888,   14.37928499]), array([-137.14361212,    1.13036372,   25.38186406,    5.07887586,
          0.50107253,    9.4693781 ]), array([-135.94179542,    1.47177922,   30.50662361,    5.03540025,
         44.44225188,  -36.71196718]), array([-134.48515171,    1.32231155,   35.5597807 ,    5.05707869,
         43.24043517,  -41.83672673]), array([-133.14671767,    2.11260479,   40.63857867,    3.69488314,
         41.78379147,  -46.88988383]), array([-131.02574987,    2.68396303,   44.33405287,    2.0141257 ,
         40.44535743,  -51.96868179]), array([-128.36106893,    3.04593178,   46.37587429,    0.65260742,
         38.32438963,  -55.66415599]), array([-125.29085113,    3.49373798,   47.00021752,   -0.49789607,
         35.65970868,  -57.70597741]), array([-121.75120917,    3.79619333,   46.54519496,   -1.38209111,
         32.58949089,  -58.33032065]), array([-117.93703809,    4.04548499,   45.1625493 ,   -2.00896067,
         29.04984893,  -57.87529808]), array([-113.97733204,    4.23255859,   43.1422545 ,   -2.61530745,
         25.23567785,  -56.49265243]), array([-109.82362218,    4.45796745,   40.61307182,   -3.08450863,
         21.27597179,  -54.47235763]), array([-105.41197183,    4.58140816,   37.58996546,   -3.48667324,
         17.12226194,  -51.94317494]), array([-100.79468872,    4.65278783,   34.05613101,   -3.74511435,
         12.71061159,  -48.92006858]), array([-96.15482527,   4.79042147,  30.25714949,  -3.95900455,
         8.09332848, -45.38623413]), array([-91.34311186,   4.8957062 ,  26.39061515,  -4.12465832,
         3.45346503, -41.58725262]), array([-86.47312021,   4.04545453,  22.24181103,  -4.29963383,
        -1.35824838, -37.72071827]), array([-82.38844775,   2.23053836,  17.99710499,  -4.43721017,
        -6.22824003, -33.57191416]), array([-80.2218704 ,   0.84948525,  13.53443612,  -4.54449064,
       -10.31291249, -29.32720811]), array([-79.42053624,  -0.26346215,   8.9247277 ,  -4.65702259,
       -12.47948984, -24.86453925]), array([-79.66703264,  -1.25635454,   4.26585904,  -4.65346493,
        -8.47502917, -22.46865516]), array([-80.86444529,  -2.10994853,  -0.42924801,  -4.75282264,
        -8.22853277, -17.8097865 ]), array([-83.0125363 ,  -2.76227201,  -5.12688642,  -4.82846924,
        -7.03112012, -13.11467946]), array([-85.80422955,  -3.23894179,  -9.90248962,  -4.86590928,
        -4.88302911,  -8.41704105]), array([-89.07649711,  -3.59533626, -14.76528707,  -4.90206698,
        -6.89713069,  -1.4276135 ]), array([-92.69315985,  -3.83089832, -19.67018866,  -2.99628621,
       -41.17452679, -74.78790194]), array([-96.49142893,  -4.00838839, -22.62755556,  -1.37182874,
       -37.55786405, -69.88300036]), array([-1.00538165e+02, -4.19306009e+00, -2.39952212e+01, -6.34860102e-02,
       -3.37595950e+01, -6.69256334e+01]), array([-104.73528291,   -4.42318228,  -24.06600673,    0.97432239,
        -29.71285848,  -65.55796786]), array([-109.13247664,   -4.57240586,  -23.09343272,    1.80549135,
        -25.51574099,  -65.48718228]), array([-113.72975437,   -4.69754158,  -21.27968613,    2.41290027,
        -21.11854727,  -66.45975629]), array([-118.4386232 ,   -4.71903673,  -19.01193817,    0.91196963,
        -16.52126953,  -68.27350288]), array([-123.20625005,   -4.80615241,  -18.17223275,   -0.27813211,
        -21.7243998 ,  -68.08990926]), array([-127.96467142,   -4.85553478,  -18.50508568,   -1.19257241,
        -16.95677295,  -68.92961468]), array([-132.87255873,   -4.90567061,  -19.74208172,   -1.92166542,
        -12.19835158,  -68.59676176]), array([-137.74557864,   -2.92208387,  -21.70003042,   -2.50434544,
         -7.29046427,  -67.35976572]), array([-140.66917536,   -1.36308311,  -24.28170157,   -2.98572062,
         -2.41744437,  -65.40181701]), array([-1.42064549e+02, -5.85762610e-02, -2.72692427e+01, -3.44583638e+00,
        5.06152354e-01, -6.28201459e+01]), array([-142.21227721,    0.96483527,  -30.762774  ,   -3.7749289 ,
          1.90152574,  -59.83260469]), array([-141.13744449,    1.77380369,  -34.5967975 ,   -3.98026158,
          2.0492542 ,  -56.33907344]), array([-139.3685554 ,    2.39078956,  -38.59734135,   -4.22200765,
          0.97442148,  -52.50504993]), array([-136.95976786,    2.89656159,  -42.79804268,   -4.41804591,
         -0.7944676 ,  -48.50450609]), array([-133.98699105,    3.3960293 ,  -47.25145607,   -4.47623796,
         -3.20325514,  -44.30380476]), array([-130.62072624,    3.74199537,  -51.70240967,   -4.53016889,
         -6.17603195,  -39.85039136]), array([-1.05643122e-01, -4.71181358e-02, -1.76760509e-02,  1.36475174e-02,
       -1.30251024e+02, -8.95531890e+01])]

Trash Locations: [(-135.46004763749988, -60.74194145465549), (-132.6662697115292, -109.8558623310147), (-140.16302300183082, -87.10184743605048), (-139.35619816497515, -117.3089235924682), (-156.64223030428286, -99.97000983982949), (-130.2510239056682, -89.55318901013972), (-92.70136024144196, -11.330103124829861), (-136.96039738072542, 29.920554773284465), (-87.89556540759176, -13.543927465630134), (-138.80329920019392, 3.6777325534469867)]
Bad
Feature: [10, 91, 6]

States: [array([-124.41880358,   -0.65376507,  -47.3300591 ,    0.86752644,
        -11.11523463,  -14.04364149]), array([-125.03369548,   -1.53901212,  -46.4117733 ,   -0.29310203,
        -11.04124405,  -13.41188236]), array([-126.41964164,   -2.18992244,  -46.70425214,   -1.31234213,
        -10.42635216,  -14.33016815]), array([-128.50712602,   -2.73496977,  -47.97361348,   -2.08966906,
         -9.040406  ,  -14.03768931]), array([-131.26415159,   -3.1202945 ,  -50.04826813,   -2.64323211,
         -6.95292162,  -12.76832798]), array([-134.38204296,   -3.5283654 ,  -52.69594801,   -3.09149263,
         -4.19589605,  -10.69367332]), array([-137.91837388,   -3.86715225,  -55.7855794 ,   -3.47016235,
         -1.07800468,   -8.04599344]), array([-141.76050409,   -4.08296823,  -59.26075783,   -3.77526027,
         -2.24464912,  -31.31626804]), array([-145.86978966,   -4.21692987,  -62.97055837,   -3.94373165,
          1.59748109,  -27.8410896 ]), array([-150.12830709,   -4.36687613,  -66.98338222,   -4.19975654,
          5.70676666,  -24.13128907]), array([-154.47682815,   -2.48916972,  -71.17032338,   -4.3598768 ,
          9.96528409,  -20.11846522]), array([-156.96398783,   -2.97347738,  -75.5191014 ,   -4.53692226,
         14.31380515,  -15.93152406]), array([-159.97276839,   -3.234324  ,  -80.02676247,   -4.69078105,
         16.80096483,  -11.58274604]), array([-163.16979162,   -1.55323805,  -84.75255073,   -4.70538408,
          3.33053809,  -19.94324737]), array([-164.75960089,   -0.35419675,  -89.44492738,   -4.7056244 ,
          6.52756132,  -15.21745911]), array([-165.14353419,    0.70882268,  -94.12553416,   -4.79696984,
          8.11737058,  -10.52508246]), array([-164.49452972,    1.59079831,  -98.86422727,   -4.84078369,
          8.50130389,   -5.84447568]), array([-162.91235993,    2.2649719 , -103.68146489,   -4.86755052,
          7.85229942,   -1.10578257]), array([-160.62797128,    2.62748121, -108.53017019,   -2.8574211 ,
         23.55616176,  -13.6274587 ]), array([-158.03359618,    2.56493381, -111.3022349 ,   -1.28377921,
         21.27177311,   -8.77875341]), array([-1.55472032e+02,  2.36187335e+00, -1.12638622e+02, -4.92670635e-03,
        1.86773980e+01, -6.00668869e+00]), array([-153.07867507,    2.92433099, -112.62405112,   -1.02327734,
         16.11583431,   -4.67030173]), array([-150.12139192,    3.34420264, -113.64273214,   -1.93690701,
         13.7224769 ,   -4.68487247]), array([-146.84394809,    3.70612523, -115.56341746,   -2.52304748,
         10.76519376,   -3.66619146]), array([-143.07747146,    4.01949926, -118.15295129,   -3.07368206,
          7.48774993,   -1.74550613]), array([-139.07029118,    4.24980967, -121.16678344,   -3.50969495,
         10.41120175,    8.29708895]), array([-134.87739464,    4.31921793, -124.68077525,   -3.84464154,
          6.40402146,   11.31092111]), array([-130.65636656,    4.44943999, -128.46249223,   -4.07609591,
          2.21112493,   14.82491292]), array([-126.21445752,    4.62854862, -132.54939699,   -3.79376551,
         -2.00990316,   18.6066299 ]), array([-121.6261778 ,    4.72066419, -136.27346989,   -3.39254667,
         -6.45181219,   22.69353466]), array([-116.84085286,    4.79525785, -139.65936103,   -2.58662452,
        -11.04009191,   26.41760756]), array([-112.14002388,    4.62855301, -142.40130657,   -1.10804079,
        -15.82541685,   29.80349869]), array([-1.07533309e+02,  3.93423782e+00, -1.43493247e+02,  1.33595425e-01,
       -2.05262458e+01,  3.25454442e+01]), array([-103.5569493 ,    3.30549159, -143.2902639 ,    1.05441902,
        -25.13296077,   33.63738466]), array([-100.31691897,    2.69649737, -142.22203326,    1.84428205,
        -29.10932041,   33.43440156]), array([ -97.53669204,    2.12235713, -140.33426977,    2.49756081,
        -32.34935075,   32.36617093]), array([ -95.46424061,    1.503963  , -137.89196838,    3.06989326,
        -35.12957767,   30.47840744]), array([ -94.03802061,    0.94903049, -134.8575722 ,    3.48563115,
        -37.2020291 ,   28.03610605]), array([ -93.09638804,    0.4226406 , -131.29606751,    3.76560509,
        -38.6282491 ,   25.00170987]), array([ -92.59322029,    0.37535997, -127.47803118,    4.00612829,
        -39.56988167,   21.44020518]), array([ -92.16876227,    0.34586791, -123.48006517,    4.16155642,
        -40.07304942,   17.62216885]), array([ -91.92869079,    0.30333626, -119.34334074,    4.28426314,
        -40.49750744,   13.62420284]), array([ -91.60674744,    0.34368909, -115.03454117,    4.43515476,
        -40.73757892,    9.48747841]), array([ -91.27356831,    0.2868225 , -110.67539011,    4.60059094,
        -41.05952227,    5.17867884]), array([ -90.93699058,    0.20495731, -106.15003283,    4.72219976,
        -41.3927014 ,    0.81952778]), array([ -90.74673019,    0.19195728, -101.40084078,    4.76200343,
        -41.72927914,   -3.7058295 ]), array([-90.57204743,   0.17267629, -96.72096115,   4.78454399,
       -39.50429371,  11.84765177]), array([-90.3816835 ,   0.13647948, -92.01482677,   4.82861531,
       -39.67897647,   7.16777214]), array([-90.1932123 ,   0.13093816, -87.1565193 ,   4.81140821,
       -39.86934041,   2.46163776]), array([-8.99568487e+01,  6.69789705e-02, -8.23941415e+01,  4.88855416e+00,
       -4.00578116e+01, -2.39666971e+00]), array([-8.99674033e+01,  6.34382225e-02, -7.74861311e+01,  4.88369470e+00,
       -4.02941752e+01, -7.15904755e+00]), array([-89.86330197,   0.15589475, -72.66002302,   4.91668815,
       -40.28362057, -12.0670579 ]), array([-89.65957508,   0.15072224, -67.76208631,   4.93256429,
       -40.38772194, -16.89316599]), array([-89.56493525,   0.18793684, -62.8709481 ,   4.95987873,
       -40.59144883, -21.7911027 ]), array([-89.44838919,   0.13330665, -57.92053605,   4.91384202,
       -40.68608866, -26.68224091]), array([-8.93913492e+01,  4.07055316e-02, -5.30087252e+01,  4.82889493e+00,
        1.55282378e+00,  4.43766086e+01]), array([-8.93829104e+01, -2.74626541e-02, -4.82393654e+01,  4.86567720e+00,
        1.49578377e+00,  3.94647977e+01]), array([-8.94991696e+01,  1.77626820e-02, -4.34113466e+01,  4.92953187e+00,
        1.48734498e+00,  3.46954379e+01]), array([-8.95147148e+01,  6.58556600e-02, -3.85664258e+01,  5.02344987e+00,
        1.60360416e+00,  2.98674192e+01]), array([-89.49573436,   0.15577363, -33.53383825,   5.0391375 ,
         1.61914936,  25.02249832]), array([-89.26865305,   0.2411493 , -28.53787125,   4.98630418,
         1.60016896,  19.98991078]), array([-89.08033703,   0.34134935, -23.46872296,   4.98190903,
         1.37308764,  14.99394378]), array([-88.75841432,   0.31018412, -18.54905882,   4.92147606,
         1.18477162,   9.9247955 ]), array([-88.44725517,   0.68536794, -13.62738695,   4.94526626,
        -3.94294592,   7.21895569]), array([-87.77195115,   1.12293873,  -8.66420981,   4.95703142,
       -50.35604403,  17.3051195 ]), array([-86.66318806,   1.79313891,  -3.73511622,   4.94571105,
       -51.03134805,  12.34194236]), array([-84.79531885,   2.13240776,   1.29384848,   4.98029872,
       -52.14011114,   7.41284878]), array([-82.62097634,   2.66032962,   6.4044773 ,   5.01585255,
       -54.00798035,   2.38388408]), array([-79.97670656,   2.31470253,  11.42375807,   5.01801309,
       -56.18232286,  -2.72674475]), array([-77.60370378,   1.96402887,  16.43988923,   5.06223382,
       -58.82659264,  -7.74602551]), array([-75.56262627,   1.52633167,  21.48862168,   4.97723186,
       -59.3566936 ,  13.48066554]), array([-74.11540908,   0.95740283,  26.43595659,   4.96654916,
       -61.39777111,   8.4319331 ]), array([-73.14038294,   0.3407416 ,  31.37081487,   4.95094494,
       -62.8449883 ,   3.48459818]), array([-72.78264138,  -0.30104004,  36.25301643,   5.00716425,
       -63.82001444,  -1.4502601 ]), array([-72.99523762,  -1.26526381,  41.28094736,   4.94977453,
       -64.177756  ,  -6.33246166]), array([-74.34880734,  -2.02867712,  46.24225563,   4.05890951,
       -63.96515976, -11.36039258]), array([-76.51408205,  -2.59491288,  50.32459239,   2.17458483,
       -62.61159004, -16.32170086]), array([-79.11662737,  -3.01533357,  52.46477948,   0.74206492,
       -60.44631533, -20.40403761]), array([-82.11044731,  -3.40705928,  53.26071237,  -0.34913344,
       -57.84377001, -22.54422471]), array([-85.55250194,  -3.70634822,  52.88924544,  -1.21464757,
       -54.84995007, -23.3401576 ]), array([-89.23741299,  -4.03063299,  51.65099551,  -1.9870059 ,
       -51.40789544, -22.96869067]), array([-93.28580505,  -4.19819273,  49.66547154,  -2.57747847,
       -47.72298439, -21.73044073]), array([-97.5344694 ,  -4.40026523,  47.05511428,  -2.94809466,
       -43.67459233, -19.74491676]), array([-102.00261454,   -4.54322652,   44.16604623,   -3.3751754 ,
        -39.42592798,  -17.1345595 ]), array([-106.57968041,   -4.60708917,   40.82688231,   -3.74802063,
        -34.95778284,  -14.24549145]), array([-111.19124438,   -4.54704538,   37.00542012,   -4.00263153,
        -30.38071697,  -10.90632754]), array([-115.81398168,   -4.64421552,   32.95850364,   -4.15909134,
        -25.769153  ,   -7.08486535]), array([-120.50321064,   -4.70527899,   28.81332266,   -4.40403717,
        -21.1464157 ,   -3.03794886]), array([-125.24977353,   -4.70873754,   24.46355305,   -4.46701657,
        -16.45718674,    1.10723212]), array([-129.87295892,   -4.73365064,   19.91019452,   -4.60711003,
        -11.71062386,    5.45700172]), array([-134.63420051,   -4.49863649,   15.25272551,   -2.79737182,
         -7.08743846,   10.01036026]), array([-139.15597404,   -3.84902799,   12.43691778,   -1.32751072,
         -4.16909869,  -11.57499296]), array([-1.43001355e+02, -3.42205707e+00,  1.11740982e+01,  3.00531727e-02,
        3.52674838e-01, -8.75918522e+00]), array([-146.35616471,   -3.78110153,   11.17823611,   -1.00445275,
          6.04095764,   18.74645659]), array([-150.05279651,   -4.03926026,   10.18491619,   -1.80923614,
          9.39576733,   18.74231867]), array([-154.11932414,   -4.28583089,    8.39996496,   -2.39775959,
         13.09239913,   19.73563858]), array([-158.36646025,   -4.41011599,    6.00951715,   -2.88689896,
         17.15892676,   21.52058981]), array([-162.78474325,   -4.57597426,    3.13332501,   -3.19674248,
         21.40606287,   23.91103763]), array([-1.67374758e+02, -2.83160193e+00, -9.42208061e-02, -3.56367591e+00,
        2.58243459e+01,  2.67872298e+01]), array([-170.23765862,   -3.29700161,   -3.65178572,   -3.81252837,
         30.41436088,   30.01477558]), array([-8.73743604e-03,  4.00967432e-02,  7.00464091e-03,  8.06961402e-02,
       -1.36960397e+02,  2.99205548e+01])]

Trash Locations: [(-135.46004763749988, -60.74194145465549), (-132.6662697115292, -109.8558623310147), (-140.16302300183082, -87.10184743605048), (-139.35619816497515, -117.3089235924682), (-156.64223030428286, -99.97000983982949), (-130.2510239056682, -89.55318901013972), (-92.70136024144196, -11.330103124829861), (-136.96039738072542, 29.920554773284465), (-87.89556540759176, -13.543927465630134), (-138.80329920019392, 3.6777325534469867)]