-22254.487936220437
-20847.321786397097
-19531.398141625614
-18322.219767980125
-16954.30178443779
-16907.109666852917
-17761.90364014369
-16057.211505436655
-15426.296319460405
-14425.652235675294
-12377.109302884315
-11858.107000018315
-13335.502003011996
-12109.03222909875
-11941.848603451179
-12257.686196715764
-12714.88796886769
-10971.909711418128
-10430.760231781234
-12213.143589524823
-10844.92975394658
-10436.79311032087
-11519.638442924277
-10977.210412905311
-10450.999706643945
-10855.838363081017
-10342.223606179361
-10087.744798988551
-9700.001557798332
-9898.455358293857
-9312.099154123744
-9307.884783156498
-9994.788794612325
-9051.491303248815
-8983.180274099672
-8346.574239156587
-8818.507050059194
-8660.63101229443
-8550.267725742076
-8407.207022572678
-8132.912549214173
-8414.513070691453
-8517.78735600938
-8351.608816650789
-7717.563578567749
-8083.658636028932
-8171.755605031916
-8032.506533208609
-7849.5166356937025
-7991.64571894106
