-22254.487936220437
-21522.480560789558
-19600.968239391455
-18356.598169331643
-17827.76546597308
-17391.586660282348
-16829.581714779786
-15431.272815816517
-14360.866028033948
-13302.532460573173
-12404.881007963368
-11191.482235011128
-10759.574551045842
-9322.66805619068
-8038.881932845582
-6995.865402992055
-6930.872497503888
-6276.7433061205675
-5916.7512488568045
-5716.066870023971
-5457.242113557274
-5413.451054552584
-5305.880366228484
-5160.6364468221345
-5098.18850295535
-5037.665481015474
-4910.009340946158
-4913.499030364541
-4830.894041667151
-4825.161598270409
-4746.0248861339705
-4796.185267215215
-4736.418565948017
-4771.659320117068
-4696.347629641772
-4660.410684008641
-4698.826101590071
-4661.551924185533
-4653.808811697831
-4670.110399870575
-4689.6836880363035
-4651.602560082517
-4648.074025645061
-4591.945289450023
-4629.059805867047
-4608.152953327417
-4566.824208090657
-4637.972302756408
-4588.487576494815
-4612.823535848207
