-19530.73793622042
-20160.219022123965
-19445.518538336524
-17881.97622364355
-17447.4173771733
-17087.69986493403
-16509.704210170054
-14398.435271442879
-12886.32953118282
-12168.265046329121
-10466.117077449559
-8839.049904172543
-7706.6298212126185
-6683.514420142953
-5995.776731770848
-5379.083896268264
-5184.73861454031
-4740.772354154265
-4527.311048645966
-4457.464548436169
-4338.669010476531
-4276.883669794573
-4198.827683003869
-4096.8196635262175
-4072.2434372748335
-4041.6567402860537
-3927.9215711851393
-3949.624848128391
-3860.3014029930864
-3903.6276504750313
-3823.223096004891
-3866.10679282489
-3798.240814937211
-3856.4891187065004
-3806.1637689802897
-3768.9035669410064
-3811.5208024095714
-3776.7501830285937
-3762.8622144241863
-3804.508800242089
-3832.989545639028
-3795.931707396777
-3782.9449803763214
-3721.4407564151625
-3748.9663881711276
-3758.1887915159955
-3711.723188701132
-3778.755553293643
-3737.7553034177486
-3744.979364770871
