-49491.98793622043
-29873.01375288287
-23288.933071745043
-22934.995528154363
-26923.594402951225
-28545.542918693587
-32376.27911732502
-29517.117232165627
-22619.999095710424
-17976.666919523992
-18225.554383783332
-18225.402392213342
-18838.64228574257
-17092.895441826004
-16790.667882767375
-16308.084357936386
-15842.530452935953
-15170.138933494836
-14727.054825071138
-14495.911365132208
-14303.24354176426
-14270.16307082053
-13997.151130101342
-13828.267379937586
-13731.233089340301
-13653.924483623714
-13421.163009642263
-13291.643668924004
-13402.236434774162
-13006.998459035467
-13207.352366469848
-13280.555695772497
-13323.58686639739
-13217.347518859116
-13033.165008924212
-12953.796490570097
-13060.016736170688
-13096.432887604029
-13221.353490849951
-13002.27032763103
-12965.652122264195
-12936.994114926954
-13111.06615560041
-13119.17573427003
-13257.303594214323
-12937.812448585133
-12973.502766382182
-13146.178443587536
-12960.562299260482
-13169.911046760879
