-49491.98793622043
-29322.321786397148
-23006.398141625614
-22872.219767980096
-26241.801784437772
-25994.609666852943
-25599.40364014373
-23819.711505436622
-22663.79631946044
-21213.152235675305
-21364.60930288426
-20058.10700001832
-20098.002003011905
-19096.532229098735
-18466.848603451235
-16295.186196715678
-17189.887968867697
-16009.40971141812
-14905.76023178125
-17275.643589524865
-14219.929753946552
-14949.293110320854
-14207.13844292429
-12739.71041290531
-12738.49970664395
-13393.33836308101
-12342.22360617937
-12050.24479898857
-11125.00155779834
-11323.455358293857
-10774.599154123756
-11145.384783156504
-11744.788794612316
-10538.991303248798
-10033.180274099683
-10534.07423915661
-9556.007050059196
-9460.631012294434
-9125.26772574208
-9244.707022572682
-9245.41254921419
-8677.01307069145
-9205.287356009378
-8926.608816650789
-9280.063578567753
-8758.658636028928
-8634.255605031918
-8657.506533208605
-8587.016635693708
-8491.645718941058
