-49491.98793622043
-29366.02890919891
-22738.49703038273
-23130.890040419366
-27376.757820012506
-28498.206957625644
-32268.909497442415
-30603.058772458644
-23880.06220834361
-18524.607142377907
-18338.619152159252
-18356.50132255209
-18787.386043559545
-16822.699021796656
-16654.087058487592
-15900.992839027254
-14861.262985706024
-14476.683360973057
-14000.589376579283
-13477.984987494685
-13399.832487059288
-13134.575142334113
-12710.410025893634
-12206.722892965088
-12030.905186821441
-11598.826907220555
-11519.765972608277
-11231.934030999088
-11186.534659130653
-10958.7481148233
-11090.349566710838
-11159.687121448176
-11154.916775371083
-11052.92182883368
-10912.169246532048
-11040.409527460364
-10921.750287492196
-10897.173377196106
-10863.429579552063
-10947.806153617052
-10936.131113192807
-10973.72230024287
-10959.61360384002
-10909.361175736898
-11079.987356366142
-10974.480665241847
-10913.326105070988
-10976.884561801244
-10889.566469568003
-11066.224908074504
