-49491.98793622043
-29325.011928959855
-22769.851027193326
-23126.16815818951
-27346.031982085948
-28639.979152910295
-29598.120755827567
-27175.00606211995
-21537.846468362182
-19726.309608173935
-19647.29462187521
-18522.18776872413
-18783.72823133364
-16820.462698524032
-16930.976060944384
-16078.973762293399
-15081.946567549025
-14537.714364194218
-14031.379455073733
-13377.089673039993
-13308.018701686064
-12917.369348935488
-12598.79678691702
-12154.9420716145
-11801.4202013048
-11600.589452149865
-11299.13245591713
-11072.434040947282
-11120.939206070523
-10873.288052064887
-10921.511344494329
-11014.13568135766
-11039.828252924866
-10957.57349027045
-10856.954363804127
-10904.797968346242
-10835.543183863989
-10867.688945169635
-10727.73174651559
-10700.3625221956
-10742.312481370427
-10636.202208194056
-10689.587038991773
-10695.28035194649
-10769.350454481664
-10705.541095906516
-10669.635669622936
-10679.842979824361
-10559.825117125276
-10744.906152708003
