-19530.73793622042
-19985.236825639025
-19167.1724897116
-17877.47885289128
-16428.24030177283
-15569.233351456141
-15977.21757116925
-14608.969306527575
-13131.977547641562
-11673.075406395092
-10157.545548247079
-9832.61694809482
-10425.651077670318
-10008.971620863686
-10885.668387477162
-10539.24269132153
-10664.472993818454
-9123.264493263963
-9317.962239337243
-9949.115733527764
-8785.790162829175
-8815.808223729167
-8791.248937228518
-8681.599068481708
-8569.26903328013
-8596.226011170884
-8316.430153653177
-8444.34093745735
-8142.657013425213
-8308.578837851126
-7297.233585943519
-7987.091564512952
-8311.291557329509
-7533.193188707077
-7803.406624385583
-7672.897038406566
-8042.257706939599
-7840.705172591884
-7699.148503531079
-7792.47101360526
-7603.993068906719
-7653.960907365954
-7845.760112185142
-7695.976293800294
-7459.4418754304625
-7632.939858876425
-7599.51505549719
-7553.131201092106
-7457.606451676891
-7504.897869469831
