-49491.98046875
-29322.306640625
-23006.373046875
-22872.123046875
-26241.552734375
-25978.60546875
-25634.794921875
-23711.431640625
-22554.01171875
-21346.17578125
-21216.583984375
-20292.205078125
-20067.640625
-19027.48046875
-19102.82421875
-18205.38671875
-16713.333984375
-16940.533203125
-15757.0986328125
-15579.6826171875
-15971.345703125
-15086.9736328125
-12935.6162109375
-12649.6416015625
-12023.3701171875
-12504.904296875
-11824.2451171875
-11715.2734375
-11463.8974609375
-11752.30078125
-10746.013671875
-10934.556640625
-11289.580078125
-10386.455078125
-9939.630859375
-10131.412109375
-9995.5068359375
-9512.3896484375
-9191.8916015625
-9404.748046875
-9720.029296875
-8752.822265625
-9341.796875
-9219.556640625
-9213.0576171875
-8907.787109375
-8723.2978515625
-8746.640625
-8726.240234375
-8499.748046875
-8394.833984375
-8162.2666015625
-8126.31103515625
-8146.78369140625
-7959.59619140625
-7941.79541015625
-7841.8564453125
-7839.5673828125
-7746.4013671875
-7720.4326171875
-7703.39306640625
-7669.48193359375
-7754.92578125
-7693.38134765625
-7805.2197265625
-7691.95947265625
-7706.7236328125
-7650.84228515625
-7642.78515625
-7519.36865234375
-7549.41259765625
-7490.36962890625
-7516.8671875
-7550.3056640625
-7582.2177734375
-7453.67041015625
-7406.19287109375
-7501.43994140625
-7548.6552734375
-7456.921875
