-19530.73793622042
-20164.42244593223
-19042.854502460465
-17863.653169382167
-16698.90595391555
-16037.25242020738
-15088.805621547097
-13545.416685072003
-12566.251906511472
-11925.667357217993
-11567.050538732878
-10406.231379282735
-9975.463720803516
-8497.075555050822
-7209.652338839073
-6081.4379263565315
-5730.070927827337
-5136.738685564358
-4846.766626266734
-4663.909343247104
-4428.901459490421
-4403.031178207845
-4320.181129302154
-4193.863090200899
-4144.864942020757
-4105.727606622588
-4007.4309914765036
-4027.507013163579
-3936.381745275676
-3964.4632215315223
-3873.3634366085325
-3923.044983297572
-3851.2003855910057
-3902.6271943078864
-3845.6288906296154
-3808.040695378494
-3850.4238149014773
-3805.950075158568
-3793.9351677875734
-3829.831579799332
-3857.1349469047504
-3815.2671270435794
-3800.8660849256717
-3737.4501657111623
-3765.133934208273
-3769.9003086345124
-3724.3112915705487
-3786.8149833108414
-3750.294223535292
-3755.1168799471066
-3744.4023332311544
-3711.7071738878717
-3793.064317122446
-3789.1629123012426
-3709.783424093501
-3737.9997283930416
-3748.533389012105
-3768.680160184401
-3743.0622811730764
-3754.574067841936
-3765.9685106429083
-3694.8723222923436
-3737.665320468368
-3721.86974712448
-3722.784624359766
-3684.3511946850363
-3749.3007890268927
-3735.8895782678796
-3815.4657325834205
-3756.8327112659535
-3687.238292311579
-3697.509207694989
-3756.713293322333
-3631.2957571421744
-3749.2670581425205
-3796.6143309107074
-3701.2922078033
-3702.209961605093
-3754.673299344454
-3688.6683868827204
