-22254.487936220437
-21519.08134929256
-20759.934248717014
-19598.776805687678
-19223.72902912046
-19385.35847252905
-18158.868677332626
-16534.061592984417
-14660.81351832797
-13032.441492952532
-11487.752705060002
-9773.095804585999
-9753.554532977367
-8746.758514464647
-7489.663141232486
-6677.463203490961
-6640.466872577212
-6039.717380134107
-5739.9985188205965
-5571.854695019219
-5373.421424044317
-5298.052213334683
-5137.431711851304
-5038.870538628287
-5005.822213697615
-4960.587985102981
-4853.923302650017
-4852.022009595892
-4766.804366572945
-4772.945027933453
-4697.076109154361
-4745.412183088907
-4692.806040812966
-4731.384360413524
-4668.18930256129
-4628.992822276759
-4681.727618406934
-4643.938463708476
-4634.343205585942
-4656.152758824908
-4676.667791907525
-4636.797667675714
-4637.830119665214
-4581.732523916022
-4617.890617347836
-4600.083656573279
-4561.549689510869
-4633.016284761222
-4582.668146843193
-4607.587651094081
-4575.015042603961
-4552.59346858724
-4626.492068020242
-4627.729044125537
-4558.820030680624
-4580.202934320959
-4585.712495148973
-4604.138089811611
-4578.59158277276
-4584.790073941528
-4605.828895890498
-4533.945639214296
-4588.700767670058
-4565.031837427432
-4573.334211483578
-4536.2043265393
-4595.667362171101
-4583.723234467874
-4639.880881049102
-4575.556821856615
-4540.128715937114
-4535.279772551186
-4586.077176739038
-4507.971104206933
-4599.290671724848
-4610.460517017234
-4532.014282529416
-4554.727858768266
-4605.579351533489
-4536.926386568959
