-19530.73793622042
-19986.994220937726
-19170.594627029168
-17874.25256447279
-16418.848730537204
-16141.310871685428
-16511.294032443486
-15215.666445298513
-13416.421887802557
-11491.738844833506
-11757.906258967243
-11850.309911034294
-11429.31605261202
-10374.741370601885
-10969.398314769387
-11162.714103716786
-11055.416370558862
-10010.6607731589
-10256.368833658682
-10906.718784478642
-9398.976220952367
-9200.921174142159
-9351.216640327677
-9253.105662603859
-9125.31820331815
-9074.376089615958
-8742.28263904464
-8947.614212082917
-7983.21409454931
-8336.872405061718
-8100.733761924705
-8320.44371745399
-8451.8178305279
-7721.440852133921
-8493.088990146218
-7605.991109749855
-8091.7906471634615
-8007.500644990387
-7917.539670470697
-7957.075334713161
-7705.076763144445
-7808.067351540606
-7951.131561647651
-7784.1546355001365
-7614.14983623017
-7613.02696874401
-7581.364584528579
-7642.424845669446
-7480.85259219862
-7507.105359287256
-7538.219770079832
-7496.95596340037
-7489.896599601512
-7453.894725055514
-7418.137793727338
-7454.036794947186
-7432.981987950561
-7478.423360425477
-7246.14924816388
-7238.564115870649
-7364.381819050262
-7333.91753165079
-7419.715810727141
-7295.4867551356265
-7408.537965965105
-7293.510013407339
-7401.86640621218
-7442.78175951887
-7290.785391553451
-7165.753487068374
-7273.974762228364
-7238.577347039934
-7252.904162714169
-7297.97934366822
-7254.237676118665
-7244.414759865021
-7174.41728038586
-7244.295612121891
-7248.73348093094
-7232.568903506
