54.475
27.175
24.9
33.125
34.525
40.8
31.95
45.525
39.35
28.525
23.75
23.3
25.4
24.925
22.4
22.55
21.175
20.625
19.1
19.275
19.125
18.85
18.25
18.325
18.025
18.1
17.75
17.35
17.45
16.775
17.1
17.175
17.475
17.125
16.85
16.875
17.075
17.125
17.275
16.85
16.65
16.7
16.975
17.15
17.275
16.725
16.875
17.075
16.8
17.2
16.75
16.925
16.75
16.875
17.075
17.0
16.85
16.75
16.825
16.7
16.875
16.875
17.175
16.95
17.05
17.125
17.0
17.05
16.525
16.45
17.175
16.825
16.625
17.6
17.075
16.35
16.675
17.125
17.075
17.025
