-22254.487936220437
-20897.133009847672
-19522.954637360614
-18491.018224583968
-17719.437466067902
-16997.25915213591
-16673.83221454605
-14779.69176207603
-13230.10952615883
-11787.088557707613
-10789.38579040628
-9894.057013198562
-9710.570882288277
-8666.186060843062
-7635.955693865081
-6924.806316683933
-6663.480811162764
-6078.412687938404
-5842.493563017269
-5680.416328857047
-5445.058662218889
-5433.251134087428
-5310.270730985026
-5194.789150765722
-5119.532249632626
-5083.986560477226
-4913.813406943856
-4918.18532505184
-4823.460296541663
-4824.271199764559
-4747.743717324207
-4793.398198636571
-4745.242676692745
-4770.081232568971
-4707.793377656909
-4664.95761542659
-4703.307106161567
-4658.556243362358
-4660.70372303733
-4671.171048267471
-4696.965752186572
-4653.658951557743
-4648.301166833815
-4595.417954114464
-4629.690209288893
-4610.868338194938
-4569.257193399382
-4642.8310119816715
-4593.367472254562
-4612.507369281751
-4582.7818064558005
-4558.982677597601
-4632.695846619213
-4632.019823931491
-4564.03952248649
-4586.498266471473
-4589.307848392226
-4609.981899509734
-4582.026031937948
-4590.939785342151
-4613.051663888815
-4538.3793166759915
-4595.901914429598
-4570.182920051208
-4576.748287465774
-4542.018239277648
-4600.4187320313595
-4590.321788527604
-4643.111642321756
-4579.225112002793
-4546.394686177675
-4540.491053080041
-4590.0887756787815
-4514.593694275849
-4605.9958042018
-4615.09432165126
-4538.061899348097
-4560.854571185197
-4612.205209204256
-4541.51137234882
