-49491.98046875
-29310.865234375
-22772.373046875
-23100.966796875
-27145.22265625
-28682.31640625
-29111.77734375
-27151.55859375
-21054.400390625
-19399.173828125
-18701.88671875
-16533.048828125
-16466.61328125
-16023.580078125
-15488.693359375
-13895.279296875
-12751.0947265625
-13847.017578125
-12281.486328125
-11434.7265625
-12369.2685546875
-11712.0908203125
-10983.78125
-10802.318359375
-10577.5693359375
-10534.001953125
-10027.9111328125
-9701.0595703125
-9279.09375
-8934.921875
-9478.1455078125
-9192.3642578125
-8903.837890625
-9993.908203125
-9010.470703125
-8959.4716796875
-8436.078125
-8453.958984375
-8178.2421875
-8354.833984375
-9254.3388671875
-8368.212890625
-8263.8310546875
-8060.4990234375
-8344.814453125
-8011.3017578125
-7830.58447265625
-7918.3271484375
-7970.37890625
-8139.0888671875
-7760.74072265625
-7896.00146484375
-7743.95458984375
-7917.1669921875
-7755.3671875
-7718.70947265625
-7629.03125
-7646.73583984375
-7620.06884765625
-7679.04931640625
-7582.70458984375
-7588.3515625
-7626.8623046875
-7582.34228515625
-7705.85009765625
-7617.98583984375
-7501.5654296875
-7598.18896484375
-7557.1923828125
-7397.86474609375
-7638.02587890625
-7480.14990234375
-7426.89697265625
-7645.31103515625
-7688.77490234375
-7413.29833984375
-7500.29296875
-7490.4609375
-7570.0283203125
-7447.02490234375
