-19530.73793622042
-20028.38300984767
-19190.45463736062
-18037.26822458398
-16768.187466067895
-15852.259152135903
-15102.58221454607
-13344.691762076021
-12347.609526158838
-11168.33855770761
-10031.885790406275
-9060.307013198548
-8800.570882288303
-7818.686060843055
-6723.455693865084
-5987.306316683929
-5750.98081116276
-5172.162687938399
-4962.493563017271
-4797.916328857044
-4566.308662218889
-4545.751134087441
-4449.020730985039
-4332.289150765718
-4245.782249632634
-4228.986560477225
-4048.8134069438483
-4078.1853250518425
-3969.7102965416634
-4000.5211997645556
-3895.243717324201
-3937.148198636576
-3883.9926766927333
-3922.5812325689694
-3874.0433776569057
-3836.2076154265997
-3865.8071061615747
-3809.806243362365
-3804.4537230373157
-3838.6710482674594
-3868.215752186571
-3822.4089515577484
-3803.3011668338286
-3740.4179541144686
-3765.940209288886
-3773.3683381949386
-3729.257193399391
-3795.331011981677
-3758.3674722545557
-3756.2573692817523
-3745.281806455798
-3712.7326775975985
-3795.195846619218
-3789.519823931497
-3710.289522486488
-3743.9982664714707
-3749.3078483922313
-3772.4818995097385
-3743.276031937953
-3754.689785342157
-3769.301663888809
-3694.629316675985
-3739.651914429602
-3722.682920051211
-3724.248287465757
-3688.268239277647
-3751.6687320313677
-3740.321788527594
-3815.6116423217622
-3756.725112002792
-3693.8946861776612
-3700.491053080035
-3760.0887756787865
-3637.09369427586
-3754.745804201797
-3798.844321651264
-3704.311899348098
-3703.354571185189
-3760.955209204259
-3690.261372348811
