
Good
Feature: [0, 101, 6]

States: [array([-111.49495081,    0.24697909,    1.65432422,   -0.49195158,
        -22.97163555,  -23.8684474 ]), array([-111.30235725,   -0.6909953 ,    1.12692297,   -1.3871083 ,
        -21.47668474,  -25.52277162]), array([-112.00238059,   -1.50249611,   -0.25255313,   -2.05280547,
        -21.6692783 ,  -24.99537036]), array([-113.57985668,   -2.18461546,   -2.26766798,   -2.69738958,
        -20.96925495,  -23.61589427]), array([-115.75772006,   -2.85774168,   -4.89419042,   -3.1452222 ,
        -19.39177887,  -21.60077942]), array([-118.56681807,   -3.23523158,   -8.02337183,   -3.43577885,
        -17.21391548,  -18.97425698]), array([-121.76967209,   -3.55312319,  -11.41188883,   -3.74424263,
        -14.40481748,  -15.84507557]), array([-125.26061578,   -3.88059348,  -15.14613864,   -3.93640691,
        -11.20196346,  -12.45655857]), array([-129.15983291,   -4.02503582,  -19.17373302,   -4.17623769,
         -7.71101977,   -8.72230876]), array([-133.19796763,   -4.21733105,  -23.31136173,   -4.4167512 ,
         -3.81180264,   -4.69471437]), array([-137.45630991,   -2.71740325,  -27.79029457,   -4.53650572,
          0.22633208,   -0.55708567]), array([-140.17283949,   -1.20160704,  -32.34633194,   -4.6131526 ,
          2.35325566,  -29.72820101]), array([-1.41371106e+02,  6.62459456e-02, -3.69646749e+01, -4.66062233e+00,
        5.06978525e+00, -2.51721636e+01]), array([-141.28722025,    1.04616169,  -41.61339206,   -4.69780196,
          6.26805145,  -20.55382072]), array([-140.24273493,    1.84637685,  -46.24527586,   -4.7382607 ,
          6.184166  ,  -15.90510353]), array([-138.35598522,    2.51006321,  -51.05775146,   -4.95485104,
          5.13968068,  -11.27321972]), array([-135.87431225,    3.00385189,  -55.99560593,   -5.03525644,
          3.25293097,   -6.46074412]), array([-132.90072026,    3.38572556,  -61.0426059 ,   -5.02265853,
          0.771258  ,   -1.52288965]), array([-129.48033903,    3.74173845,  -66.11053277,   -4.9814256 ,
        -28.31229814,  -11.40379371]), array([-125.70858353,    3.95272276,  -71.09867532,   -4.78567412,
        -31.73267938,   -6.33586685]), array([-121.74109352,    4.12512179,  -75.88760383,   -4.41392551,
         26.90425697,   15.75486501]), array([-117.54426002,    4.26816678,  -80.31246696,   -4.31391344,
         18.35775919,  -18.32596076]), array([-113.2708922 ,    4.34486301,  -84.56168321,   -4.32491858,
         14.16092569,  -13.90109763]), array([-108.87427714,    4.49971165,  -88.907301  ,   -4.48073223,
          9.88755787,   -9.65188138]), array([-104.33158264,    4.56947626,  -93.46604544,   -4.31420729,
          5.49094281,   -5.30626359]), array([-99.81942937,   3.28456818, -97.74328871,  -2.48192144,
         0.94824832,  -0.74751915]), array([ -96.48869639,    2.20262188, -100.23008195,   -1.02078592,
          1.0151028 ,   42.39947841]), array([ -94.29668448,    1.21525672, -101.22522126,    0.12687471,
         -2.31563018,   44.88627165]), array([ -93.17298814,    0.74684414, -101.10490941,    1.109223  ,
         -4.50764208,   45.88141096]), array([ -92.43282424,    0.32909798, -100.04896181,    1.89315142,
         -5.63133843,   45.76109911]), array([-9.20759243e+01,  5.56216075e-02, -9.82190387e+01,  2.49054886e+00,
       -6.37150232e+00,  4.47051515e+01]), array([-92.05787399,  -0.17959544, -95.90429277,   2.95000449,
        -6.72840224,  42.87522838]), array([-92.21395074,  -0.48695134, -92.97737868,   3.32395691,
        -6.74645257,  40.56048247]), array([-92.75783412,  -0.74741383, -89.65863634,   3.74199714,
        -6.59037583,  37.63356838]), array([-93.46627138,  -0.87044326, -86.0047396 ,   3.97510646,
        -6.04649244,  34.31482604]), array([-94.41629745,  -1.02702364, -82.04493645,   4.16152312,
        -5.33805518,  30.66092929]), array([-95.48205291,  -1.06094494, -77.9798533 ,   4.26760792,
        -4.38802912,  26.70112615]), array([-96.52819589,  -1.0890042 , -73.7075248 ,   4.38258459,
        -3.32227366,  22.636043  ]), array([-97.56795796,  -1.0507537 , -69.32361924,   4.49601116,
        -2.27613067,  18.3637145 ]), array([-98.64716475,  -0.80464488, -64.84379602,   4.60680998,
        -1.23636861,  13.97980893]), array([-99.44269452,  -0.60597518, -60.24874699,   4.71390204,
        -0.15716181,   9.49998572]), array([-100.13395392,   -0.83792793,  -55.48482872,    4.66357233,
          0.63836795,    4.90493669]), array([-100.97847097,   -0.32750977,  -50.83106524,    4.70152175,
        -61.07906448,  -16.96157089]), array([-101.19001986,   -0.67124865,  -46.19239142,    4.76257293,
        -60.23454744,  -21.61533438]), array([-101.88309935,   -0.78211792,  -41.37214843,    4.84163208,
        -60.02299854,  -26.2540082 ]), array([-102.5675252 ,   -0.87656936,  -36.49033254,    4.93977194,
        -59.32991905,  -31.07425119]), array([-103.41178017,   -1.05828678,  -31.55855351,    4.94784652,
        -58.6454932 ,  -35.95606708]), array([-104.45396526,   -1.29274466,  -26.65370719,    4.85586094,
        -57.80123824,  -40.88784611]), array([-105.8006817 ,   -1.39803971,  -21.78448464,    4.90146876,
        -56.75905314,  -45.79269243]), array([-107.18371821,   -1.5042157 ,  -16.93884984,    4.96073947,
        -55.4123367 ,  -50.66191498]), array([-108.72195618,   -1.53661277,  -11.95403092,    4.94627385,
        -26.1906307 ,   68.5222597 ]), array([-110.33994802,   -1.58363229,   -7.04413326,    4.9296207 ,
        -24.65239273,   63.53744079]), array([-111.94076667,   -1.56710655,   -2.14554344,    5.00978431,
        -23.03440089,   58.62754312]), array([-113.61556417,   -1.54071109,    2.84719021,    4.98300286,
        -21.43358224,   53.7289533 ]), array([-115.10689909,   -1.61492049,    7.87287264,    4.97332378,
        -19.75878474,   48.73621965]), array([-116.67661593,   -1.68627023,   12.87252312,    4.96117531,
        -18.26744982,   43.71053722]), array([-118.33904133,   -1.7320127 ,   17.83088156,    5.0257915 ,
        -16.69773298,   38.71088674]), array([-120.08555745,   -1.72209821,   22.82144792,    5.01772473,
        -15.03530758,   33.75252831]), array([-121.72846291,   -1.69671802,   27.79581603,    4.94651354,
        -13.28879146,   28.76196194]), array([-123.47740386,   -1.80620819,   32.70043336,    4.92883516,
        -11.645886  ,   23.78759383]), array([-125.35608648,   -2.11210715,   37.47305685,    4.91492246,
         -9.89694505,   18.88297651]), array([-127.50247601,   -2.42244273,   42.39491254,    4.9832654 ,
         -8.01826243,   14.11035301]), array([-129.98076788,   -2.77124891,   47.4536076 ,    4.94420921,
         -5.8718729 ,    9.18849733]), array([-132.78482689,   -3.11750145,   52.5013068 ,    4.94696746,
         -3.39358103,    4.12980227]), array([-135.97190526,   -3.40781473,   57.42528681,    4.87842731,
         -0.58952202,   -0.91789694]), array([-139.39854335,   -3.72126268,   62.30796605,    5.02778925,
         -3.58059571,    8.32945065]), array([-143.19928888,   -4.02561008,   67.29771079,    4.96202284,
         -0.15395763,    3.44677141]), array([-147.24202207,   -4.21556369,   72.22165915,    3.92072346,
        -44.50284258,   10.17218099]), array([-151.46771931,   -4.33149762,   76.07708911,    2.19309581,
        -40.4601094 ,    5.24823263]), array([-155.85305963,   -4.5419896 ,   78.24006222,    0.78532   ,
        -36.23441215,    1.39280266]), array([-160.40439153,   -4.63988332,   79.04243604,   -0.36180693,
        -31.84907183,   -0.77017044]), array([-165.03482488,   -4.6842038 ,   78.65091215,   -1.28142275,
        -27.29773993,   -1.57254427]), array([-169.67619927,   -4.68193929,   77.44482657,   -2.09978905,
        -22.66730658,   -1.18102037]), array([-1.74352348e+02, -4.73564515e+00,  7.53075490e+01, -2.69061714e+00,
       -1.80259322e+01,  2.50652026e-02]), array([-179.05891226,   -4.85375904,   72.61867185,   -3.08956239,
        -13.34978317,    2.16234277]), array([-183.93035614,   -4.68225926,   69.49929083,   -1.51429874,
         -8.64321921,    4.85121993]), array([-188.55594401,   -4.73729933,   67.93939794,   -2.30238475,
         -3.77177533,    7.97060094]), array([-193.27173682,   -2.84483854,   65.69623177,   -2.89703497,
          0.85381255,    9.53049383]), array([-196.13192788,   -1.37926071,   62.89574905,   -3.25519034,
          5.56960536,   11.77366   ]), array([-1.97536313e+02, -1.19725889e-01,  5.96213646e+01, -3.55239332e+00,
        8.42979642e+00,  1.45741427e+01]), array([-197.70573696,    0.90206926,   56.01805436,   -3.86779959,
          9.83418153,   17.84852721]), array([-196.79180969,    1.836892  ,   52.16131773,   -4.03307088,
         10.0036055 ,   21.45183741]), array([-194.92541954,    2.50591098,   48.11013005,   -4.22678911,
          9.08967823,   25.30857404]), array([-192.35952998,    2.97726448,   43.82400441,   -4.39088514,
          7.22328808,   29.35976173]), array([-189.41667429,    3.35245623,   39.57543442,   -4.57628405,
          4.65739852,   33.64588736]), array([-186.05946818,    3.64521844,   35.04952228,   -4.64051796,
          1.71454283,   37.89445735]), array([-182.40717249,    3.90046136,   30.43588615,   -4.68890442,
         -1.64266328,   42.42036949]), array([-178.54436877,    3.12648999,   25.83821799,   -4.79974762,
         -5.29495897,   47.03400563]), array([-175.449862  ,    1.5030778 ,   20.98529858,   -4.836365  ,
         -9.1577627 ,   51.63167378]), array([-173.90507737,    0.20374078,   16.1197557 ,   -4.85632366,
        -12.25226946,   56.4845932 ]), array([-173.68441737,   -0.80465523,   11.25452956,   -4.81924353,
        -13.7970541 ,   61.35013607]), array([-174.47954261,   -1.68321082,    6.45276422,   -4.83579833,
        -14.01771409,   66.21536221]), array([-176.17917933,   -2.34221466,    1.62368689,   -4.85472409,
         -5.73427274,  -62.95356587]), array([-178.53154047,   -2.87612144,   -3.15022419,   -4.9337231 ,
         -4.03463602,  -58.12448855]), array([-181.4526671 ,   -2.05876348,   -8.11471882,   -4.93256945,
         -1.68227488,  -53.35057747]), array([-183.49305307,   -0.62979979,  -13.06620512,   -4.91338144,
          1.23885175,  -48.38608283]), array([-184.10554913,    0.53460807,  -17.92831914,   -4.94101019,
          3.27923772,  -43.43459653]), array([-183.5995409 ,    1.42141279,  -22.86236218,   -5.03722074,
          3.89173378,  -38.57248251]), array([-182.11921303,    2.13177027,  -27.81149946,   -5.08084189,
          3.38572555,  -33.63843947]), array([-179.95085684,    2.64927224,  -32.9692028 ,   -5.11845985,
          1.90539768,  -28.68930219]), array([ 2.31654243e-03, -6.13543257e-02, -5.48392288e-02,  3.60045610e-03,
       -1.61213018e+02, -7.24463996e+01])]

Trash Locations: [(-170, -115), (-139.55250097490074, 65.75473746094724), (-135.10305424808797, -57.518495582105544), (-103.38333432428536, -94.2135645903617), (-133.3743489105595, 51.583409862391306), (-161.21301840490014, -72.44639961927456), (-187.70213146225944, 77.46989177441958), (-98.80432656455815, -55.34381030134362), (-180.2138153506012, -56.500801652634536), (-132.97163554951692, -23.868447398331625)]
Bad
Feature: [83, 18, 0]

States: [array([-110.24587971,   -0.80655072,    0.92681476,   -0.41867768,
        -22.97163555,  -23.8684474 ]), array([-111.10405593,    0.30233594,    0.461     ,    0.26253531,
        -22.72575584,  -24.79526216]), array([-110.80709516,    1.31751366,    0.71046845,    0.91517031,
        -21.86757962,  -24.3294474 ]), array([-109.48997185,    2.07244335,    1.60535658,    1.39322717,
        -22.16454039,  -24.57891585]), array([-107.44599431,    2.36252371,    2.91804376,    2.07639117,
        -23.4816637 ,  -25.47380398]), array([-105.03606088,    2.58825087,    4.86173729,    2.61391043,
        -25.52564124,  -26.78649116]), array([-102.38941674,    2.70654046,    7.49984661,    3.08710943,
        -27.93557467,  -28.73018469]), array([-99.7610919 ,   2.71143216,  10.5983481 ,   3.45106794,
       -30.58221881, -31.368294  ]), array([-97.09922043,   2.77278728,  14.0951976 ,   3.7447955 ,
       -33.21054365, -34.4667955 ]), array([-94.24030188,   2.77992683,  17.86068388,   3.97086618,
       -36.27512848,  37.48821227]), array([-91.38043546,   2.8966562 ,  21.78993172,   4.12830761,
       -39.13404703,  33.72272598]), array([-88.38992327,   2.84396825,  25.79578939,   4.33310504,
       -41.99391345,  29.79347814]), array([-85.46923302,   2.85093874,  30.20180212,   4.49462847,
       -44.98442564,  25.78762047]), array([-82.58985414,   2.74365417,  34.74054852,   4.5891896 ,
       -47.90511589,  21.38160774]), array([-79.86679954,   2.69415984,  39.2821311 ,   4.68532703,
       -50.78449477,  16.84286134]), array([-77.17283358,   2.86230237,  44.03203682,   4.69889665,
       -53.50754937,  12.30127876]), array([-74.33776167,   2.87250824,  48.67581666,   4.71116461,
       -56.20151533,   7.55137304]), array([-71.49868527,   2.65846544,  53.36999972,   4.79347563,
       -59.03658724,   2.90759321]), array([-68.82659662,   2.45313637,  58.19302762,   4.90516413,
       -61.87566364,  -1.78658985]), array([-66.35288945,   2.24420103,  63.13238429,   4.91766067,
       -64.54775229,  -6.60961776]), array([-64.1827281 ,   2.03731484,  68.08757493,   4.91501017,
       -67.02145946, -11.54897443]), array([-62.13015567,   1.76850415,  73.11259989,   4.93598629,
       -69.19162081, -16.50416506]), array([-60.29703121,   1.40612706,  78.07471776,   4.97131559,
       -71.24419324, -21.52919002]), array([-58.9025664 ,   0.9231752 ,  83.06030121,   4.98048162,
       -73.0773177 , -26.4913079 ]), array([-57.95638237,   0.38213917,  88.01626528,   4.89081394,
       -74.47178251, -31.47689135]), array([-57.61745535,  -0.3766232 ,  92.94174083,   4.91306627,
       -75.41796654, -36.43285542]), array([-58.01520781,  -1.2344298 ,  97.86329952,   5.01733291,
       -75.75689356, -41.35833097]), array([-59.24938096,  -2.00591508, 102.95178676,   5.02373924,
       -81.53729317, -32.10856206]), array([-61.2997584 ,  -2.58020119, 108.00033896,   5.13318317,
       -80.30312002, -37.1970493 ]), array([-63.73301365,  -3.06067588, 113.0751299 ,   5.09889498,
       -78.25274258, -42.2456015 ]), array([-66.77558648,  -3.443983  , 118.08291039,   5.04758285,
       -75.81948732, -47.32039244]), array([-70.2125751 ,  -3.70579777, 123.16640603,   2.98437353,
       -72.7769145 , -52.32817293]), array([-73.89670182,  -3.98590304, 126.12609408,   1.43488505,
       -69.33992588, -57.41166857]), array([-77.95615376,  -4.12090865, 127.46535411,   0.22598059,
       -65.65579915, -60.37135662]), array([-81.96036197,  -4.23070382, 127.71821173,  -0.90484573,
       -61.59634722, -61.71061665]), array([-86.13819941,  -4.38503853, 126.73523921,  -1.71125607,
       -57.59213901, -61.96347427]), array([-90.58222519,  -4.46460726, 124.94517257,  -2.28064276,
       -53.41430156, -60.98050175]), array([-95.02783294,  -4.56829198, 122.64567484,  -2.80642268,
       -48.97027579, -59.19043511]), array([-99.53977383,  -4.67853071, 119.86227546,  -3.25434785,
       -44.52466804, -56.89093738]), array([-104.2671392 ,   -4.74360255,  116.63052319,   -1.56969135,
        -40.01272715,  -54.107538  ]), array([-108.89295753,   -4.86293847,  114.9740617 ,   -0.36394827,
        -35.28536178,  -50.87578573]), array([-113.72945281,   -4.95257697,  114.61462693,    0.74136907,
        -30.65954345,  -49.21932424]), array([-118.63499618,   -4.95275929,  115.3668839 ,    1.55041226,
        -25.82304816,  -48.85988947]), array([-123.57257629,   -4.8847141 ,  116.89633187,    2.26990677,
        -20.91750479,  -49.61214644]), array([-128.48284697,   -4.98412982,  119.07637342,    0.7576974 ,
        -15.97992468,  -51.14159441]), array([-133.43102855,   -4.95679385,  119.76350357,   -0.40297665,
        -11.069654  ,  -53.32163596]), array([-138.36812282,   -4.90717885,  119.41452314,   -1.25348648,
         -6.12147243,  -54.00876611]), array([-143.25897616,   -4.81817877,  118.14393252,   -1.96862875,
         -1.18437816,  -53.65978568]), array([-148.0510312 ,   -4.84652354,  116.19769863,   -2.52154633,
          3.70647519,  -52.38919506]), array([-152.95266305,   -4.85164982,  113.75111379,   -2.97513031,
          8.49853023,  -50.44296117]), array([-157.79425348,   -4.76729313,  110.79659808,   -3.38586229,
         13.40016207,  -47.99637633]), array([-162.50483265,   -4.75409257,  107.31266186,   -3.69125412,
        -29.90787798,  -33.3267063 ]), array([-167.24408163,   -4.76890573,  103.6223484 ,   -3.98068273,
        -25.19729881,  -29.84277009]), array([-172.01421437,   -4.77655156,   99.70163171,   -2.8506023 ,
        -20.45804983,  -26.15245663]), array([-176.84628479,   -4.79319991,   96.88482918,   -1.26932599,
        -15.68791709,  -22.23173994]), array([-1.81591473e+02, -4.87893901e+00,  9.55485088e+01,  1.08231936e-02,
       -1.08558467e+01, -1.94149374e+01]), array([-186.50614077,   -4.88914104,   95.58841197,    0.9879771 ,
         -6.11065839,  -18.07861702]), array([-191.32040416,   -4.89350167,   96.59913991,    1.76496679,
         -1.19599069,  -18.1185202 ]), array([-196.26981586,   -4.87590007,   98.32133845,    2.41500037,
          3.6182727 ,  -19.12924814]), array([-201.17086136,   -4.8599526 ,  100.79079458,    0.98539155,
          8.5676844 ,  -20.85144668]), array([-2.06031900e+02, -4.87574406e+00,  1.01733163e+02, -1.92258685e-01,
        1.34687299e+01, -2.33209028e+01]), array([-210.93509543,   -4.79457399,  101.55072751,   -1.14612232,
         18.32976848,  -24.26327134]), array([-215.75502215,   -2.82710172,  100.40810894,   -1.94403671,
         23.23296397,  -24.08083573]), array([-218.55470475,   -1.28022882,   98.41057087,   -2.54760182,
         28.05289069,  -22.93821717]), array([-2.19764595e+02, -8.84631968e-02,  9.58646269e+01, -3.03354896e+00,
        3.08525733e+01, -2.09406791e+01]), array([-219.89248001,    1.01363125,   92.81252289,   -3.47450363,
         32.06246353,  -18.39473516]), array([-218.86651237,    1.73856231,   89.30572422,   -3.76647206,
         32.19034854,  -15.34263111]), array([-217.1046084 ,    2.31341504,   85.55543928,   -3.96442718,
         31.16438091,  -11.83583245]), array([-214.85064063,    2.84065702,   81.52580701,   -4.18972828,
         29.40247694,   -8.0855475 ]), array([-212.05087725,    1.65748676,   77.20657075,   -4.32221636,
         27.14850917,   -4.05591523]), array([-210.35111359,    0.38103944,   72.89399447,   -4.46080581,
         24.34874579,    0.26332102]), array([-209.97315591,   -0.76338159,   68.40471178,   -4.50518804,
         22.64898213,    4.57589731]), array([-210.76188783,   -1.64710456,   63.97376772,   -4.51689479,
         22.27102445,    9.06517999]), array([-212.46617241,   -2.31425416,   59.45250475,   -4.64275729,
         23.05975637,   13.49612405]), array([-214.84080608,   -0.913789  ,   54.79370842,   -4.82748285,
         24.76404095,   18.01738702]), array([-215.69328964,    0.32850043,   50.0227343 ,   -4.83342542,
         27.13867462,   22.67618336]), array([-215.38304721,    1.30100379,   45.22663382,   -4.92695825,
         27.99115817,   27.44715747]), array([-214.04612164,    2.07656167,   40.29538636,   -4.92989843,
         27.68091575,   32.24325795]), array([-212.07077653,    2.64540616,   35.3782969 ,   -4.91120241,
         26.34399017,   37.17450542]), array([-209.38650647,    3.14316399,   30.4364203 ,   -4.96654748,
         24.36864507,   42.09159487]), array([-206.24139107,    1.54620527,   25.40355774,   -5.04112733,
         21.68437501,   47.03347148]), array([-2.04739301e+02,  1.68630777e-01,  2.04020628e+01, -5.06682026e+00,
        1.85392596e+01,  5.20663340e+01]), array([-204.5764516 ,   -0.84677935,   15.28488656,   -5.09499997,
         17.03716906,   57.06782901]), array([-205.3597314 ,   -1.64151521,   10.19653301,   -5.13533434,
         16.87432014,   62.18500522]), array([-207.06755638,   -2.27899017,    5.05488096,   -5.19037719,
         17.65759994,   67.27335876]), array([-2.09389888e+02, -2.90117755e+00, -9.63735485e-02, -5.12465297e+00,
        2.68537410e+01, -6.15556826e+01]), array([-212.28001746,   -3.30398795,   -5.18372339,   -5.13169644,
         29.17607283,  -56.4044281 ]), array([-215.64963902,   -1.61870088,  -10.34466752,   -5.18137799,
         32.06620211,  -51.31707826]), array([-217.20116397,   -0.28268449,  -15.58342464,   -5.12946125,
         35.43582367,  -46.15613413]), array([-217.50289982,    0.72775437,  -20.68540471,   -5.04880501,
         36.98734862,  -40.91737702]), array([-216.77577822,    1.61675622,  -25.65927934,   -4.99712496,
         37.28908447,  -35.81539694]), array([-215.22915271,    2.44435364,  -30.63205635,   -5.01470703,
         36.56196287,  -30.84152231]), array([-212.7863845 ,    2.97279937,  -35.68105499,   -5.08878921,
         35.01533736,  -25.8687453 ]), array([-209.82149913,    1.44827122,  -40.69651238,   -5.06511258,
         32.57256915,  -20.81974666]), array([-2.08257130e+02,  1.96794191e-01, -4.57868349e+01, -5.07156465e+00,
        2.96076838e+01, -1.58042893e+01]), array([-208.02678053,   -0.84885987,  -50.90652035,   -4.95283223,
         28.04331439,  -10.71396671]), array([-208.81414854,   -1.64605525,  -55.8182136 ,   -4.94132094,
         27.81296518,   -5.5942813 ]), array([-210.4643978 ,   -0.33030432,  -60.74359036,   -5.02063426,
         28.60033319,   -0.68258805]), array([-210.82924437,    0.75288549,  -65.71319753,   -4.96071551,
         30.25058245,    4.2427887 ]), array([-210.05050395,    1.48872538,  -70.59558947,   -4.94540442,
         30.61542902,    9.21239587]), array([ 7.70219249e-02,  2.93757299e-02, -7.97375117e-02, -2.21228780e-02,
       -9.88043266e+01, -5.53438103e+01])]

Trash Locations: [(-170, -115), (-139.55250097490074, 65.75473746094724), (-135.10305424808797, -57.518495582105544), (-103.38333432428536, -94.2135645903617), (-133.3743489105595, 51.583409862391306), (-161.21301840490014, -72.44639961927456), (-187.70213146225944, 77.46989177441958), (-98.80432656455815, -55.34381030134362), (-180.2138153506012, -56.500801652634536), (-132.97163554951692, -23.868447398331625)]
Good
Feature: [0, 101, 7]

States: [array([-108.90652894,    0.15494964,    2.02848728,   -0.80248538,
         17.00418447,  -14.36664039]), array([-108.72243519,    1.16452989,    1.2715928 ,   -1.20022334,
         15.91071341,  -16.39512767]), array([-107.644559  ,    1.81639379,    0.10974908,   -1.80501469,
         15.72661966,  -15.63823318]), array([-105.807535  ,    2.45888956,   -1.70895984,   -2.34377019,
         14.64874346,  -14.47638947]), array([-103.36859918,    2.92905031,   -4.11516708,   -2.71152929,
         12.81171947,  -12.65768054]), array([-100.48208736,    3.38877404,   -6.85289831,   -3.16209831,
         10.37278365,  -10.25147331]), array([-97.02564058,   3.77098246, -10.08579701,  -2.84310823,
         7.48627183,  -7.51374208]), array([-93.28950085,   3.98377645, -12.96462706,  -3.24666128,
         4.02982504,  -4.28084338]), array([-89.15030327,   3.41308187, -16.1768744 ,  -3.67263816,
         0.29368532,  -1.40201333]), array([-85.78476655,   1.76281754, -19.85518592,  -3.95571649,
       -25.42833371, -22.0105656 ]), array([-83.89184751,   0.37423886, -23.79267311,  -3.48874018,
       -28.79387043, -18.33225408]), array([-83.57290671,  -0.68937043, -27.39161441,  -1.78951199,
       -30.68678947, -14.39476689]), array([-84.26529381,  -1.55304491, -29.24240891,  -0.43365209,
       -31.00573027, -10.79582559]), array([-85.8119268 ,  -2.24936081, -29.62548988,   0.6616306 ,
       -30.31334317,  -8.94503109]), array([-88.04163577,  -2.72015457, -28.99582068,   1.52439098,
       -28.76671018,  -8.56195012]), array([-90.80238524,  -3.18272568, -27.53529635,   0.22051294,
       -26.53700121,  -9.19161932]), array([-93.94758093,  -3.52389741, -27.25317629,  -0.86857653,
       -23.77625174, -10.65214365]), array([-97.35994968,  -3.75293967, -28.18794606,  -1.72982138,
       -20.63105605, -10.93426371]), array([-101.21535013,   -4.05550196,  -29.84177478,   -2.4073893 ,
        -17.2186873 ,   -9.99949394]), array([-105.28972261,   -4.17950403,  -32.22984289,   -2.88462266,
        -13.36328685,   -8.34566522]), array([-109.46846946,   -4.31169005,  -35.1017055 ,   -3.304121  ,
         -9.28891437,   -5.95759711]), array([-113.73920166,   -4.44298192,  -38.38088025,   -3.63950874,
         -5.11016752,   -3.0857345 ]), array([-118.26538568,   -2.55608043,  -42.03073555,   -3.91169717,
         -0.83943533,    0.19344025]), array([-120.79959408,   -1.03291473,  -45.92120267,   -4.15253561,
        -13.00201937,  -20.32563781]), array([-121.90736424,   -1.85916949,  -50.13772274,   -4.31689748,
        -10.46781097,  -16.43517069]), array([-123.70847148,   -2.39839116,  -54.39936025,   -4.39441809,
         -9.36004081,  -12.21865062]), array([-126.11736689,   -2.95314621,  -58.84212304,   -4.53636959,
         -7.55893356,   -7.95701311]), array([-129.09195873,   -3.34386488,  -63.39503101,   -4.66308226,
         -5.15003816,   -3.51425032]), array([-132.49116514,   -3.68970834,  -68.02067527,   -4.67378259,
         -2.17544631,    1.03865765]), array([-136.30400888,   -3.91621784,  -72.69970527,   -2.66233173,
        -14.29759332,   19.89363097]), array([-140.28180742,   -3.38614929,  -75.26455454,   -1.09471604,
        -10.48474957,   24.57266097]), array([-143.73444634,   -2.64716299,  -76.30832012,    0.17284874,
         -6.50695104,   27.13751024]), array([-146.35711086,   -1.94202418,  -76.16779311,    1.162188  ,
         -3.05431212,   28.18127582]), array([-148.22176274,   -1.351001  ,  -75.05060215,    1.97040538,
         -0.4316476 ,   28.04074881]), array([-149.61197663,   -0.93210358,  -73.07925243,    2.52774957,
          1.43300428,   26.92355785]), array([-150.499367  ,   -0.5048991 ,  -70.63478193,    3.13173677,
          2.82321818,   24.95220812]), array([-1.50905839e+02, -1.34941853e-01, -6.74680743e+01,  3.52547011e+00,
        3.71060854e+00,  2.25077376e+01]), array([-151.08512153,    0.23024294,  -64.02356497,    3.8387639 ,
          4.11708031,   19.34102996]), array([-150.90459483,    0.72538891,  -60.14980517,    4.16737602,
          4.29636308,   15.89652067]), array([-150.18676103,    1.09144188,  -55.9822029 ,    4.48697401,
          4.11583637,   12.02276087]), array([-149.11543111,    1.5440632 ,  -51.48153821,    4.55202927,
          3.39800257,    7.8551586 ]), array([-147.54646739,    2.19931872,  -46.96110785,    4.44390649,
          2.32667266,    3.35449391]), array([-145.34022021,    0.70534556,  -42.50522423,    4.49800259,
        -18.03939036,   26.49587415]), array([-144.58255104,   -0.46061955,  -38.00748178,    4.69716971,
        -20.24563754,   22.03999053]), array([-145.01327227,   -1.3068864 ,  -33.27587032,    4.67882513,
        -21.00330671,   17.54224808]), array([-146.33068362,   -2.01788938,  -28.655622  ,    4.76193071,
        -20.57258549,   12.81063662]), array([-148.38243805,   -2.63684827,  -23.89090736,    4.84187074,
        -19.25517414,    8.1903883 ]), array([-150.97708358,   -3.08651856,  -19.03777448,    4.99866089,
        -17.2034197 ,    3.42567366]), array([-154.07298767,   -3.47848053,  -14.01529977,    2.98783874,
        -14.60877417,   -1.42745922]), array([-157.49707289,   -3.79375184,  -11.02747783,    1.35108911,
        -11.51287008,   -6.44993393]), array([-1.61288404e+02, -4.04033209e+00, -9.75120493e+00,  1.29858554e-01,
       -8.08878486e+00, -9.43775587e+00]), array([-165.328672  ,   -2.22863975,   -9.57823594,   -0.89362573,
         -4.29745387,  -10.71402877]), array([-167.58667208,   -0.67870322,  -10.42561168,   -1.67023675,
         -0.25718576,  -10.88699776]), array([-168.18803775,    0.51568988,  -12.13812877,   -2.36602534,
          2.00081433,  -10.03962202]), array([-167.61486544,    1.34597325,  -14.52894828,   -2.85886589,
          2.60218   ,   -8.32710493]), array([-166.23029277,    2.11413775,  -17.4258086 ,   -3.00919831,
          2.02900769,   -5.93628542]), array([-164.13406553,    2.67137481,  -20.3960842 ,   -2.88794232,
          0.64443502,   -3.0394251 ]), array([-161.43314072,    2.23051612,  -23.32897247,   -1.34209443,
         14.49164194,   19.78963655]), array([-1.59177832e+02,  1.84235014e+00, -2.46191063e+01, -1.83702485e-02,
        1.17907171e+01,  2.27225248e+01]), array([-157.37197761,    1.85656499,  -24.68820005,    1.04052816,
          9.53540821,   24.01265863]), array([-155.55284003,    1.82737242,  -23.64035598,    1.8169711 ,
          7.72955401,   24.08175239]), array([-153.82007852,    1.67124317,  -21.79195002,    2.43830232,
          5.91041644,   23.03390833]), array([-152.18891791,    1.40259521,  -19.42933399,    2.92177297,
          4.17765493,   21.18550236]), array([-150.82174327,    1.01307447,  -16.57238709,    3.36481711,
          2.54649432,   18.82288634]), array([-149.84693828,    0.64472499,  -13.29296438,    3.70904106,
          1.17931967,   15.96593943]), array([-149.19570571,    0.41429816,   -9.61488002,    3.96177531,
          0.20451469,   12.68651672]), array([-148.7775821 ,    1.17913204,   -5.6023563 ,    4.25884418,
         -0.44671788,    9.00843236]), array([-147.62480603,    1.29549763,   -1.31503793,    4.41743953,
         -0.8648415 ,    4.99590864]), array([-146.34027195,    0.3571159 ,    3.13224573,    4.47126283,
         -2.01761756,    0.70859027]), array([-146.02041478,    0.38451723,    7.62818923,    4.54924012,
          2.88180392,   65.68797781]), array([-145.68595076,    0.43989021,   12.23420083,    4.64295279,
          2.56194675,   61.1920343 ]), array([-145.25572585,    0.3840197 ,   16.82172183,    4.73663649,
          2.22748273,   56.5860227 ]), array([-144.85441432,    0.27352789,   21.59883543,    4.79054449,
          1.79725781,   51.9985017 ]), array([-144.51226683,    0.33543797,   26.39522095,    4.84732382,
          1.39594628,   47.2213881 ]), array([-144.14777674,    0.41741969,   31.27175593,    4.92673618,
          1.0537988 ,   42.42500259]), array([-143.6870047 ,    0.35849836,   36.11283763,    4.93626736,
          0.6893087 ,   37.5484676 ]), array([-143.37156452,    0.35295894,   41.06801803,    4.88644038,
          0.22853666,   32.70738591]), array([-1.43086050e+02,  3.96066122e-01,  4.59535544e+01,  4.90636570e+00,
       -8.69035104e-02,  2.77522055e+01]), array([-142.67616164,    0.30430547,   50.93566222,    4.95755206,
         -0.37241762,   22.86666917]), array([-142.3266973 ,    0.18602851,   55.87215929,    4.97059586,
         -0.7823064 ,   17.88456132]), array([-1.42115610e+02, -2.92866988e-02,  6.08449101e+01,  4.90324178e+00,
       -1.13177074e+00,  1.29480642e+01]), array([-142.09342676,   -0.33664822,   65.78520924,    4.84475551,
         -1.34285814,    7.97531346]), array([-142.37647016,   -1.32900763,   70.61791565,    2.85365079,
         -1.36504128,    3.0350143 ]), array([-143.62445545,   -1.99359298,   73.57024729,    1.22661242,
         36.4433717 , -175.44654826]), array([-1.45599714e+02, -2.59276637e+00,  7.47350463e+01, -5.63056071e-02,
        3.76913570e+01, -1.78398880e+02]), array([-148.20722421,   -3.05304296,   74.66017169,   -1.03389123,
         39.66661588, -179.56367893]), array([-151.25077797,   -3.44447127,   73.60108121,   -1.85208125,
         42.27412574, -179.48880429]), array([-154.80006789,   -3.64289686,   71.73990189,   -2.41047607,
         45.31767951, -178.42971381]), array([-158.41447808,   -3.92398282,   69.28234056,   -3.05906478,
         48.86696942, -176.5685345 ]), array([-162.354427  ,   -4.13915326,   66.31273463,   -3.45341781,
         52.48137962, -174.11097316]), array([-166.51815221,   -4.21217025,   62.82857384,   -3.81758394,
         56.42132854, -171.14136724]), array([-170.74209422,   -4.42763472,   58.99008363,   -4.12335467,
         -3.48184779, -177.82857384]), array([-175.21132662,   -2.54632036,   54.83382854,   -4.29930173,
          0.74209422, -173.99008363]), array([-177.78351994,   -1.07314391,   50.60043532,   -4.50643415,
          5.21132662, -169.83382854]), array([-178.87932394,    0.19504337,   46.10871481,   -4.58487642,
          7.78351994, -165.60043532]), array([-178.63171006,    1.12798661,   41.49549757,   -4.69244504,
          8.87932394, -161.10871481]), array([-177.46007029,    1.92406273,   36.84956475,   -4.71835024,
          8.63171006, -156.49549757]), array([-175.59007999,    2.62014857,   32.28767559,   -4.76062601,
          7.46007029, -151.84956475]), array([-173.03402736,    3.07944603,   27.51491743,   -4.73122885,
          5.59007999, -147.28767559]), array([-169.92169277,    3.45750676,   22.73060881,   -4.75353666,
          3.03402736, -142.51491743]), array([-2.04549411e-02, -3.04764751e-02, -5.19779240e-02, -4.33697138e-02,
       -1.05933098e+02, -1.04828633e+02])]

Trash Locations: [(-170, -115), (-165.58585775259166, -20.465233699991472), (-146.7887584533784, -48.12704430173241), (-114.57863698201636, -38.18744000011657), (-131.26740504711006, -62.35637335926785), (-149.6424235955218, -0.6064476569592046), (-92.99581553229044, -14.366640387710106), (-105.93309846478388, -104.8286326031488), (-143.45846803519834, 68.82022353587573), (-105.70960488159699, -111.60211209270769)]
Bad
Feature: [34, 67, 1]

States: [array([-1.11620783e+02, -1.37483145e+00, -8.65368587e-01,  5.72346176e-02,
        1.70041845e+01, -1.43666404e+01]), array([-112.9630232 ,   -1.16968042,   -0.85355781,    1.02652719,
         18.62496718,  -13.5012718 ]), array([-114.11740164,   -0.869171  ,    0.24324644,    1.85894145,
         19.96720766,  -13.51308257]), array([-115.01565095,   -0.5105239 ,    2.14738752,    2.4326916 ,
         21.12158611,  -14.60988682]), array([-115.52814139,   -0.33376791,    4.5420204 ,    2.93433818,
         22.01983542,  -16.51402791]), array([-1.15848615e+02, -1.06694470e-02,  7.54012760e+00,  3.29888528e+00,
        2.25323259e+01, -1.89086608e+01]), array([-115.7726481 ,    0.20284356,   10.91660798,    3.74247411,
         22.85279954,  -21.90676799]), array([-115.56462594,    0.41902485,   14.70508499,    4.02369944,
         22.77683256,  -25.28324837]), array([-115.10817882,   -0.58202019,   18.81795124,    4.2371238 ,
         22.56881041,  -29.07172537]), array([-115.74305396,   -1.3804726 ,   23.01858764,    4.36190689,
        -34.53424477,  -19.42439889]), array([-117.02938566,   -2.0471507 ,   27.45725292,    4.47693545,
        -33.89936963,  -23.62503529]), array([-119.0254241 ,   -2.60581028,   31.96478439,    4.61090822,
        -32.61303793,  -28.06370057]), array([-121.59578846,   -3.07652856,   36.55515206,    4.69820744,
        -24.43304394,   36.85543915]), array([-124.69476254,   -3.49107071,   41.31279702,    2.71871652,
        -21.86267958,   32.26507148]), array([-128.17167526,   -3.77961848,   43.97795901,    1.23386465,
        -18.7637055 ,   27.50742651]), array([-1.31992481e+02, -4.09230574e+00,  4.51740902e+01, -6.17772173e-02,
       -1.52867928e+01,  2.48422645e+01]), array([-136.07553538,   -4.25353569,   45.1261602 ,   -1.04009543,
        -11.46598661,   23.64613333]), array([-140.3444454 ,   -4.36038346,   44.01254217,   -1.81227433,
         -7.38293266,   23.69406333]), array([-144.69450764,   -4.44724326,   42.23091509,   -2.58101846,
         -3.11402264,   24.80768137]), array([-149.11185983,   -4.61835228,   39.61485772,   -3.07525754,
          1.2360396 ,   26.58930845]), array([-153.62617032,   -4.715367  ,   36.57245871,   -3.45050304,
          5.6533918 ,   29.20536581]), array([-158.33426422,   -4.7704995 ,   33.05577882,   -3.78652126,
         10.16770228,   32.24776483]), array([-163.05467055,   -4.95577502,   29.25351449,   -3.98122069,
          8.69184063,  -33.66222648]), array([-168.0606696 ,   -4.95297578,   25.25632967,   -4.14313351,
         13.41224696,  -29.85996215]), array([-172.89619187,   -4.9874498 ,   21.14473311,   -4.28882652,
         18.418246  ,  -25.86277733]), array([-177.91519093,   -4.96085643,   16.81714696,   -4.49453971,
         23.25376828,  -21.75118077]), array([-182.7611643 ,   -4.95200293,   12.2868176 ,   -4.51214328,
         28.27276733,  -17.42359461]), array([-187.80702759,   -4.96439955,    7.76876026,   -4.58022299,
         33.1187407 ,  -12.89326526]), array([-192.77346886,   -4.98733521,    3.14164874,   -4.60222979,
         22.22116983,  -28.23399396]), array([-197.79864024,   -4.94729384,   -1.43739148,   -4.6440209 ,
         27.18761111,  -23.60688244]), array([-202.75052746,   -4.94121466,   -6.2031699 ,   -4.63040196,
         32.21278248,  -19.02784222]), array([-207.71516148,   -2.88440593,  -10.76777512,   -4.72759   ,
         37.1646697 ,  -14.2620638 ]), array([-210.57795595,   -1.30932469,  -15.52772354,   -4.73178872,
         42.12930373,   -9.69745858]), array([-2.11857571e+02, -7.87309753e-02, -2.02291171e+01, -4.77812547e+00,
        4.49920982e+01, -4.93751016e+00]), array([-211.96494156,    0.84921468,  -25.00610412,   -4.79407701,
         46.2717131 ,   -0.23611655]), array([-211.15108124,    1.72438632,  -29.83826164,   -4.84749467,
         46.3790838 ,    4.54087042]), array([-209.42751691,    2.35701321,  -34.63285545,   -4.94324415,
         45.56522349,    9.37302794]), array([-207.01214936,    2.89695149,  -39.58242884,   -4.96230535,
         43.84165915,   14.16762175]), array([-204.11160238,    3.30993335,  -44.53330287,   -4.96746084,
         41.42629161,   19.11719514]), array([-200.80622932,    3.66299815,  -49.49623071,   -4.9710496 ,
         38.52574463,   24.06806917]), array([-197.12661171,    3.94078957,  -54.53905769,   -4.96940855,
         35.22037157,   29.03099701]), array([-193.23426723,    4.0749575 ,  -59.4775563 ,   -4.98187277,
         31.54075396,   34.07382399]), array([-189.15611791,    4.23404078,  -64.40256903,   -4.92735118,
         46.44550877,   11.350512  ]), array([-184.95490397,    4.49296598,  -69.42329401,   -4.93809532,
         42.36735946,   16.27552473]), array([-180.52518447,    4.55345595,  -74.41614639,   -4.93686117,
         38.16614552,   21.2962497 ]), array([-175.91537362,    4.62544967,  -79.43267664,   -4.86273455,
         10.52518447,  -40.58385361]), array([-171.27715872,    4.70333223,  -84.32136525,   -4.95033754,
          5.91537362,  -35.56732336]), array([-166.54845083,    2.77704498,  -89.27875598,   -4.88475483,
          1.27715872,  -30.67863475]), array([-163.81016127,    1.28396475,  -94.18898172,   -4.88477569,
         -3.45154917,  -25.72124402]), array([-1.62537902e+02, -2.36990910e-02, -9.90405385e+01, -4.92237059e+00,
       -6.18983873e+00, -2.08110183e+01]), array([-162.57883681,   -1.00625418, -103.9583631 ,   -4.93251751,
         -7.46209811,  -15.95946146]), array([-163.59758089,   -1.73713727, -108.88942901,   -4.96723046,
         -7.42116319,  -11.0416369 ]), array([-165.35760554,   -2.39706765, -113.9532902 ,   -4.95393257,
         -6.40241911,   -6.11057099]), array([-167.71399969,   -2.92221084, -118.87868069,   -4.93980869,
         -4.64239446,   -1.0467098 ]), array([-170.70653662,   -3.29626741, -123.73426409,   -2.99241165,
         62.00439481,    7.27656859]), array([-174.01959568,   -3.08885697, -126.65731962,   -1.46941028,
         64.99693174,   12.132152  ]), array([-1.77175734e+02, -2.25178573e+00, -1.28171492e+02, -1.38858587e-01,
        6.83099908e+01,  1.50552075e+01]), array([-179.41683393,   -1.40820143, -128.34973348,    0.91442905,
         71.46612897,   16.56938017]), array([-180.81927523,   -2.02305533, -127.35067094,    1.71676607,
         73.70722905,   16.74762139]), array([-182.80324377,   -2.59065866, -125.58806839,    2.38275702,
         75.10967035,   15.74855885]), array([-185.39985071,   -3.04092871, -123.19079195,    2.87419584,
         77.09363889,   13.9859563 ]), array([-188.47388946,   -3.47898027, -120.31152545,    3.26838461,
         79.69024583,   11.58867985]), array([-191.88968406,   -3.81988158, -116.97725186,    3.68891359,
         57.20648441,   57.95515209]), array([-195.71191921,   -4.02425736, -113.2262205 ,    1.89739258,
         60.62227901,   54.6208785 ]), array([-199.76584789,   -4.24221307, -111.39771268,    0.54174975,
         48.92316075,   65.0991762 ]), array([-204.01546139,   -3.69323691, -110.84914131,   -0.56465414,
         52.97708943,   63.27066838]), array([-207.77980055,   -2.00828807, -111.38052625,   -1.49176144,
         57.22670293,   62.722097  ]), array([-209.79534246,   -0.64954109, -112.86881266,   -2.23988161,
         60.9910421 ,   63.25348195]), array([-210.54072703,    0.43631805, -115.09293498,   -2.7448894 ,
         63.006584  ,   64.74176836]), array([-210.08304715,    1.31045463, -117.87708998,   -3.04760137,
         63.75196857,   66.96589068]), array([-208.76831624,    2.09029397, -120.968255  ,   -3.00596473,
         63.29428869,   69.75004568]), array([-206.59963407,    2.63118048, -124.02245088,   -2.74818749,
         61.97955779,   72.8412107 ]), array([-204.04644592,    3.10699237, -126.81713896,   -3.19437271,
         59.81087562,   75.89540658]), array([-200.90163186,    3.46479917, -129.94693926,   -3.52287218,
         72.77904088,   64.4607656 ]), array([-197.45212287,    3.75602599, -133.50636721,   -3.65022009,
         95.19202698,   18.34482717]), array([-193.68645612,    2.1590257 , -137.24806651,   -3.88898335,
         91.74251799,   21.90425512]), array([-191.47308227,    2.71620918, -141.18735038,   -3.25535101,
         87.97685124,   25.64595442]), array([-188.85310754,    3.17170147, -144.38204069,   -2.32147899,
         85.76347739,   29.58523829]), array([-185.74542555,    3.54357317, -146.68104098,   -1.49584508,
         83.14350266,   32.77992859]), array([-182.15136066,    3.81392656, -148.2531279 ,   -0.56572477,
         80.03582067,   35.07892888]), array([-178.22368434,    4.03728215, -148.72101965,    0.50507648,
         76.44175578,   36.65101581]), array([-174.23103487,    3.47952154, -148.25630975,    1.50949607,
         72.51407946,   37.11890756]), array([-170.68074043,    2.84090846, -146.75232967,    2.18331843,
         68.52142998,   36.65419765]), array([-167.86419951,    1.33864776, -144.53341286,    2.7348583 ,
         64.97113555,   35.15021758]), array([-166.51060335,    2.0298296 , -141.87182863,    3.07264977,
         62.15459463,   32.93130077]), array([-164.50290916,    2.57668035, -138.8415359 ,    2.61347329,
         60.80099847,   30.26971654]), array([-161.95211213,    3.00373314, -136.14546086,    1.12114055,
         58.79330428,   27.23942381]), array([-158.94018577,    3.46836797, -134.99591817,    0.71263328,
         56.24250725,   24.54334876]), array([-155.53403589,    3.83455636, -134.2195099 ,   -0.19652721,
         53.23058089,   23.39380608]), array([-151.84648602,    4.05279078, -134.44025216,   -0.99953473,
         49.82443101,   22.61739781]), array([-147.73321525,    4.2190577 , -135.43642046,   -1.8142548 ,
         46.13688114,   22.83814007]), array([-143.55681472,    4.38776937, -137.25846442,   -2.44665056,
         42.02361037,   23.83430836]), array([-139.16750566,    4.53548394, -139.65801348,   -2.97264903,
         37.84720984,   25.65635233]), array([-134.59317295,    4.59297973, -142.6732586 ,   -3.50306504,
         33.45790078,   28.05590138]), array([-129.94036982,    4.70995359, -146.24047498,   -3.72685242,
         28.88356807,   31.07114651]), array([-125.30721651,    4.78882819, -149.97609894,   -3.97187198,
         24.23076494,   34.63836289]), array([-120.48954622,    4.90758474, -153.89171211,   -2.90026831,
         19.59761163,   38.37398685]), array([-115.55580065,    4.43196567, -156.73239857,   -1.33374352,
         14.77994134,   42.28960001]), array([-1.11192298e+02,  3.51861188e+00, -1.58127609e+02, -9.23089864e-02,
        9.84619577e+00,  4.51302865e+01]), array([-107.65321373,    2.71491019, -158.14914415,    0.96714049,
          5.48269279,   46.5254974 ]), array([-3.20016492e-02, -1.22105290e-03,  1.84161876e-02,  1.21259332e-02,
       -9.29958155e+01, -1.43666404e+01])]

Trash Locations: [(-170, -115), (-165.58585775259166, -20.465233699991472), (-146.7887584533784, -48.12704430173241), (-114.57863698201636, -38.18744000011657), (-131.26740504711006, -62.35637335926785), (-149.6424235955218, -0.6064476569592046), (-92.99581553229044, -14.366640387710106), (-105.93309846478388, -104.8286326031488), (-143.45846803519834, 68.82022353587573), (-105.70960488159699, -111.60211209270769)]