273.2467956542969
234.11318969726562
339.63128662109375
360.8555908203125
346.4655456542969
387.8478088378906
394.0021667480469
406.4567565917969
431.4671325683594
433.54510498046875
443.16912841796875
471.79345703125
466.94775390625
468.0955505371094
464.041015625
458.59332275390625
433.61138916015625
459.2980041503906
440.1312561035156
477.6170959472656
471.0064392089844
457.74407958984375
454.2081604003906
460.0211486816406
472.10125732421875
448.87469482421875
455.3997497558594
463.76422119140625
475.046875
464.97125244140625
476.00555419921875
462.71527099609375
479.92572021484375
474.39801025390625
485.1681213378906
460.90020751953125
457.359619140625
470.6868591308594
471.72296142578125
464.2156677246094
476.29833984375
479.1185607910156
477.2789611816406
474.3687438964844
467.9114685058594
473.624755859375
478.32891845703125
475.6890563964844
483.26873779296875
472.47119140625
483.5633239746094
471.061767578125
484.2196350097656
477.64349365234375
482.2044372558594
489.4867248535156
484.62127685546875
471.49334716796875
476.6310119628906
477.81121826171875
485.943359375
478.4689025878906
494.5472717285156
477.8773498535156
491.49481201171875
524.9481201171875
484.7821350097656
515.7381591796875
496.2208557128906
501.7682189941406
491.12884521484375
503.32745361328125
505.899658203125
495.12841796875
489.82879638671875
505.23687744140625
493.81793212890625
499.50433349609375
480.46728515625
502.3431701660156
