273.2533794380012
234.13964809250038
339.64530025250104
360.862596258502
346.49483798900144
387.82093492100233
394.0358917565019
406.46452781450245
431.45643600200145
433.56434400200203
443.1702512000017
471.7898726060015
466.9481871425014
468.1063181990013
464.04170903000175
458.60203539650195
433.6213454615021
459.29005663250217
440.1774287480016
477.61522386500144
471.0054308285012
457.79182041350225
454.20743429750127
460.0264128815018
472.1007972215013
448.8826208285021
455.39200499150166
463.7747563085015
475.0378371560021
464.9627275040014
476.0093488520018
462.7207125920016
479.93949283250106
474.40181288900186
485.1759057050016
460.90127961200085
457.3716245345023
470.69312151800193
471.7507297790022
464.2404374990016
476.2949422700011
479.12152218950166
477.2809622180018
474.37138662950093
467.9389421660009
473.6221295375018
478.33181617700166
475.70398978700115
483.2720872310021
472.4754827285022
483.56498917100134
471.07676965700165
484.22313665750164
477.6542328395018
482.2159992275016
489.51863059700116
484.6319889815021
471.49146036650166
476.6293480295011
477.8071644215014
485.9443241030009
478.4795137145021
494.55895737800074
477.8847352325023
491.49728239250163
524.9584605394999
484.77481246100126
515.7405782795006
496.2213684920013
501.77861984900153
491.1330900350018
503.3278266185015
505.9078687955004
495.1390048940016
489.8442309275013
505.23078613700073
493.8306831650016
499.49981113250095
480.46657905200135
502.3485626825012
