-5131.267114257813
-1088.8461120605468
-1242.2552612304687
-1176.7370971679688
-1235.7271728515625
-1267.623114013672
-1264.6492004394531
-1189.4326171875
-1172.2201110839844
-1117.508856201172
-1013.1978637695313
-965.2588165283203
-914.3278686523438
-901.7100311279297
-900.3754150390625
-889.54541015625
-895.3469024658203
-879.3979736328125
-881.3982696533203
-842.156283569336
-811.6932067871094
-773.5569854736328
-729.1346862792968
-687.0637420654297
-676.7498840332031
-661.8044036865234
-648.7241394042969
-658.3754211425781
-624.0432983398438
-632.6421020507812
-614.5351867675781
-621.6467376708985
-614.7817657470703
-641.4375213623047
-638.4145965576172
-629.1386352539063
-640.8847198486328
-621.1892364501953
-624.0255584716797
-631.7331115722657
-635.9728454589844
-626.9939392089843
-626.9013519287109
-619.9278991699218
-626.9731262207031
-632.5233215332031
-619.6802703857422
-642.1965209960938
-625.8894744873047
-619.6159149169922
