-5181.5311279296875
-1107.7953389485676
-1224.8030395507812
-1176.3538614908855
-1213.2365417480469
-1218.4155375162761
-1150.4662780761719
-1068.0331115722656
-1011.7331593831381
-957.8628336588541
-884.2394510904948
-868.4889017740885
-832.9761606852213
-809.3123067220052
-817.9916229248047
-814.3353322347006
-821.2875010172526
-834.0563608805338
-823.1648559570312
-779.5138549804688
-731.2137959798177
-707.6154988606771
-683.2637176513672
-659.0419921875
-648.7441813151041
-630.2853139241537
-615.3322194417318
-617.4215901692709
-609.7698516845703
-644.6583251953125
-648.6139678955078
-637.0605214436849
-611.822499593099
-623.9328664143881
-608.4077911376953
-597.3259124755859
-614.0047454833984
-605.6854298909506
-606.5343882242838
-631.3212229410807
-641.1058705647787
-636.1771545410156
-639.4888305664062
-635.7879689534506
-646.7948354085287
-648.7947184244791
-646.5759836832682
-666.6256459554037
-664.1408487955729
-661.7345886230469
