-5181.5311279296875
-1105.1224670410156
-1276.580586751302
-1222.9761047363281
-1257.3446858723958
-1265.993428548177
-1235.082763671875
-1161.1173706054688
-1115.4226888020833
-1053.3150533040364
-972.2186889648438
-933.1313985188802
-909.2824910481771
-887.4573618570963
-883.0092315673828
-860.3922170003256
-854.0751902262369
-829.8952229817709
-841.6063893636068
-821.1493937174479
-793.5484568277994
-767.7335154215494
-730.6685994466146
-695.3361256917318
-683.8224029541016
-672.6635335286459
-652.874501546224
-655.7532094319662
-619.1829732259115
-614.6338500976562
-591.3661397298177
-602.3475646972656
-591.1210021972656
-613.9372507731119
-609.2352956136068
-623.0549468994141
-669.8694254557291
-678.2917836507162
-680.8526458740234
-694.9357604980469
-690.5324554443359
-663.8838246663412
-640.8778279622396
-624.0232340494791
-637.4061431884766
-636.2893829345703
-628.2517038981119
-641.6721140543619
-636.4794972737631
-638.250966389974
