-5055.865502266008
-1065.3162520917608
-1219.6211284808135
-1160.05597409534
-1235.5231948772232
-1263.6864599760374
-1271.7991594895507
-1229.5309081286111
-1212.3504193000235
-1175.8807013190994
-1119.7153887975
-1078.6770701952921
-1030.8093204508573
-988.3489315371398
-942.8704248812413
-898.1229274793641
-879.3157345800571
-827.538192487858
-836.2789676400249
-816.5380457852056
-804.2999360468192
-783.3850484998969
-725.9849691941574
-693.3437420458615
-675.5965891290863
-658.9599727209943
-636.0084872440293
-643.7779480763566
-643.9563108996173
-665.0936690002119
-623.1193507767014
-619.2223280076948
-596.3032973549705
-593.3938638977597
-592.6767194029097
-564.4552056450675
-566.480508484708
-566.7043398926484
-574.7289498145419
-617.0539495375567
-632.5695074904539
-615.387267892742
-598.3585653811153
-573.1126839190684
-571.1849966480434
-567.9554846129316
-556.0402852799214
-574.2266688587847
-570.7819367949091
-573.2808744683534
