-5679.865502266008
-5570.650619908125
-5601.394292870792
-5878.5265405684095
-6020.885217895853
-5678.053009408146
-5994.975693275837
-5520.568572209362
-5381.234661723656
-5671.6303774094795
-5710.5257322059815
-5808.010469886269
-5845.041369241175
-5843.915024470005
-5303.539789798231
-5535.048188286027
-5427.372783399731
-5618.799403349852
-5735.955665608347
-5720.266254974949
-5675.433351012851
-5671.494694219848
-5731.152784068062
-5458.393256513764
-5685.48530838692
-5692.528823341611
-5374.915124833646
-6042.547607661007
-5584.73753605546
-5753.368451741577
-5778.411501673871
-5498.720053802275
-5368.149954696768
-5791.390462944901
-5745.074506035627
-5802.080178916503
-5506.205654974257
-5555.5591639174245
-5584.00439463346
-5745.604153479657
-5554.841023988174
-5419.63995128322
-5195.551285086156
-5590.18810399398
-5296.624709840943
-5750.949552224485
-5821.419104546167
-5546.756635503611
-5839.7533820562285
-5280.643752206025
