-5055.865502266008
-1064.7804288670436
-1252.5552656641648
-1188.2846144152336
-1235.705730615101
-1247.752276895234
-1196.019552925381
-1112.9491287035478
-1077.3434265182527
-1003.6432816149639
-963.4035852484687
-971.1004316879169
-978.9913733991987
-974.0905324840702
-951.9396114295223
-912.5704016133634
-888.9043641165138
-834.5760733077875
-817.5662464656864
-798.2135637082478
-787.5919080349086
-793.8822139547915
-775.2851985131399
-747.4753503817868
-729.996332801598
-718.8896019412838
-681.5752482061939
-667.9598404913444
-626.2713536709724
-632.3219882313058
-625.988378555245
-629.4014893630797
-607.5765658550106
-602.9939424721003
-589.2312042123472
-578.9100779912776
-589.0757767014351
-564.9665047748965
-573.6287077811751
-644.5058857527581
-700.4131429207962
-700.2927623890994
-680.5984458896872
-643.3881095524199
-678.828625276096
-676.0084245912907
-657.8604073296309
-630.5957867810193
-591.6557420133599
-583.5654555103442
