-5055.865502266008
-5243.650619908128
-5088.394292870789
-5383.5265405684095
-5462.885217895857
-5051.053009408149
-5415.975693275836
-4848.568572209364
-4757.234661723651
-5176.630377409473
-5191.525732205982
-5259.010469886267
-5122.041369241175
-5333.915024470005
-4697.539789798231
-4884.048188286022
-5130.372783399728
-5135.799403349855
-5036.955665608351
-5348.26625497495
-5120.43335101285
-5167.494694219842
-5152.152784068059
-4870.393256513764
-5136.485308386918
-5071.528823341611
-4879.9151248336475
-5523.547607661001
-4996.737536055462
-5300.36845174158
-5343.411501673873
-4961.720053802278
-4603.149954696753
-5257.390462944904
-5121.074506035626
-5229.080178916503
-5053.205654974262
-4874.559163917429
-4942.004394633457
-5349.604153479659
-4972.841023988176
-4924.6399512832195
-4703.55128508615
-4963.188103993987
-4639.62470984094
-5258.949552224479
-5131.41910454616
-4994.756635503611
-5092.753382056237
-4731.643752206024
