-5181.5311279296875
-1106.3044738769531
-1232.164042154948
-1207.7383829752605
-1284.7515258789062
-1321.912333170573
-1343.5306701660156
-1280.3211364746094
-1272.2676086425781
-1228.276123046875
-1117.2758076985676
-1054.3745218912761
-1003.9643351236979
-957.81396484375
-983.9542338053385
-1015.9552307128906
-1015.498789469401
-983.4085591634115
-902.9785207112631
-837.3044230143229
-811.462148030599
-805.2633107503256
-807.5591125488281
-820.5743052164713
-784.6922454833984
-756.1487528483073
-719.51416015625
-716.4851735432943
-665.5117848714193
-662.2680002848307
-624.9616088867188
-620.7971598307291
-600.2052510579427
-607.2061869303385
-596.0882771809896
-585.2918090820312
-601.5774841308594
-594.5586649576823
-594.0195922851562
-616.5502217610677
-637.4379018147787
-652.05615234375
-653.2336476643881
-633.4347279866537
-627.677480061849
-624.1623738606771
-621.6249440511068
-642.0726877848307
-639.1557210286459
-638.7694040934244
