-5679.865502266008
-1291.0473132558686
-1363.2525332489997
-1301.273007451964
-1328.1800838664378
-1407.2078545665083
-1463.1796107927314
-1329.5965434564375
-1254.489480778922
-1172.6277223151724
-1053.8708572846176
-1012.0320030908904
-984.0362575707373
-952.0880401699278
-958.9468837827457
-951.7293089018236
-1011.2541700006088
-1054.6732016369328
-1055.2875698806538
-1030.8848592854367
-970.2889872834701
-901.5405309481899
-869.916951940994
-907.0910941575088
-897.639113752041
-851.0349816119111
-872.6803634312582
-934.251027044226
-943.7847541754224
-956.0563681393376
-912.1249090838913
-907.368860362459
-887.0460065567922
-889.5788607704164
-884.2764487422997
-881.1122896799067
-888.7922411102536
-881.9806118972843
-878.184333977887
-892.9507275800739
-885.6426291212556
-882.653068149171
-879.4153451982211
-868.139414084181
-884.4052426975501
-881.028756741752
-868.9859321381698
-894.0139737769405
-884.7566168413434
-889.2446872515559
