-5679.85888671875
-5570.74169921875
-5601.78369140625
-5879.0654296875
-6021.56884765625
-5678.88720703125
-5995.94287109375
-5521.67626953125
-5382.4794921875
-5673.0029296875
-5712.03125
-5809.64794921875
-5846.81884765625
-5845.82763671875
-5305.5869140625
-5537.21337890625
-5429.6630859375
-5621.208984375
-5738.49609375
-5722.9384765625
-5678.2353515625
-5674.4267578125
-5734.212890625
-5461.5830078125
-5688.796875
-5695.9677734375
-5378.4833984375
-6046.23828125
-5588.56396484375
-5757.3193359375
-5782.4951171875
-5502.9345703125
-5372.48681640625
-5795.84716796875
-5749.662109375
-5806.794921875
-5511.0537109375
-5560.53076171875
-5589.09912109375
-5750.8232421875
-5560.1865234375
-5425.11083984375
-5201.14208984375
-5595.89501953125
-5302.45263671875
-5756.8955078125
-5827.49755859375
-5552.9697265625
-5846.0927734375
-5287.1142578125
