-5679.865502266008
-1388.5601920246343
-1541.2626850525312
-1358.1092462973422
-1299.320672678147
-1369.9260253938457
-1511.5923413568448
-1428.973883697366
-1346.5745662899844
-1264.7832533696333
-1135.6942652535506
-1092.0314637113504
-1046.760647649767
-1005.9587578111365
-1002.2753569731074
-1031.3711033000714
-1094.510586256168
-1147.6577118195787
-1142.7603778878251
-1123.0508117223808
-1023.9112330968585
-963.8947373280955
-969.7057632731728
-977.6896126609729
-961.8590562508127
-968.5423878114095
-990.4442297626558
-1008.56893486854
-981.3756458710316
-1025.8229439476358
-973.2804424512688
-982.9386349807377
-971.809318380421
-990.2812360268069
-1007.6924498263228
-978.7607754765189
-969.0351039540798
-984.2658226219949
-963.4013988492763
-958.1149790543075
-933.5663411791238
-922.6823483217116
-881.4186836482074
-728.610759766784
-776.2754654467302
-884.9755590633094
-916.8332614727508
-944.5278659905462
-944.8273338334002
-936.3923829980807
