-5055.865502266008
-1064.987797195061
-1212.28353255938
-1183.3910160354387
-1266.1804381221327
-1281.1178399957384
-1268.0443443264862
-1217.6374134565726
-1205.3166946874587
-1147.1332165125282
-1054.8450482435678
-996.9355227652104
-931.6877439763509
-906.9446426887137
-882.8557405915569
-864.3646792360666
-850.7137973513614
-769.1612456666879
-749.7659970241534
-693.7804777328986
-654.4235979788216
-638.8078068046964
-625.2016924828628
-609.4494518618399
-598.8286610932117
-589.3575704362937
-577.9683809334402
-634.1021995879395
-636.1839389394925
-627.1482075135524
-585.3408225198646
-577.3322079287923
-539.5147366047992
-560.2191888769735
-564.3574922181103
-587.9134267823183
-624.6050912854314
-615.5388533344942
-601.2889759302309
-610.3991358561226
-603.9706810671977
-589.0206475738341
-581.0127653913817
-568.7779070148969
-574.2389507620657
-573.83396728707
-574.5299055508299
-607.8025107093629
-614.9674842562905
-610.3164880580578
