-5679.85888671875
-1470.1826171874998
-1453.921142578125
-1405.75390625
-1236.83740234375
-1256.411865234375
-1256.9290771484375
-1202.487060546875
-1132.3846435546875
-1099.5628662109375
-1064.4000244140625
-1073.332275390625
-1054.9490966796875
-1053.537841796875
-1029.6585693359375
-1019.4339599609375
-1032.20263671875
-1063.2291259765625
-1060.739013671875
-1033.096923828125
-947.4176025390625
-898.9364013671875
-883.2122802734375
-895.7647705078125
-877.3291015624999
-863.3027343749999
-896.2377929687499
-944.2124023437498
-932.388488769531
-929.679016113281
-848.8067626953124
-804.5358276367186
-746.4437866210936
-712.452392578125
-668.0580444335938
-613.3023681640625
-637.9488525390625
-683.7396850585938
-787.8507690429686
-850.3167724609374
-852.763977050781
-863.4207763671873
-870.2899169921873
-872.5590820312499
-901.5692138671874
-906.1394653320311
-864.3686523437499
-879.4816284179686
-835.1695556640624
-841.7049560546874
