-5302.8604736328125
-1146.7286376953125
-1285.7607727050781
-1231.6337890625
-1270.54345703125
-1274.9251708984375
-1247.4068908691406
-1164.0677795410156
-1089.544677734375
-997.9399871826172
-922.8328704833984
-942.5224456787109
-955.7164306640625
-1001.0828247070312
-1006.0805206298828
-958.1730346679688
-948.9892578125
-885.9332580566406
-843.9120635986328
-808.1169128417969
-776.5139312744141
-758.4782562255859
-744.4951324462891
-737.6783905029297
-724.8099822998047
-729.5959167480469
-732.2616119384766
-747.7410430908203
-724.9438018798828
-746.2959442138672
-719.2325286865234
-738.4731903076172
-719.5252227783203
-729.1779479980469
-729.7051696777344
-720.0619812011719
-734.9899291992188
-735.9208068847656
-746.0840606689453
-790.7285919189453
-767.4065551757812
-750.7679595947266
-750.8983459472656
-731.8126220703125
-712.9178466796875
-691.2340850830078
-640.4634552001953
-644.5475616455078
-652.4501647949219
-694.0990142822266
