-5055.865502266008
-1064.246279105521
-1260.4709494429683
-1200.1309300648431
-1255.4241136669366
-1262.3138256337725
-1227.8032244966575
-1140.2480177042435
-1103.8030124439501
-1026.795588411747
-958.1630098145446
-941.2204187474957
-926.4923977583783
-924.0162399106655
-933.1199537484315
-902.802777007277
-903.0760682558372
-872.0422380641672
-845.8842423562253
-802.23313787033
-757.1372512436427
-722.1350014514503
-676.2246559640608
-628.4289723918025
-616.9424213972962
-600.2676817229683
-584.2668192822398
-594.5101112288646
-583.9543585194435
-604.4826555271745
-585.5856533742922
-590.731627478527
-567.8944598913713
-574.139715539349
-565.2081460499825
-573.3849167642794
-623.7374508415379
-670.8202088740946
-698.3902746893107
-720.1792229319501
-691.2453968134755
-622.4013523195217
-578.0918041441339
-555.0677741178533
-566.1190850052776
-560.9664219897335
-557.159688580879
-569.4906130379555
-566.7373878051577
-566.7961006230751
