-5679.85888671875
-1326.7702636718748
-1376.5738525390625
-1313.0743408203125
-1326.2913818359375
-1333.5008544921875
-1326.0390625
-1266.443603515625
-1218.834228515625
-1160.898193359375
-1147.609619140625
-1175.5162353515625
-1163.0758056640625
-1146.3885498046875
-1130.017333984375
-1093.5037841796875
-1089.125732421875
-1062.1304931640625
-1008.5206298828125
-963.5142822265625
-916.7669677734375
-883.3635864257812
-890.3037109375
-887.5125122070312
-905.9786987304688
-908.5084838867188
-918.73095703125
-971.4791259765625
-938.0382690429688
-913.4215698242188
-887.76416015625
-877.9285278320312
-848.4732666015625
-825.5618286132812
-827.6724853515625
-823.3178710937499
-810.1173095703125
-806.9132080078124
-834.7984619140624
-859.3880615234374
-878.0675659179686
-861.7428588867186
-864.4975585937499
-864.272277832031
-855.0904541015624
-709.8255615234375
-781.5609130859374
-887.5823974609373
-944.128723144531
-946.2983398437498
