-5679.865502266008
-1289.6299967437376
-1361.183713342292
-1287.0940817687674
-1296.0024827624397
-1341.6820334184536
-1377.076796237507
-1269.8111663706136
-1182.5056342684306
-1141.2875710016372
-1031.4522879043905
-991.8211668138995
-978.1971311617451
-990.6821728076753
-1031.6426861896553
-1042.376011190911
-1100.696713742533
-1054.5302775033142
-954.9155749088377
-889.0494524755579
-832.8321027692097
-796.8563557193856
-787.9549599626641
-802.7308838587594
-801.1737577872515
-786.1288853468276
-801.154384569635
-834.8996849074798
-827.8770398748682
-916.1107229240364
-880.4108183362235
-882.568503419158
-864.5790569864579
-895.6582947874829
-880.966743791873
-895.735853573386
-894.780147995024
-889.3705504432133
-876.3796601815156
-890.7384022119234
-893.9348747126148
-872.5225760398152
-877.9145182663812
-871.362731555241
-877.2095454555014
-859.0062325466776
-843.9798753003328
-787.8961252917093
-690.9537467909147
-630.33033671898
