-5181.5311279296875
-1106.3145650227864
-1270.5780131022136
-1213.528340657552
-1248.4515075683594
-1238.3541259765625
-1176.4150492350261
-1108.1201070149739
-1042.5765991210938
-967.0994262695312
-970.6174672444662
-1002.8060099283854
-983.1828155517578
-944.1378122965494
-899.2528686523438
-857.4560750325521
-843.4185231526693
-811.5005594889323
-804.3317108154297
-793.5675964355469
-765.7461802164713
-748.4489237467448
-724.1920471191406
-701.2515563964844
-699.3777109781901
-708.8582611083984
-700.6449635823568
-721.3896993001302
-677.6925710042318
-683.0532379150391
-647.7780100504557
-660.8394724527994
-657.7708282470703
-689.5692087809244
-681.4096374511719
-671.4929860432943
-681.1879831949869
-669.5646667480469
-677.4440053304037
-690.5853983561198
-679.5495249430338
-666.6641642252604
-664.1914723714193
-644.5157419840494
-647.7447814941406
-659.7403564453125
-657.9600677490234
-661.9020080566406
-667.8058827718099
-654.647939046224
