-5055.865502266008
-1063.0473132558686
-1282.2525332489997
-1205.2730074519625
-1268.1800838664374
-1296.2078545665076
-1265.1796107927303
-1188.5965434564382
-1140.489480778924
-1070.6277223151696
-984.8708572846168
-952.0320030908904
-912.0362575707373
-889.0880401699267
-889.946883782746
-894.7293089018224
-957.254170000609
-958.6732016369353
-986.2875698806541
-949.8848592854378
-901.28898728347
-859.54053094819
-797.9169519409922
-745.0910941575107
-735.6391137520394
-749.0349816119115
-746.6803634312603
-745.251027044226
-688.7847541754245
-677.056368139338
-639.1249090838871
-634.3688603624576
-611.046006556793
-622.5788607704179
-608.2764487422984
-596.1122896799067
-621.7922411102525
-599.9806118972825
-611.1843339778894
-625.9507275800777
-630.6426291212542
-627.6530681491706
-618.4153451982181
-595.1394140841805
-596.4052426975517
-605.0287567417502
-598.9859321381688
-600.0139737769389
-611.756616841343
-607.2446872515582
