-5679.85888671875
-1264.4222412109375
-1304.11328125
-1294.7171630859375
-1346.9144287109375
-1443.16552734375
-1437.5455322265625
-1313.4088134765625
-1324.6617431640625
-1300.4576416015625
-1119.89111328125
-1064.07080078125
-1040.055419921875
-1005.6423950195312
-989.9129028320312
-961.1275634765625
-938.9576416015625
-913.5106201171875
-902.5875244140625
-884.6790161132812
-853.5139770507812
-822.8582153320312
-845.1018676757812
-893.2655029296875
-874.7600708007812
-899.0397338867188
-905.2702026367188
-884.6837768554688
-824.4404296875
-728.071533203125
-632.8406982421875
-635.3037109375
-635.8514404296875
-725.12890625
-738.333251953125
-804.9260864257812
-849.9641723632812
-852.9509887695312
-861.2764892578125
-888.1748046875
-885.2404174804688
-873.9231567382812
-862.1541137695312
-842.9869384765625
-853.2146606445312
-854.5939331054688
-850.8802490234375
-878.5645751953125
-889.1656494140625
-899.9362182617188
