-5679.865502266008
-1291.0473132558686
-1309.1304947886194
-1283.6758078603418
-1320.275952167365
-1372.2277114976564
-1371.695415121834
-1266.930504535779
-1150.3132235963712
-1129.9226358456258
-1018.4970626410347
-991.8701043019876
-968.4795233163937
-952.2908014059236
-963.0359400788032
-945.9778155012093
-994.6752203578305
-995.6673961711213
-1030.9612772837381
-1007.8756174391123
-1048.004084509103
-1057.1141795391986
-1005.2942631652356
-940.2674911550057
-869.5989935342832
-842.4468532709728
-858.6871871813657
-864.0158874536783
-852.5651408280395
-900.2135554004071
-858.598457399042
-889.4215245044272
-875.9275598770864
-916.5029426782646
-896.9460179833071
-875.5991278487052
-875.8909057213035
-860.6710735308968
-827.1092900696979
-782.2915118559879
-716.237801731318
-658.2854742574702
-672.1205478794762
-745.5620847942761
-842.6388278247441
-909.9875348123614
-893.0733364380709
-798.772835465285
-730.7120946629237
-650.385666622483
