-5055.865502266008
-1064.9892859850365
-1232.2426543639426
-1161.9913396698637
-1227.8177279292215
-1253.4786507081844
-1237.7536801075219
-1167.1829346155077
-1148.81779216746
-1091.8650356596106
-1003.8037582021061
-957.269875852596
-904.8334225909924
-893.2551523191089
-891.1490042378935
-881.7223021571724
-887.4732402470524
-866.3990839533905
-871.9723576115646
-830.5056506179868
-800.3608802276975
-765.8087019207385
-711.5641105504926
-660.0378292058824
-647.1600901067816
-628.5640770300732
-614.7350959519298
-625.4517112142553
-593.6335239871208
-612.0008650368179
-608.7355526941761
-611.8418377808181
-597.7094229471761
-617.4604899177955
-607.1677288281163
-600.0461927365163
-618.6601253365678
-590.6062281212746
-594.8734464136446
-602.1986162238202
-610.0429230788807
-598.1425677355702
-598.3924200334835
-595.388464462568
-609.3148169309652
-624.2874833620599
-609.6063659019342
-627.4046011806283
-608.9327106566344
-603.3047548891185
