-5055.865502266008
-1064.9887159579664
-1212.2775220456458
-1183.3628120569676
-1266.327011618892
-1285.6514062504496
-1272.8089087453704
-1214.0839893320094
-1203.9821460684348
-1156.3711781133325
-1095.1416514052394
-1066.2586777159954
-1040.6762855567288
-1009.2010865083887
-963.7661079216526
-929.0393328164639
-896.6349232207187
-836.977977249052
-874.8143332860187
-843.7476681957262
-833.5459400055436
-812.0987635952104
-754.5277678370319
-710.3719726987702
-681.9411386622809
-661.6829772835833
-635.2307671053802
-618.1322082118993
-573.6926446197155
-579.9062283638037
-563.4933603598906
-580.0373105719963
-576.962753724072
-598.1699782723376
-587.5002863408071
-575.2097800836791
-570.438616383246
-540.3002083649926
-553.7453668103261
-603.5897999486587
-636.3229318593355
-618.0128416196337
-592.310958475177
-558.343104455582
-551.3585908912755
-553.0107790477037
-545.2772488556858
-561.6411716837788
-560.9475525820967
-567.9557372066963
