-5055.865502266008
-1064.246279105521
-1218.5830434227405
-1159.4236219308941
-1235.908988458164
-1253.0949807783752
-1225.33800901045
-1160.501584037334
-1154.2525552282216
-1110.953248177052
-1041.0200739619665
-1014.2168414492769
-957.3718016698225
-905.9174818436219
-887.1397221079089
-868.0994816905302
-865.7125654900407
-840.028098844267
-844.0930270674316
-816.5250355265574
-785.444844584687
-770.3289974138361
-728.3172046463609
-694.9228875851048
-669.8873222056163
-644.4965899248417
-623.9952873513197
-629.2423763335985
-603.5394177681583
-615.626780231926
-597.5476630016976
-601.7747159860796
-578.335283498506
-586.3595892667016
-568.0772892983665
-547.6773969545984
-544.7776107466226
-546.2522071834353
-564.2028719594895
-610.2496688597141
-617.9617577838942
-599.615399344433
-581.2989940153641
-560.6731246071321
-563.5433949100528
-564.2420447313647
-558.6318662294359
-575.9793546395624
-572.064375712555
-570.9554585475219
