-5302.8604736328125
-1167.349609375
-1329.5987548828125
-1239.6826782226562
-1252.283447265625
-1224.9969482421875
-1212.0871887207031
-1156.4153747558594
-1148.7376403808594
-1113.9524536132812
-1090.3697814941406
-1087.0123901367188
-1077.3035583496094
-1063.888427734375
-1047.8744812011719
-1018.1812591552734
-1017.3232421875
-974.3765411376953
-967.5693969726562
-935.0832672119141
-913.0638580322266
-914.8659210205078
-932.4336090087891
-932.2266693115234
-944.8498229980469
-983.9678955078125
-980.6755218505859
-1055.4513244628906
-1001.0881652832031
-983.5637359619141
-928.7457122802734
-906.8675994873047
-878.6392517089844
-866.7799987792969
-854.4170989990234
-852.4958801269531
-867.4823303222656
-860.2290344238281
-877.3863220214844
-902.7151184082031
-907.6061401367188
-891.7532196044922
-864.7344512939453
-830.7723693847656
-818.7771911621094
-804.3653564453125
-768.7207794189453
-747.7173919677734
-705.6086273193359
-694.3777008056641
