-5302.8604736328125
-1155.1524047851562
-1256.362060546875
-1212.0654296875
-1260.4114379882812
-1271.65380859375
-1251.2249145507812
-1173.9495849609375
-1119.2738647460938
-1048.1974792480469
-995.5428466796875
-988.4739379882812
-988.5446624755859
-984.8272552490234
-995.5247039794922
-989.7404937744141
-978.4152221679688
-940.9338226318359
-894.0240936279297
-845.0611877441406
-812.9917297363281
-798.7402801513672
-791.2516632080078
-795.7675628662109
-791.2371978759766
-789.7135467529297
-796.7184143066406
-806.5619201660156
-779.4027862548828
-792.701171875
-753.7649841308594
-737.5019226074219
-693.2037048339844
-673.7022399902344
-656.1475982666016
-623.9764556884766
-631.2114562988281
-623.3465728759766
-642.9132385253906
-689.66455078125
-717.5783386230469
-744.0509033203125
-749.9844665527344
-746.9926605224609
-743.1118621826172
-722.3280944824219
-705.4100189208984
-706.1788330078125
-689.8499755859375
-679.8110961914062
