-5131.267114257813
-1088.679345703125
-1262.15009765625
-1200.0845336914062
-1242.4661254882812
-1257.907403564453
-1210.9382385253907
-1127.2198364257813
-1086.6015686035157
-1013.6829772949219
-972.408154296875
-979.0627136230469
-988.4598022460938
-982.5238525390625
-961.1620788574219
-920.3991546630859
-896.7852233886719
-844.6798309326172
-826.2636810302735
-806.9511688232421
-794.9186096191406
-799.0726013183594
-781.9653778076172
-758.9075744628906
-743.2788269042969
-734.0215850830078
-706.5311248779296
-700.1996643066407
-658.544564819336
-657.0094940185547
-632.9419250488281
-632.751416015625
-612.7577941894531
-617.9793151855469
-608.2192413330079
-597.1885955810546
-618.2421844482421
-600.3125091552735
-608.6255706787109
-675.1650695800781
-722.0316467285156
-717.594677734375
-703.0045440673828
-667.6344451904297
-697.2890655517579
-690.8321899414062
-674.8375762939453
-657.623568725586
-625.9356506347656
-619.6452728271485
