-5679.85888671875
-1264.4296875
-1304.0399169921875
-1296.3565673828125
-1349.5716552734375
-1441.177001953125
-1506.6524658203125
-1376.27099609375
-1429.4595947265625
-1478.1414794921875
-1300.2139892578125
-1262.535888671875
-1276.112060546875
-1178.7818603515625
-1085.4354248046875
-1000.4450073242188
-955.9739379882812
-934.5775146484375
-954.3385009765625
-941.9700927734375
-916.0042114257812
-862.04150390625
-831.427734375
-831.4193115234375
-827.0045166015625
-806.7184448242188
-828.2412109375
-868.1806640625
-847.5924682617188
-880.8175659179688
-813.44287109375
-755.1802978515625
-652.8716430664062
-599.0802001953125
-588.4112548828125
-579.2697143554688
-703.2810668945312
-820.1228637695312
-824.5621948242188
-880.3951416015625
-895.0958251953125
-885.8390502929688
-869.1214599609375
-835.08837890625
-840.2159423828125
-835.9450073242188
-831.1980590820312
-853.595703125
-852.8681640625
-856.9631958007812
