-5679.85888671875
-1262.9677734375
-1313.404541015625
-1282.5213623046875
-1290.429443359375
-1355.8330078125
-1446.3154296875
-1354.7349853515625
-1399.064697265625
-1402.0264892578125
-1192.7786865234375
-1101.127197265625
-1056.06396484375
-975.7052612304688
-964.54150390625
-936.81494140625
-945.3084716796875
-978.52880859375
-1004.7439575195312
-1003.0164794921875
-1002.3450317382812
-949.0953369140625
-942.2400512695312
-944.0075073242188
-925.6974487304688
-907.3884887695312
-900.12744140625
-862.4645385742188
-748.0103149414062
-655.1837768554688
-696.5906372070312
-749.1412353515625
-804.6602783203125
-878.5455322265625
-885.4149169921875
-884.2713623046875
-881.2784423828125
-840.2433471679688
-814.6243896484375
-799.55419921875
-800.3250732421875
-799.503173828125
-859.5299682617188
-854.1134643554688
-861.4684448242188
-867.0218505859375
-859.8424682617188
-879.1884765625
-886.0594482421875
-880.4876098632812
