-5055.865502266008
-1124.5601920246343
-1306.9397600481686
-1207.0882539314441
-1222.6068091474824
-1232.1827026456917
-1217.57036441034
-1151.2278162945067
-1131.9381262779484
-1075.986511350006
-1020.4994836799517
-1036.190563020709
-1096.932400114328
-1183.1884195567902
-1083.8709960724984
-985.2248190595328
-988.6439373857129
-932.505175010554
-919.6199289064692
-900.6462214293418
-862.8242507231053
-845.0894222601544
-802.9680584407713
-749.6161756705021
-725.146166617022
-707.1405946893102
-677.6234585391061
-682.1419021000102
-639.4703810153967
-639.0118098129944
-622.6181470869184
-638.1435283724884
-627.8993759629111
-626.0006263843463
-606.1042560595787
-585.7123901275504
-591.3427188969592
-576.2835732932319
-553.0511758245691
-554.0014464999072
-565.2324880699739
-566.6724318692453
-574.6344210123841
-579.7655164578701
-591.3462159941771
-585.6386913217998
-572.9003695495082
-581.2456093716564
-569.4848690529899
-571.1852569457303
