-5679.85888671875
-1264.4287109375
-1304.0462646484375
-1296.3848876953125
-1349.425048828125
-1433.643310546875
-1507.883544921875
-1403.8192138671875
-1469.799560546875
-1483.9219970703125
-1235.931396484375
-1094.184326171875
-1046.9952392578125
-977.2496337890625
-962.1296997070312
-936.2838134765625
-928.0322265625
-921.2550048828125
-910.7639770507812
-932.4807739257812
-946.7999877929688
-915.9964599609375
-899.31005859375
-862.4602661132812
-854.8385620117188
-827.3297119140625
-812.8912353515625
-755.0443115234375
-646.1089477539062
-634.0311279296875
-604.20556640625
-671.1978759765625
-777.3934936523438
-846.0652465820312
-853.2096557617188
-864.7106323242188
-883.4451904296875
-874.3893432617188
-854.2144775390625
-857.1793212890625
-868.7810668945312
-862.9264526367188
-866.8375244140625
-863.6434326171875
-869.0842895507812
-865.6882934570312
-866.36376953125
-869.6427612304688
-861.7977294921875
-887.4334106445312
