-5679.865502266008
-1383.664362004396
-1522.3577602720868
-1331.429010000484
-1271.6847059019096
-1304.9543618994269
-1288.64910774928
-1233.6675763212647
-1163.5917600908313
-1130.0831678755148
-1058.0973207117547
-1046.5367023655258
-1033.8583728177125
-1026.1503597161477
-1037.0630077828273
-1031.4246907865293
-1055.225262145938
-1113.7979185804177
-1091.9161876504945
-1035.234930354593
-947.6986796425663
-884.759504978746
-849.8132412821376
-847.4926143655191
-835.0220914064324
-828.1647064216859
-877.7233385577416
-933.4686387023239
-901.7889928415447
-924.9015591795509
-854.2630881760048
-812.7480680372989
-748.0891365883742
-718.1922173911523
-698.8142843820583
-660.9775279925915
-680.1719388848367
-691.2721010512746
-759.5512983486781
-890.5835934556275
-891.4691811965889
-894.580502367198
-889.0761139987504
-877.3861978853074
-920.9244306823673
-911.163165328129
-913.5115490658978
-910.5818626945232
-892.4290329301008
-892.9180715865768
