-5055.865502266008
-1064.4113149503617
-1218.2783813127178
-1157.560956488413
-1234.4112271223971
-1251.2614004254037
-1202.59758898426
-1146.3298045410147
-1128.5662782583333
-1058.8585540199967
-995.874949757646
-959.4897213447515
-899.3345953314547
-845.5873089411937
-822.0088825771703
-794.3673606089955
-778.1239252505495
-728.8996946391019
-729.6365511242923
-700.6029844533748
-674.6958945133512
-648.5666641254088
-632.3101641250099
-609.2806032820107
-608.033333546178
-594.4247575349017
-579.9789576571083
-594.3770767575566
-587.7320947339665
-606.5198190317287
-584.1537892920373
-589.8436296072942
-552.1687161416443
-550.5481611699937
-544.8736698024292
-552.3186615002858
-586.2195534210927
-596.1886214760536
-600.1646673321391
-625.8762984610032
-611.0455348762109
-586.253504842908
-575.6812287098935
-556.7418043763012
-557.7333244725967
-564.6840717815762
-557.3941242343317
-580.7954580805401
-582.822424878035
-587.625217762647
