-5679.85888671875
-1546.5667724609373
-1523.966552734375
-1524.9056396484375
-1252.87744140625
-1244.3011474609375
-1283.107666015625
-1276.021484375
-1191.7222900390625
-1174.9793701171875
-1075.7691650390625
-1054.1593017578125
-1030.498291015625
-1003.7658081054688
-990.3909912109375
-958.9803466796875
-964.3771362304688
-1003.4236450195311
-992.9035034179686
-999.3715820312499
-962.5686645507812
-926.1383666992188
-935.8828124999999
-1009.2654418945311
-993.3488159179686
-986.3094482421874
-959.7845458984374
-994.8497314453124
-990.1215820312499
-1008.0613403320311
-979.6805419921874
-985.1009521484374
-973.9884033203124
-980.9508056640624
-1011.1688232421873
-989.076965332031
-979.721496582031
-998.813781738281
-975.8933715820311
-977.9088134765624
-919.7530517578124
-896.9232177734374
-866.8483276367188
-860.5533447265625
-867.591796875
-868.9298706054688
-888.2477416992186
-886.4363403320312
-893.9676513671875
-883.65625
