-5055.865502266008
-1064.6498206815882
-1261.632360798577
-1187.119020768328
-1224.1098989311372
-1223.8998028647527
-1213.8392539417807
-1149.5519066411714
-1133.9055679263822
-1094.4537797475755
-1024.4735134228977
-985.2270229455122
-933.9642764915245
-906.100457230698
-903.5148723031291
-901.7624040223179
-915.8023925757313
-854.348021273055
-857.8370968664465
-812.7062609454072
-795.1175217537125
-785.588313485844
-757.0504720745804
-723.4933868108509
-715.1137596792794
-721.4201633760001
-706.2139489587189
-701.436935159248
-662.5986550681466
-652.1009951311026
-615.505502319377
-629.3619368671926
-642.1097482868804
-647.6227964768852
-637.173366018816
-614.8861356925058
-629.8254166376253
-621.8961611801392
-617.0272131463662
-643.249156704351
-649.6872110937834
-657.0570528750546
-658.3019193590293
-618.091878262135
-610.8232881487771
-627.1596974970228
-612.0829499387576
-618.1658582439674
-630.1121209457995
-618.4691717445132
