-5055.865502266008
-1060.4286787781602
-1218.8126510827121
-1147.033325730389
-1228.3330597660743
-1239.6719693498706
-1197.7519689336164
-1135.7256742673267
-1100.9464378602406
-1039.9971380583254
-963.0433165698108
-937.0503225972694
-894.8665653186342
-865.116037692814
-870.3353196218208
-911.0125034707489
-964.7173924832789
-963.9954333091589
-920.3476986808652
-846.2253070353829
-775.9447581911361
-717.8501062327274
-676.5081754135986
-636.1916301810419
-624.8123498319576
-608.9164905138034
-592.295125179476
-618.314366836076
-605.7591287089107
-610.8300604962512
-580.1460269277368
-587.3591354939329
-556.7279769913931
-546.7334864365662
-536.3152894768158
-530.5944105532268
-556.3448681142372
-564.249038326747
-575.8507825786123
-608.9202981475989
-608.2230152814866
-591.202613029523
-579.670103655603
-565.8700288198697
-569.3974079419049
-573.236560068006
-569.056068508482
-587.5978856485758
-578.5735830270073
-583.6741967539817
