-5055.865502266008
-1064.987797195061
-1232.2148678780227
-1162.275600616797
-1227.1489847864848
-1244.4823876907412
-1220.9013388865865
-1165.2538271087415
-1152.516596221511
-1101.407107362531
-1036.0890083748782
-1007.3779355553722
-962.2591739250304
-911.8503408726632
-891.6401222549573
-878.8666119827783
-884.3134995886921
-878.4864228918223
-913.6456211560447
-893.8577094243977
-896.1283552066859
-869.8147619862324
-790.9041990607469
-714.6247909591253
-672.2727893633888
-641.9264463725447
-616.6312371497511
-611.9362295517666
-599.4518110113188
-629.6043289956989
-598.9932383521736
-603.5246383075121
-581.0198340978726
-591.8758150449961
-598.709890682798
-633.529478424576
-681.4997810884785
-685.4262377716163
-677.7755106714956
-704.6778083079384
-687.4236937859997
-644.5786382196616
-599.5866568876389
-576.1459150612673
-589.481998594557
-583.0085897127119
-573.1433588390482
-587.017063579
-581.9975002976295
-585.4721569239335
