-5679.865502266008
-1262.9877971950596
-1313.2148678780227
-1282.2756006167983
-1290.1489847864855
-1355.4823876907412
-1445.9013388865865
-1354.253827108745
-1398.516596221512
-1401.4071073625284
-1192.0890083748789
-1100.377935555372
-1055.2591739250288
-974.8503408726635
-963.6401222549573
-935.8666119827791
-944.3134995886933
-977.4864228918219
-1003.6456211560468
-1001.8577094243954
-1001.1283552066873
-947.8147619862309
-940.9041990607509
-942.6247909591282
-924.2727893633889
-905.926446372546
-898.6312371497522
-860.9362295517642
-746.4518110113193
-653.6043289956989
-694.9932383521747
-747.524638307513
-803.0198340978736
-876.8758150449983
-883.7098906827966
-882.5294784245764
-879.4997810884806
-838.4262377716175
-812.7755106714956
-797.6778083079381
-798.4236937860001
-797.5786382196618
-857.5866568876369
-852.1459150612696
-859.4819985945567
-865.0085897127135
-858.1433588390488
-878.0170635790013
-884.9975002976286
-879.4721569239342
