-5679.865502266008
-1288.428678778162
-1302.812651082713
-1273.033325730391
-1303.3330597660743
-1401.6719693498696
-1455.7519689336164
-1318.725674267328
-1292.9464378602422
-1210.9971380583256
-1047.043316569811
-1003.0503225972698
-969.8665653186339
-937.1160376928149
-948.3353196218183
-971.0125034707489
-1030.7173924832787
-1104.99543330916
-1058.347698680866
-1026.2253070353806
-1006.9447581911354
-996.8501062327293
-958.5081754136008
-909.1916301810437
-888.812349831958
-860.9164905138025
-850.2951251794768
-810.314366836076
-671.7591287089105
-610.8300604962512
-598.1460269277368
-617.3591354939331
-670.7279769913922
-816.7334864365667
-809.315289476814
-806.5944105532278
-841.3448681142363
-843.2490383267474
-842.8507825786137
-851.9202981475986
-851.2230152814891
-855.2026130295217
-852.670103655604
-841.8700288198704
-857.3974079419044
-858.2365600680057
-854.0560685084844
-875.5978856485742
-869.573583027005
-874.674196753982
