-5302.8604736328125
-1168.851806640625
-1295.705322265625
-1233.7052307128906
-1270.26318359375
-1304.2337341308594
-1342.8116455078125
-1292.5925903320312
-1254.6738891601562
-1207.4757690429688
-1118.7393188476562
-1069.4747009277344
-1038.703125
-1038.6309814453125
-1065.3911437988281
-1130.9501953125
-1197.4849243164062
-1168.3968811035156
-1130.5777893066406
-1109.1973876953125
-1018.3524475097656
-977.6859741210938
-963.1555023193359
-951.7358245849609
-936.1272125244141
-927.0073394775391
-926.0227966308594
-943.0740814208984
-923.1905517578125
-935.4402770996094
-891.7572479248047
-898.5788879394531
-853.5655059814453
-863.1900634765625
-845.3934020996094
-803.4339599609375
-798.189453125
-768.4077758789062
-752.2716217041016
-754.2812957763672
-751.8912353515625
-732.5663299560547
-722.6698303222656
-697.7183837890625
-688.6704406738281
-643.5906829833984
-615.1633758544922
-682.5987243652344
-725.1141510009766
-757.621337890625
