-5055.865502266008
-1064.6087981417527
-1245.7585742728932
-1190.264140705384
-1243.257970946408
-1244.0750197022076
-1202.7036096660772
-1133.7041361556774
-1107.1015090443932
-1047.7920004297698
-974.5833082487264
-930.5525900667251
-894.833008837992
-894.3005639477718
-908.3904623803335
-914.5868024313082
-958.1673806929581
-950.454580046306
-935.8083799448643
-882.8577311996318
-839.3074590561855
-812.9385736736338
-766.2850992322371
-722.7257509269505
-706.752038187614
-693.4411565083788
-662.6762204803365
-636.6437160397875
-587.8431819915246
-594.1829222515071
-584.0585448723015
-602.5329258386566
-591.0236456483756
-613.511549131515
-608.3046684682361
-602.9390923498576
-612.7008771084894
-582.8563506147792
-565.1733570185937
-627.0881264312617
-710.9125175630893
-742.5807333326441
-693.6614084595201
-641.9515745212053
-673.3006619350789
-637.0758904962925
-619.1599538328519
-605.9306253525235
-580.6507545155988
-582.3738730422443
