-5679.865502266008
-1262.68510396777
-1301.5390835394537
-1294.3278191372576
-1306.394105801001
-1396.7167491369719
-1341.6458506434597
-1243.3930885084503
-1208.468428114223
-1193.1935525313686
-1069.5729174427922
-1036.6675846791043
-997.6916051442792
-927.9293557825783
-903.8381178822374
-861.9618922330168
-852.1954997713649
-870.4531722934082
-863.5146795614348
-872.9850373972433
-885.342026597959
-918.5219604159981
-893.9526351936589
-863.5724701344388
-853.3918026674207
-834.3502991996023
-822.9325522650939
-761.3096919717267
-628.2111926298815
-623.0708917798952
-652.3508101880582
-704.79783444654
-768.078644820788
-843.9313823363661
-845.4337458593187
-840.5663858752016
-877.3496215881112
-862.8283229416295
-851.618154693883
-866.1113574346252
-874.6623059132131
-858.9263987010467
-866.5766536496449
-867.6144733805719
-870.8165353667576
-875.8341620448725
-878.927285351688
-887.0981232219199
-889.3313929373519
-887.9659767267789
