-5679.865502266008
-1325.3287990087715
-1417.9660406125
-1283.2101856388601
-1265.3907133031728
-1276.095002795683
-1243.9604351140626
-1205.1550260716172
-1150.7874222421258
-1129.8928120311723
-1067.0141207387696
-1053.6959526595042
-1036.7446139978272
-1030.7760743661547
-1014.4691632197033
-1019.5219550398544
-1019.8716854658594
-1030.2707735902866
-1010.3836008158269
-975.6837589747156
-933.5361164709732
-912.5808540854244
-897.926206914367
-906.6078829931712
-893.2932376587593
-881.0941004100592
-877.990249255677
-923.5821859179941
-898.111696402724
-962.6670728001591
-978.0707047674161
-1022.424964690667
-987.6799081354236
-988.8509360251295
-1016.8625207384518
-1002.6023814569475
-987.3158896203311
-1021.4848180289233
-1053.2196500411233
-1176.936335096922
-1124.4153130462194
-1051.303772936098
-952.6606797451328
-946.5003631529368
-885.0385944215228
-870.8140772732798
-877.8651463383507
-851.1802930569938
-860.5058605727584
-841.9648507884946
