-5679.865502266008
-1288.4267496346185
-1348.089561052198
-1289.3910802086707
-1308.670370122687
-1340.6227467170008
-1377.861067887858
-1271.698825519062
-1193.9800938184637
-1120.8984603999043
-1020.3250689102813
-987.0608897117993
-981.9159699030968
-988.8563209773489
-998.0816187405322
-977.5469211932499
-985.5874433415092
-983.9296504663174
-955.8452463728033
-913.1381605367508
-863.61268724047
-817.5971467487294
-790.6543743072878
-792.2351052560188
-791.5463824867971
-786.6592743424928
-830.429214294868
-877.4802337282205
-843.6020224501369
-846.9841372145735
-732.3910603760277
-683.5047498078663
-613.2555058639596
-609.8494717265482
-601.9387227129682
-603.8051630440317
-675.0160984507279
-833.33850598921
-848.2499655757445
-928.0935935689591
-972.8264066745369
-932.3801227352815
-930.4135323471794
-898.5135640021057
-907.7170672125667
-905.1189282161737
-896.4595827479319
-897.5088032659598
-876.2571289289724
-873.864183151115
