-5679.865502266008
-1287.5499818952278
-1347.3935920825081
-1270.3472659171132
-1270.4973613017924
-1306.5411426013525
-1365.4518998833682
-1326.118390696308
-1261.5883753826065
-1217.5363898916928
-1096.093717008709
-1060.810383872841
-1036.651762865878
-1014.7321965927138
-1042.619967324288
-1027.6443816619949
-1049.0214700786341
-1065.1843043042866
-1054.3610677411996
-993.6556635720735
-955.5728369708868
-924.7283420912123
-897.6418395843751
-893.6367941607992
-896.2908521938858
-890.7233329879979
-922.8109858529481
-981.7940080020389
-966.5201818174585
-990.0950632619018
-915.3368885269289
-919.2522208981724
-909.4078394594151
-932.1630998753508
-927.8700553638488
-910.6333128645822
-922.7711493977949
-917.4415584114116
-908.3123339715142
-920.2446223989139
-920.2456368113353
-907.9575388315583
-905.6460714980036
-888.8684609680486
-885.6181186384604
-853.6900194893284
-807.6644767829318
-745.4249653212748
-712.2648937038272
-654.3569261728564
