-5679.865502266008
-1262.2462791055211
-1302.5830434227414
-1285.4236219308946
-1313.9089884581645
-1406.094980778375
-1465.3380090104479
-1337.5015840373371
-1364.2525552282204
-1365.9532481770511
-1158.0200739619659
-1092.2168414492771
-1041.3718016698235
-968.917481843622
-959.1397221079084
-925.099481690531
-922.7125654900414
-948.0280988442659
-934.0930270674311
-939.5250355265567
-899.4448445846881
-905.3289974138366
-932.3172046463612
-949.9228875851037
-930.8873222056163
-929.4965899248433
-908.995287351319
-887.2423763335986
-792.5394177681568
-738.6267802319267
-630.5476630016968
-610.7747159860795
-608.3352834985058
-640.359589266701
-658.0772892983664
-715.677396954598
-826.777610746621
-825.2522071834337
-837.2028719594871
-862.2496688597136
-863.9617577838968
-854.6153993444341
-851.2989940153651
-836.6731246071337
-854.5433949100528
-849.2420447313649
-843.6318662294361
-866.9793546395633
-863.0643757125561
-861.9554585475223
