-5679.865502266008
-1268.058703221904
-1341.0610305780244
-1299.390019763998
-1300.2358891638626
-1327.9235277605108
-1337.6751388743542
-1256.4686658180894
-1179.5554062385397
-1129.365679229322
-1026.651596580075
-980.3327528515625
-966.0146798019102
-936.9582721014776
-937.2556658566988
-905.0096309363714
-896.2525153319917
-891.1972744961455
-890.8850438953046
-877.5724838049935
-842.7440692512794
-800.1193806954104
-818.1241931014872
-866.6146623671481
-862.260070539186
-882.2202785914054
-864.80157996877
-853.2820277974977
-730.4381236029316
-622.849057080322
-599.5632543199131
-629.6962641147644
-659.1832357557778
-828.1304018430785
-837.7858611891692
-842.0043623421946
-888.7994233567011
-880.4240029336685
-858.9994034318366
-839.5121591770092
-851.8509901015847
-846.7366100590667
-857.2666874025011
-847.6102145337105
-856.2181517376757
-862.3668945350112
-856.9393532835613
-873.0558877061146
-884.6647160913569
-886.466577214657
