-5445.853759765625
-1205.5712280273438
-1276.53369140625
-1222.2682495117188
-1265.1434326171875
-1325.016357421875
-1325.1793823242188
-1213.4933471679688
-1123.357666015625
-1056.36669921875
-940.8771057128906
-916.2477722167969
-882.8474426269531
-851.8412475585938
-854.0408630371094
-816.4466857910156
-820.9571838378906
-817.9275817871094
-818.545166015625
-810.8899536132812
-804.8118286132812
-819.3772888183594
-805.0010375976562
-782.2185363769531
-773.9210510253906
-754.5826110839844
-745.0336608886719
-718.6107788085938
-634.5111999511719
-614.8049011230469
-601.1280822753906
-630.2184753417969
-647.7651672363281
-716.1746215820312
-716.3145751953125
-720.6640014648438
-759.1969909667969
-764.9444580078125
-765.4740905761719
-791.9603881835938
-783.8454895019531
-768.3951416015625
-752.3168029785156
-733.8599548339844
-749.6012573242188
-751.0960693359375
-760.7268981933594
-780.5981140136719
-787.7290954589844
-795.8865966796875
