-5055.865502266008
-1119.691954329652
-1277.1453089377078
-1236.6773331606903
-1259.501743574809
-1248.8734505870448
-1233.7787848889293
-1160.8851106403067
-1156.3575214129642
-1093.640186461003
-1109.2967830933017
-1151.265635190994
-1091.0134371615145
-1044.1430796006011
-1030.6566068459547
-1018.5243413029209
-994.5596145927944
-963.6407823039797
-996.4284745613195
-1014.8655228391033
-988.0638024897531
-974.7712073582958
-959.4647983683348
-921.2061986771783
-919.0654968521487
-907.5612240200971
-875.5108960546846
-855.5227841443706
-804.5658362678282
-803.1739446338444
-808.571507336365
-825.4839388008389
-827.0834561356244
-827.8379971276174
-810.9019532276022
-783.123619513626
-781.7649418529784
-751.1401265540144
-713.5946495318412
-692.2748849821627
-670.7722703166972
-642.628538039796
-629.0738289981325
-604.9467954158364
-606.3014207172362
-606.635388710717
-593.1837048698756
-614.448805725873
-602.7844979832557
-604.2585581116524
