-5679.865502266008
-1268.058703221904
-1302.61762102699
-1294.1612663585745
-1338.2718638980446
-1455.6407780788063
-1586.8326629884154
-1456.7480066163935
-1522.8180776139695
-1516.2927373240268
-1284.7531809989819
-1141.450076852677
-1042.929188829145
-938.0311838968079
-912.1194079424552
-872.7498269696858
-884.5792790484236
-936.6278846894623
-954.7759268622718
-963.5647921535044
-976.0302041011844
-959.4141081815362
-920.222466223537
-881.2908328609149
-871.4295524324016
-851.6760666546066
-850.7622645453044
-830.4639310536659
-715.5210611211353
-635.7874984466026
-582.8159800203073
-592.9209759338569
-659.054990478785
-819.8078723881215
-828.6993363780639
-818.6331188064835
-855.8829917234905
-852.4362276970663
-844.2959981165861
-857.7565411540666
-863.8494038792971
-859.4812736342059
-857.6106286438542
-842.3049075702341
-860.2338772508417
-859.7840169827557
-860.2353491914246
-880.0675094669001
-884.6497484586838
-882.9546588229562
