-5302.8604736328125
-1148.2018737792969
-1243.10888671875
-1210.9156188964844
-1266.1322326660156
-1301.7881774902344
-1279.8152465820312
-1177.1031799316406
-1133.7642822265625
-1089.4673156738281
-975.6033172607422
-945.2090148925781
-899.6451873779297
-851.7487030029297
-841.8077087402344
-804.5353393554688
-802.8273620605469
-788.3970947265625
-797.6842803955078
-782.4051361083984
-767.4750671386719
-755.4984588623047
-728.223876953125
-708.3350982666016
-700.3103485107422
-671.0449676513672
-658.5354766845703
-630.9492797851562
-607.5325469970703
-645.1769714355469
-663.5107269287109
-664.6087493896484
-654.7905731201172
-681.0501861572266
-663.0263824462891
-658.6095275878906
-684.8881072998047
-682.6236572265625
-678.3799743652344
-705.6389007568359
-703.2044982910156
-689.1568450927734
-679.0925750732422
-662.9585876464844
-673.7214965820312
-675.689208984375
-670.5773162841797
-698.2813415527344
-696.8276977539062
-700.533203125
