-5679.865502266008
-1311.8792099856248
-1382.2132806311415
-1295.230605522584
-1269.4420256720443
-1269.15887303261
-1238.6799368139204
-1214.3881675887621
-1169.8987830276535
-1124.3990161144898
-1082.4609827817462
-1085.5587408657716
-1060.6966803672365
-1046.0658804850475
-1004.5831500622064
-986.5116971450403
-977.2053486050527
-984.6431361731395
-987.3261906796658
-978.2208806228842
-911.3055374314083
-877.237049719685
-867.3388610587388
-879.1481101919996
-850.8329123712201
-840.2735952779645
-861.2400150599418
-923.8279616332153
-916.2317603632646
-978.9886970070565
-907.8777009817375
-904.1429188025713
-879.726566816692
-888.8072522791956
-896.0649636361322
-856.4370826900982
-823.9292853722178
-825.9381649966435
-757.7641232530078
-665.5173286712773
-694.6794931755547
-772.0389991915754
-776.530870738029
-839.0517654916235
-905.0535352160784
-953.9213854831667
-957.1592749177335
-961.3472851411236
-922.0692615275473
-937.080059589746
