-5055.865502266008
-1064.0587032219025
-1221.6176210269884
-1162.1612663585743
-1245.2718638980457
-1260.640778078808
-1238.832662988418
-1180.748006616394
-1168.8180776139693
-1129.2927373240268
-1059.7531809989828
-1009.4500768526752
-940.9291888291424
-860.0311838968094
-825.1194079424537
-788.7498269696874
-782.5792790484231
-747.6278846894638
-777.7759268622701
-750.5647921535068
-718.0302041011834
-671.4141081815317
-644.222466223535
-611.2908328609142
-604.4295524324035
-587.6760666546055
-577.7622645453052
-599.4639310536647
-586.5210611211356
-602.7874984466026
-579.8159800203073
-586.9209759338571
-554.0549904787847
-543.807872388122
-537.6993363780658
-542.633118806485
-576.8829917234904
-585.4362276970671
-586.2959981165852
-608.7565411540661
-602.8494038792973
-589.4812736342067
-581.6106286438537
-566.3049075702331
-569.2338772508451
-574.7840169827556
-569.2353491914234
-592.0675094668964
-587.6497484586854
-591.9546588229548
