-5055.865502266008
-1068.8792099856241
-1292.2132806311415
-1199.230605522585
-1215.442025672045
-1194.1588730326098
-1157.6799368139204
-1103.3881675887612
-1097.8987830276528
-1046.3990161144882
-1013.460982781746
-1025.5587408657698
-988.6966803672385
-983.0658804850488
-935.5831500622073
-920.5116971450407
-923.2053486050534
-918.6431361731399
-936.3261906796673
-924.2208806228846
-884.3055374314083
-856.2370497196846
-831.3388610587381
-813.148110192
-796.832912371222
-774.2735952779655
-753.2400150599422
-722.827961633216
-679.2317603632632
-669.9886970070572
-640.8777009817371
-637.1429188025729
-624.7265668166945
-633.8072522791974
-617.0649636361325
-607.437082690098
-622.9292853722166
-609.9381649966429
-610.7641232530071
-629.5173286712773
-619.6794931755546
-592.0389991915764
-590.5308707380269
-569.0517654916224
-626.0535352160764
-677.9213854831683
-726.159274917734
-727.3472851411236
-706.0692615275468
-703.0800595897433
