-5679.865502266008
-1311.8792099856248
-1348.9818791370205
-1281.6842529418227
-1307.791306019729
-1379.2676148416508
-1615.8078501284083
-1561.0721434450618
-1676.784057340456
-1651.7245033630165
-1329.1455883919887
-1204.4198362743255
-1161.4256825536334
-1118.5321699998042
-1103.4680972469164
-1069.0804569387064
-1063.5382707726926
-1058.9982292141055
-1035.570762530452
-1044.733062027988
-1046.02428412351
-1035.2877871286723
-1067.5815372286438
-1096.1908316924867
-1077.7552889111837
-1069.1560984427551
-1037.1276497425615
-981.2248859558273
-926.4387439390384
-844.8799231494022
-686.7353561834559
-667.7362548053436
-660.5177714527126
-791.4894705827089
-821.6003510634542
-832.134048899931
-871.5709383517412
-878.2186756403313
-885.4080060629242
-901.4328880726005
-874.1913349421644
-867.4011864435035
-860.1715743095552
-850.143637414622
-857.1236105146012
-849.1620569745473
-847.7386799162729
-875.7727797131247
-886.0329536743344
-896.4187020835385
