-5055.865502266008
-1064.9811332156567
-1212.3508616859658
-1184.723366099994
-1263.669948275699
-1281.641496363901
-1242.7059587648994
-1184.254118999836
-1168.24480462561
-1119.7918647955476
-1046.999576234164
-1000.0505756089357
-963.9605235749299
-938.5072932757834
-913.7563789034697
-899.9766620070095
-877.8234772928569
-815.7796839683155
-822.9030384703295
-787.3328073751367
-762.1344700938704
-757.7275094890621
-723.7819926193716
-685.2016359624134
-669.6248136550302
-642.9798072499664
-621.9608691061262
-622.5766645030415
-601.3758063961639
-630.5784623904117
-616.7655677882574
-622.239461908627
-598.8710301354121
-592.1357028169147
-575.3282820491587
-548.9864103033832
-563.9855292610848
-573.1171022059137
-590.4447413696728
-629.3096637628274
-626.1410615050426
-606.0724000448233
-591.3264162346733
-566.1551669434856
-564.2648186794565
-568.7196414823371
-565.03883071705
-589.6082573424214
-591.1433510792142
-601.8227622723591
