-5679.85888671875
-1471.4877929687498
-1382.769775390625
-1439.55224609375
-1274.249755859375
-1317.248291015625
-1404.0211181640625
-1285.3443603515625
-1204.0709228515625
-1159.0179443359375
-1104.867431640625
-1138.404052734375
-1215.8642578125
-1207.1441650390625
-1138.135986328125
-1079.947021484375
-1097.498291015625
-1054.233642578125
-1023.1595458984375
-992.9334106445312
-918.5552978515625
-884.0880737304688
-867.4168090820312
-868.0055541992188
-832.47998046875
-816.4161376953125
-820.5846557617188
-892.1838989257811
-898.4844970703124
-940.2196044921873
-875.7739257812499
-878.9630126953123
-854.6458740234374
-873.290832519531
-873.3360595703123
-863.3551635742186
-889.7288818359373
-876.1397705078123
-862.5126953124998
-875.653137207031
-866.4901123046873
-867.7636718749999
-869.5169067382811
-851.4760742187498
-860.4205932617185
-829.3815307617185
-731.2321777343749
-709.3251953124999
-798.7656249999999
-865.5189208984373
