-5679.865502266008
-1262.4113149503628
-1341.6901277155223
-1292.9806743666775
-1288.354354473096
-1299.6816933190587
-1245.9028607986809
-1204.4500802400748
-1118.579010716787
-1069.8324396434543
-1037.1862161859726
-1033.1168541256116
-1013.7519282554492
-1010.1173103099193
-1011.6971937409683
-984.9667296700545
-994.1488210603342
-953.9898034843412
-920.314093483611
-885.8595922408662
-863.0992473737648
-831.5075816982338
-822.6810576343262
-872.2328321911443
-884.0281111938333
-909.2833216388929
-911.2177086776425
-880.1608007521497
-814.9685685176448
-713.7080264463393
-634.2627756301463
-663.2131067342743
-686.1081583684809
-725.5522766994512
-778.7126090269314
-848.8940024705402
-892.7927392525019
-904.0689919919629
-929.1833187357475
-907.1451466381526
-887.8959241580211
-861.5027081337533
-877.7755137728979
-850.0953160459524
-865.9535043674598
-865.139919021079
-859.4827899782501
-872.8971603519933
-874.2582455986494
-874.757584638541
