-5055.865502266008
-1063.633187194379
-1206.5447193250652
-1148.8253735243084
-1209.7731070591292
-1222.5365738464611
-1175.9813719763733
-1105.982449360125
-1061.2023589796759
-998.4188705135884
-926.2531158107779
-895.3519263858947
-857.9404012720051
-832.4211315278947
-842.1402447545812
-868.8706772849591
-907.3893536841704
-898.1043615357294
-856.3831296838944
-790.3009567035679
-742.818961817574
-714.0557389984567
-674.0291333794246
-637.5113793244655
-627.3432194034439
-607.4518850787287
-589.5442911862026
-591.4480734077172
-581.9271614297254
-613.3180342408339
-594.3090270715177
-598.2932170349025
-564.8474271783538
-557.9603764522514
-548.7254185042782
-545.9298142138524
-570.7895649256993
-577.9366480022821
-588.8299767422343
-612.906563155532
-605.2599575585675
-581.6202853495577
-570.1414080951746
-553.3319090388786
-560.0822256598128
-567.021936304234
-567.1866524575153
-592.4910824523206
-587.9381202230991
-598.5246162498306
