-5055.865502266008
-1070.0366875642542
-1257.1230019316786
-1192.4872230863493
-1246.5928522663094
-1266.0296351685529
-1257.9902476832206
-1222.884625775706
-1202.4677159364712
-1156.17791546312
-1087.3861798889434
-1041.5036053338315
-1005.8588750832723
-1009.2647373456191
-1033.5683164067532
-1103.7699980655952
-1171.300701259233
-1134.8265889415973
-1099.1524401227439
-1076.737013462672
-991.2282603574834
-958.6462655571837
-940.8324750274835
-915.9292368271642
-895.7318468927984
-888.9855174810991
-866.2147388513683
-847.9551449254893
-816.2268876293931
-808.1320899231292
-780.6485000789858
-785.5250347977816
-746.8947843782088
-750.6027909873521
-730.7956650479166
-693.782346998862
-686.1947879882989
-657.4454751701559
-640.6256080736852
-643.7826803387824
-643.9819667196737
-624.6288430619395
-614.741212345466
-589.8205736771249
-589.0351195471305
-604.6086020138113
-589.2065151850236
-592.4953742857017
-611.1398322379271
-642.4842949115332
