-5181.5311279296875
-1106.5821329752605
-1239.6948954264324
-1190.7540384928386
-1266.2677510579426
-1302.4645284016926
-1311.7773335774739
-1239.5072937011719
-1243.5645548502605
-1210.9441426595051
-1109.0198160807292
-1040.1467386881511
-965.6735076904297
-879.0280405680338
-845.9889933268229
-808.2375844319662
-805.4318084716797
-787.468983968099
-815.2989501953125
-795.2825164794922
-772.1009368896484
-730.9443562825521
-701.1176249186198
-666.6187133789062
-659.1418813069662
-641.80322265625
-633.6677652994791
-646.9567413330078
-613.4039815266927
-610.3633931477865
-581.2788798014323
-589.0614166259766
-575.9815216064453
-600.3080240885416
-597.123057047526
-599.0321350097656
-633.9301910400391
-640.0584767659506
-639.0696970621744
-659.8013865152994
-656.2941741943359
-644.7072703043619
-638.0797627766927
-622.8627065022787
-628.8259480794271
-633.3305002848307
-628.7735900878906
-650.9286244710287
-648.4125518798828
-651.5365702311198
