-5055.865502266008
-1064.6087981417527
-1215.2976309432374
-1164.1038620283439
-1239.6911174197453
-1249.406482205391
-1208.9891927360056
-1126.318720881157
-1082.0199519626897
-1010.1958108139858
-935.991604853546
-916.395660706927
-888.7409087630261
-880.7854704822515
-890.9279584026556
-920.3057251642092
-1002.6062974452007
-959.0176533771598
-887.4340993342937
-805.9784294062216
-751.9385203324739
-733.8928472192808
-699.3496780391105
-659.9651121463842
-645.8915690411
-622.6037433229334
-604.8889346154972
-618.9094976894074
-602.4180644602344
-614.7766536604064
-591.6049034424875
-593.1067243802019
-568.9430403751373
-578.4534635583377
-558.4573868447515
-541.389082867029
-576.9143622407347
-592.5339979469097
-594.561381041726
-603.128382720947
-588.5780086317244
-570.1786251503486
-564.0070305085161
-552.4985705217705
-559.6068565986161
-565.7487013909271
-563.3397009771533
-589.3140964462112
-584.3163972225403
-587.2818939202372
