-5055.865502266008
-1063.6366972787723
-1206.9050046421582
-1157.8486762257376
-1227.0593915231668
-1229.1841985694577
-1183.1663111187274
-1092.0479972290918
-1054.422589837481
-994.5116224106799
-929.1956041283026
-905.8622763672975
-863.8359089203101
-817.1413601225523
-803.6841967490225
-770.0357214150672
-755.341917245124
-708.0126156354377
-702.4614779346902
-682.8733798999741
-656.006630614252
-652.743376506626
-639.759022831812
-630.65072315957
-617.9196629420746
-616.1294989885168
-602.4883766596902
-619.015576412172
-594.5235329140733
-601.3003865839426
-562.7570765824887
-567.4250366759612
-552.8774973685437
-567.2961963757748
-551.669331817674
-548.4288093272825
-571.1951329791514
-571.3053035466096
-570.6067341659459
-601.4251197597592
-600.1818275746749
-581.3048538070964
-568.9307743374013
-552.8206802231649
-558.8404707357914
-563.1837908356586
-556.8894004086126
-582.197938792921
-580.7918798812165
-585.4341778503202
