-5445.853759765625
-1204.0792846679688
-1330.9453735351562
-1251.29833984375
-1275.9549560546875
-1309.4149169921875
-1321.2438354492188
-1223.0422973632812
-1153.8034057617188
-1107.0203247070312
-1006.2403564453125
-970.0309143066406
-951.957275390625
-967.8626098632812
-1006.6166381835938
-1021.9104614257812
-1081.4227294921875
-1027.4522094726562
-934.6542663574219
-866.5888671875
-814.9114379882812
-785.7207336425781
-772.35107421875
-772.5331420898438
-769.8819885253906
-762.7434997558594
-766.5504455566406
-785.7018432617188
-768.5872497558594
-817.4759521484375
-780.6867370605469
-788.4995727539062
-781.7912292480469
-800.52734375
-788.1185607910156
-792.79541015625
-799.7472534179688
-787.6216125488281
-780.286376953125
-793.5503234863281
-795.6518249511719
-779.8963317871094
-781.941162109375
-769.7845764160156
-773.2492370605469
-763.7789916992188
-750.0078125
-724.0763854980469
-664.0615539550781
-629.2067565917969
