-5055.865502266008
-1062.8552362881987
-1206.1214657092812
-1148.3714138568225
-1195.8766025521716
-1191.7281304647688
-1115.6511566990716
-1029.3521541771797
-980.1068638360593
-929.7171590616783
-857.8077980662944
-848.6644849917581
-810.7243217708024
-784.0645768310959
-794.6050314038087
-795.206019426482
-797.4531255666142
-797.7897562873959
-789.9455138050533
-736.1596336895715
-674.8255078578404
-649.871751347134
-634.0880208329866
-619.7152587937304
-615.4657919158876
-618.2454081145081
-608.1231847701881
-591.5104507588379
-551.9452049152693
-582.4461800225653
-590.2181003320711
-579.2313434236859
-554.6334270847643
-565.5947193143988
-548.2753409250395
-538.9760687937608
-555.0497541813943
-547.9245525179034
-551.834734047831
-572.7770380853744
-585.1019240493036
-580.230414699467
-582.9235413311467
-578.5862059021864
-589.0893728884045
-590.3390607340755
-588.1083437914954
-610.2088400799087
-604.6198359216062
-602.1418562166571
