-5055.865502266008
-1096.1856806947837
-1422.0630064046456
-1201.5822847705647
-1212.3529649986392
-1225.9757855231146
-1205.6326132140798
-1132.5852731290365
-1122.6833119085775
-1084.8029804803957
-996.3575473002508
-973.1401169020434
-931.5391597018757
-918.5947509667116
-919.770903636542
-920.2944924792595
-940.4472707607445
-937.5653606410735
-973.9448952909604
-921.6961632671668
-866.0087600454124
-826.5954328173171
-785.7356523291976
-747.8886638641994
-739.1530708768403
-752.922522608081
-751.4668381203846
-761.5348775789998
-739.5577682829493
-738.9680752134898
-697.2798658682564
-699.9349439353444
-677.6087020881055
-709.5774932729371
-695.2061558142943
-688.6085812809445
-722.3185222633182
-711.8058866599679
-731.5795885252348
-777.2788138683504
-805.7907867245785
-813.2037067625307
-812.006511455326
-775.0342228423887
-742.0929362774398
-690.4613174976248
-649.492908493655
-658.9999919475524
-632.2416202829829
-644.5190717678363
