-5055.865502266008
-1064.685103967769
-1217.5390835394537
-1165.3278191372563
-1225.3941058010023
-1228.7167491369717
-1158.6458506434624
-1075.3930885084496
-1049.4684281142213
-1010.1935525313678
-955.5729174427928
-940.6675846791044
-898.6916051442789
-852.929355782578
-828.8381178822383
-801.9618922330158
-777.1954997713646
-720.4531722934069
-719.514679561433
-689.985037397243
-660.3420265979594
-633.5219604159987
-620.9526351936581
-599.57247013444
-598.3918026674181
-588.3502991996032
-579.932552265092
-611.3096919717267
-607.211192629881
-608.070891779895
-574.3508101880585
-575.7978344465386
-546.0786448207912
-555.9313823363664
-551.4337458593196
-564.5663858752006
-598.3496215881103
-595.8283229416298
-587.6181546938842
-599.1113574346258
-595.6623059132137
-582.9263987010476
-575.5766536496452
-567.6144733805718
-576.8165353667564
-578.8341620448734
-578.9272853516898
-599.0981232219189
-595.331392937351
-596.9659767267791
