-5679.865502266008
-1470.0465775959074
-1380.966303919557
-1437.4918645196683
-1271.8778070954613
-1314.616456089803
-1401.117468627028
-1282.1404408561323
-1200.6085897037742
-1155.3537925476248
-1101.0306039922827
-1134.4335081453696
-1211.7237678430306
-1202.760216004003
-1133.5286300158991
-1075.2182530203968
-1092.7253608454832
-1049.433501337718
-1018.379998683864
-990.6509807270019
-916.8108097952405
-882.285817774896
-865.8731162124793
-866.4294010575007
-831.0229662559872
-815.0249746376787
-819.2364976071207
-890.7034345388605
-897.2543857744837
-939.0295583205254
-874.6465599998139
-877.8081225911861
-853.4747493936277
-872.2243340278022
-872.3200977605475
-862.3071185827305
-888.6858637546222
-875.2049861718918
-861.6052149496367
-874.7257348992687
-865.5864695778762
-866.8196226453877
-868.5659051431152
-850.5737631335284
-859.5443081530404
-828.5073774322973
-730.3275910177136
-708.3166693147637
-797.8060459379162
-864.6054892200884
