-5055.865502266008
-1064.9811332156567
-1232.0980941004068
-1162.061904701657
-1213.6967717447346
-1227.4099765835736
-1165.6968925328756
-1085.43224708926
-1062.0450167621007
-1009.3059031710736
-949.0821181116929
-935.2505193851127
-893.9021112355189
-890.9583886230797
-874.6899701289942
-877.4943702057795
-898.8764765304704
-873.52655732267
-864.0006396979119
-836.3904676251639
-822.8751304539435
-815.12364872512
-778.1986674941089
-741.2219529068482
-719.5030004245688
-703.5881182017526
-663.3057580937827
-641.487812798279
-598.5075162152564
-616.7534393976684
-612.4376051502412
-612.5037941094264
-590.0779346123254
-599.2044719526423
-584.5938667255882
-578.6871246417888
-597.2802470130196
-580.8644845901861
-583.1430318091473
-597.7865641846377
-604.9283466318536
-594.3600736668872
-596.6969632093437
-578.7543947948641
-583.7936478589866
-590.1377572902967
-578.2964335616836
-591.0225360811353
-594.8070658892278
-593.6882535209288
