-5679.865502266008
-1262.4113149503628
-1302.2783813127176
-1286.5609564884146
-1321.4112271223987
-1413.2614004254028
-1445.5975889842605
-1335.329804541014
-1392.5662782583317
-1385.8585540199952
-1160.8749497576443
-1073.48972134475
-1004.3345953314562
-920.5873089411962
-906.00888257717
-872.3673606089972
-889.12392525055
-920.8996946391004
-939.6365511242926
-931.6029844533754
-953.6958945133504
-927.5666641254105
-905.3101641250108
-876.2806032820102
-872.0333335461783
-852.4247575349021
-861.978957657106
-822.3770767575567
-689.7320947339671
-630.5198190317283
-587.1537892920375
-601.8436296072942
-699.1687161416434
-829.5481611699939
-841.8736698024286
-834.3186615002844
-865.2195534210912
-860.1886214760538
-846.1646673321402
-850.8762984610026
-863.0455348762101
-856.2535048429094
-851.6812287098921
-832.7418043763015
-848.7333244725971
-849.6840717815785
-845.3941242343332
-877.7954580805412
-882.8224248780347
-884.6252177626451
