-5055.865502266008
-1073.32879900877
-1278.8044995111816
-1218.0487996094148
-1273.0069403395644
-1255.9411395478885
-1239.1960525444026
-1158.3169427017467
-1143.4596266943006
-1079.309977057234
-1074.8473944177126
-1111.592913250212
-1086.9567551699001
-1079.1005412837644
-1056.5862922519677
-1031.956346535674
-1030.4979003909807
-964.4386141505154
-940.8101874371063
-892.8669970626304
-858.340647988018
-854.7497335988994
-849.7841106453989
-838.0828606509078
-856.4863445319303
-874.0791600220704
-866.2404694817766
-917.6110207612641
-876.4621468591961
-860.789957527465
-814.437535535362
-819.625564265328
-796.3221480187912
-785.3549602823434
-751.5103756180293
-714.1810487821577
-731.0140545089362
-703.8744344525228
-674.7446513078017
-675.3087982153887
-673.101232192203
-665.7074697912619
-653.5375501473219
-620.309899511468
-614.1187084353287
-621.804506827573
-585.4888422678264
-637.3018147945123
-664.0535282355393
-657.2171287461775
