-5055.865502266008
-1065.5499818952308
-1211.021825094552
-1156.028987159064
-1227.4476563904873
-1249.2240532415378
-1254.0544314728836
-1203.2181450564372
-1195.4280120189783
-1152.1603223417712
-1076.3110548383547
-1019.2001656258299
-973.7106525427392
-927.490597068579
-903.7862576166965
-901.7868010661307
-959.2132604938512
-978.0943614603235
-1020.4970384767563
-958.6525121764096
-871.5461720338939
-817.3107634234236
-762.6142119970533
-725.0724984305984
-706.9377536341497
-688.0341933347106
-660.4853504275945
-636.9721064408934
-584.6530133889177
-585.8085685491508
-568.2570473190525
-585.6721322562333
-584.2005130613854
-600.8285080557819
-590.1438504951062
-577.2744001787703
-585.6561715647716
-544.2138464041825
-555.520484056826
-609.5054689254847
-633.0575271899387
-614.17990845137
-590.2555361149967
-565.1122056957827
-561.5180852487161
-556.3068101315439
-544.0280503800541
-560.4083769222657
-558.1101969744728
-560.6081675367778
