-5055.865502266008
-1061.6299967437353
-1280.183713342291
-1191.0940817687656
-1242.0024827624409
-1254.6820334184551
-1227.0767962375105
-1143.8111663706143
-1104.5056342684304
-1048.2875710016378
-962.4522879043894
-931.8211668139002
-906.1971311617474
-927.6821728076751
-962.6426861896565
-985.3760111909111
-1046.6967137425333
-979.5302775033136
-897.9155749088408
-826.0494524755602
-781.83210276921
-763.8563557193859
-742.9549599626644
-718.7308838587597
-714.1737577872514
-720.1288853468275
-705.1543845696356
-699.8996849074807
-665.8770398748682
-649.1107229240358
-610.4108183362249
-627.5685034191577
-639.5790569864564
-637.6582947874839
-628.9667437918743
-616.7358535733856
-636.7801479950258
-613.3705504432149
-615.3796601815153
-626.7384022119215
-626.9348747126146
-620.5225760398155
-616.91451826638
-595.3627315552415
-595.2095454555018
-601.0062325466772
-588.9798753003327
-613.8961252917096
-615.9537467909142
-624.33033671898
