-5679.865502266008
-1262.988715957965
-1313.2317402694632
-1282.067153263337
-1291.0615372907348
-1351.3865765458636
-1387.909853536191
-1289.6029046153326
-1283.4840877985152
-1288.8814892570192
-1133.899050159895
-1064.7428538994623
-1025.2019053258737
-958.0561767196217
-939.7965115229823
-910.8528886841239
-918.2271945595803
-972.0563498863042
-977.3180840530507
-982.8516111253491
-963.193507876527
-907.1527933289144
-880.3301142322549
-869.8780662557692
-865.1940354841247
-845.0266462145548
-871.7817405439121
-925.158493422207
-896.8263545088639
-910.3753361589054
-842.8556605157395
-852.5014466004865
-860.4221476263207
-895.4077426083844
-900.0043729323467
-891.5810951985317
-899.403131553115
-889.9996648275201
-881.9280498707728
-906.1357998441481
-900.1974479711962
-889.2935883431608
-884.0893325128607
-863.3125836858277
-882.2398309284542
-900.0230735189546
-874.832233882342
-907.9414891455596
-888.869414144959
-899.4050007918947
