-5679.865502266008
-1262.7804288670418
-1333.5552656641653
-1284.284614415234
-1289.7057306151005
-1328.7522768952333
-1316.0195529253817
-1226.9491287035478
-1149.3434265182518
-1081.643281614965
-1032.4035852484694
-1031.1004316879173
-1050.9913733991984
-1037.0905324840692
-1020.9396114295203
-969.5704016133656
-945.9043641165147
-909.5760733077875
-880.5662464656871
-861.2135637082474
-838.5919080349082
-826.8822139547917
-820.2851985131399
-831.4753503817872
-828.996332801599
-832.8896019412836
-876.5752482061944
-922.9598404913415
-881.2713536709718
-824.321988231306
-670.988378555246
-644.4014893630796
-637.5765658550107
-713.9939424721006
-733.2312042123474
-716.9100779912799
-817.075776701434
-843.9665047748955
-849.6287077811758
-884.5058857527572
-865.4131429207948
-829.2927623890989
-851.5984458896888
-829.3881095524212
-816.8286252760965
-784.0084245912915
-783.8604073296302
-843.5957867810193
-867.6557420133595
-874.5654555103458
