-5181.5311279296875
-1107.7852376302083
-1237.4942016601562
-1174.4161478678386
-1245.6956583658855
-1274.8358154296875
-1252.5494181315105
-1175.7080891927083
-1142.9910888671875
-1078.0193684895833
-983.7067565917969
-954.1829528808594
-913.8649749755859
-883.5270792643229
-889.2130737304688
-926.1573435465494
-982.1305745442709
-995.9084676106771
-951.6190236409506
-885.3179779052734
-824.7182362874349
-775.9480743408203
-734.9108581542969
-692.4616444905599
-679.114003499349
-660.7223663330078
-645.272694905599
-657.9952239990234
-620.0284322102865
-611.8787536621094
-584.7083791097006
-594.2696889241537
-580.5610300699869
-601.9624633789062
-592.1342061360677
-586.9958902994791
-614.5557301839193
-621.2343190511068
-630.4037628173828
-658.6902465820312
-657.9133148193359
-645.2489471435547
-635.4380187988281
-622.2919413248698
-628.3436431884766
-631.4660390218099
-627.3932545979818
-646.5528361002604
-638.0330454508463
-643.1910654703776
