-5055.865502266008
-1073.32879900877
-1324.9660406124988
-1187.2101856388592
-1211.3907133031735
-1201.0950027956824
-1162.960435114064
-1094.1550260716172
-1078.7874222421265
-1045.8928120311725
-998.0141207387705
-993.6959526595062
-964.7446139978267
-967.7760743661562
-945.4691632197018
-962.5219550398527
-962.8716854658612
-955.2707735902877
-950.3836008158265
-909.6837589747159
-882.536116470973
-882.5808540854262
-852.9262069143658
-828.6078829931718
-824.2932376587607
-836.0941004100581
-817.9902492556785
-836.5821859179938
-820.1116964027257
-815.6670728001596
-780.0707047674166
-779.4249646906632
-753.6799081354228
-775.850936025131
-755.8625207384532
-741.602381456942
-768.3158896203321
-763.4848180289232
-771.2196500411211
-813.9363350969238
-830.415313046224
-835.3037729361
-835.660679745132
-838.5003631529378
-813.0385944215261
-795.8140772732769
-760.8651463383505
-782.1802930569955
-761.5058605727594
-763.9648507884942
