-5679.865502266008
-1273.633187194379
-1335.271320462071
-1290.6300157801213
-1298.2713811305537
-1319.2763515719232
-1319.7795389532355
-1238.579325549111
-1167.0825963909424
-1109.853724862941
-1062.4866465381472
-1036.5188716377565
-1027.492654277239
-1003.0233879873758
-1000.3516450578063
-976.1538279853736
-983.1484722730572
-977.5969941333497
-967.2554574484873
-925.835472352593
-888.1045718079315
-866.2687589432364
-837.9769349066089
-834.5637573641213
-832.3534297762802
-819.0956550237702
-849.9618111540497
-907.951409307683
-883.2165787712336
-878.537560434439
-741.0699452378855
-689.2277453365881
-657.6526789589341
-653.0177478005645
-642.5260291082193
-654.685937906932
-822.0411397385784
-889.2211288135126
-938.3062757248908
-983.1139634759344
-944.7182353548038
-900.4542047860875
-914.3170437588066
-888.536904370513
-856.825842338252
-864.9872946444129
-864.547443824216
-876.1472974077849
-879.3363955118041
-876.273360360295
