-5131.267114257813
-1090.4514038085938
-1218.4622192382812
-1166.419500732422
-1221.4570434570312
-1245.730908203125
-1205.9886962890625
-1130.0965454101563
-1080.1055908203125
-1017.1308898925781
-938.2034301757812
-907.3691589355469
-870.7074798583984
-844.4523803710938
-854.3047424316406
-879.1969299316406
-917.971630859375
-915.2769134521484
-870.9615051269532
-806.1005920410156
-756.4297546386719
-726.5049133300781
-693.0955322265625
-664.7402038574219
-654.19619140625
-639.7110809326172
-624.3084106445312
-624.3046966552735
-600.0410827636719
-615.3490051269531
-596.0241546630859
-601.8317016601562
-580.6468170166015
-591.5446990966797
-583.3625427246094
-580.1649749755859
-606.1007690429688
-612.5514709472657
-622.3198822021484
-647.1280090332032
-637.8123840332031
-615.1302459716796
-604.3549377441407
-587.5957733154297
-596.1401519775391
-602.4340026855468
-602.2148986816406
-628.5729370117188
-624.7795684814453
-635.6603424072266
