-5679.85888671875
-1264.4305419921873
-1304.036376953125
-1296.3681640625
-1349.4105224609375
-1441.663818359375
-1551.9284667968748
-1412.080810546875
-1432.7857666015625
-1429.5479736328123
-1194.0064697265625
-1109.5487060546875
-1061.5323486328125
-1008.9482421875
-1040.131591796875
-1061.983642578125
-1064.5736083984375
-1042.4744873046875
-951.0584716796875
-901.7794189453125
-878.58203125
-879.48095703125
-1020.7615966796873
-1191.972534179687
-1091.3631591796873
-1067.6975097656248
-983.002746582031
-956.2011718749998
-881.0787963867186
-839.5447998046874
-708.8339233398436
-647.1614990234375
-607.4332275390625
-631.208251953125
-639.22705078125
-638.0078735351562
-678.2619018554688
-750.2733764648436
-804.8494873046874
-836.9542846679686
-845.8824462890624
-855.707824707031
-847.3029174804685
-849.0345458984374
-852.9101562499998
-849.384094238281
-849.2460937499998
-867.3408203124998
-871.5567626953123
-871.2066650390623
