-5181.5311279296875
-1105.7263692220051
-1236.9594319661458
-1185.5487467447917
-1254.1963704427083
-1286.4340209960938
-1254.3881327311199
-1187.5352478027344
-1185.129638671875
-1128.3382161458333
-1032.9145100911458
-986.363535563151
-924.4491017659506
-863.7042694091797
-841.8516082763672
-813.1243845621744
-802.9454752604166
-769.518544514974
-773.6434071858724
-748.6749674479166
-732.3458658854166
-706.0504201253256
-688.8324584960938
-664.1664886474609
-662.2685089111328
-647.4513142903646
-637.821055094401
-641.2858276367188
-609.2613779703776
-612.2664184570312
-585.6971181233724
-593.1828002929688
-582.6342569986979
-607.6349538167318
-605.5279032389323
-609.9466145833334
-643.2573699951172
-650.2188618977865
-650.559560139974
-672.4031575520834
-662.6897125244141
-641.5438893636068
-632.1657969156901
-613.223134358724
-617.2078450520834
-622.9358266194662
-616.3782958984375
-641.5085906982422
-644.1492919921875
-648.6949310302734
