-5131.267114257813
-1090.357684326172
-1224.9166870117188
-1198.7999145507813
-1278.2300659179687
-1309.8328979492187
-1322.5084411621094
-1267.0282287597656
-1256.0731140136718
-1207.970166015625
-1109.5315490722655
-1048.8046447753907
-998.1531372070312
-953.02958984375
-978.1502746582031
-1011.0808776855469
-1010.2652404785156
-977.3554382324219
-898.0725128173829
-830.7284057617187
-804.6814392089843
-797.7550079345704
-786.0181335449219
-783.1206085205079
-753.741909790039
-724.7269958496094
-692.911474609375
-692.3448638916016
-643.7551666259766
-644.3754974365235
-616.5163940429687
-618.148828125
-599.4770080566407
-604.7807678222656
-591.7345825195313
-579.9681274414063
-593.8573791503907
-578.8550720214844
-572.7435913085938
-594.3292053222656
-616.3875701904296
-631.509033203125
-633.6540069580078
-611.6757293701172
-604.9665954589843
-601.4512084960937
-598.6851226806641
-619.3465911865235
-615.681103515625
-615.3325897216797
