-5055.865502266008
-1064.4113149503617
-1260.6901277155234
-1196.9806743666766
-1234.3543544730965
-1218.6816933190585
-1164.9028607986802
-1090.4500802400737
-1046.5790107167882
-991.8324396434546
-968.186216185973
-973.116854125612
-941.7519282554483
-947.1173103099187
-939.6971937409701
-927.9667296700538
-937.1488210603326
-857.989803484342
-848.3140934836098
-804.8595922408646
-791.0992473737667
-783.5075816982343
-747.6810576343262
-698.2328321911426
-680.0281111938334
-654.2833216388929
-629.2177086776427
-628.1608007521514
-595.9685685176448
-629.7080264463393
-616.2627756301456
-615.2131067342732
-593.108158368481
-617.552276699452
-607.7126090269318
-572.8940024705395
-607.7927392525011
-631.0689919919612
-674.1833187357474
-697.1451466381515
-683.8959241580187
-645.5027081337533
-601.7755137728997
-574.0953160459519
-589.9535043674607
-583.1399190210805
-574.4827899782485
-584.8971603519904
-574.2582455986488
-580.7575846385416
