-5131.267114257813
-1090.0533813476563
-1229.4564086914063
-1182.9285522460937
-1237.4549194335937
-1251.5699462890625
-1183.6011169433593
-1098.7891357421875
-1071.97841796875
-1035.7639282226562
-972.9370239257812
-955.9383361816406
-914.3753356933594
-865.7226837158203
-841.0335266113282
-812.0814331054687
-788.4072540283203
-740.5376037597656
-738.5712310791016
-713.3740661621093
-688.8106292724609
-669.1051086425781
-655.1677032470703
-632.6070556640625
-630.3009735107422
-619.1506530761719
-610.328564453125
-630.4932647705078
-610.7723693847656
-611.0251007080078
-584.6966369628906
-592.2910430908203
-573.7922424316406
-591.6339233398437
-587.826318359375
-598.7397735595703
-632.8563659667968
-628.9175628662109
-620.3556304931641
-632.2541320800781
-630.6072845458984
-617.1262908935547
-611.7453155517578
-604.6491668701171
-613.2658447265625
-615.6841705322265
-616.0733154296875
-634.7486633300781
-631.892465209961
-633.2066802978516
