-5055.865502266008
-1064.9860245676127
-1232.180991866984
-1162.562398333956
-1227.2351537461786
-1244.2007571225593
-1220.1648975631992
-1137.2714891248695
-1118.6631077765153
-1067.4029656172595
-1008.6489031140303
-982.3400868066071
-952.2402443368821
-908.8702938714189
-888.6317417259543
-881.6357997488237
-868.1880780912501
-858.2552889559063
-895.2499216337237
-863.9237809285008
-866.6786121872822
-865.5939553875739
-813.316965749835
-755.4564549166437
-732.3726617106842
-710.3596239087043
-660.3354399012036
-629.5795692732495
-588.0532640076326
-605.1876779507571
-605.8803480784275
-619.5104313871195
-602.7937333307732
-614.7759064851176
-602.2944170114806
-582.812656119321
-575.1290785609997
-571.4479736793292
-587.9118625128347
-679.4802266299915
-738.973813847692
-729.3591298613633
-705.0694710774287
-668.883908424236
-697.5728721327623
-704.246822924506
-696.6827826716069
-665.4684436745297
-619.382960557696
-604.0077354145985
