-5131.267114257813
-1088.56455078125
-1257.4849670410156
-1210.4158264160155
-1255.939794921875
-1282.9047973632812
-1281.3112670898438
-1196.2734313964843
-1191.1269958496093
-1144.928125
-1033.7949096679688
-989.1935363769531
-925.0728424072265
-883.4327117919922
-886.1654510498047
-887.9499389648438
-898.2180633544922
-913.9852569580078
-947.8354858398437
-911.5507873535156
-871.2042175292969
-832.9964141845703
-769.5129211425781
-708.7625366210938
-689.5472259521484
-668.6329650878906
-649.1456420898437
-647.0298034667969
-614.2134490966797
-622.4130065917968
-602.7783782958984
-611.0052093505859
-593.3610290527344
-604.1747039794922
-593.4503936767578
-586.0061981201172
-603.4375183105469
-591.2486419677734
-602.9883758544922
-651.1443176269531
-689.6534942626953
-689.1393280029297
-671.4838653564453
-635.5621368408204
-657.4183319091796
-647.3939819335938
-635.0413391113282
-633.1208343505859
-614.3715270996094
-620.1842956542969
