-5055.865502266008
-1252.7885264464326
-1361.811008109731
-1368.6869921498796
-1177.5572226499646
-1162.9295489937274
-1168.6777693196323
-1122.5313852197835
-1107.1665531554438
-1069.3581489790718
-1003.0857237739377
-990.4241997473252
-951.6999487227728
-924.9102933767483
-911.4803387772745
-880.0172749354281
-888.3582641919065
-846.3522585135859
-865.7744257317415
-860.1853269625979
-871.3245150423339
-852.8368047904751
-829.5264875323458
-800.8538664461524
-787.878271231321
-798.7785425148647
-781.1936131679942
-792.2012080455336
-769.4125863181663
-775.2927253358125
-746.8522195641801
-773.2175825335412
-750.0461627552783
-774.9514060162545
-748.1122401617313
-725.9608931081939
-740.5504488547815
-735.5893411936285
-730.612344259696
-753.5747931446291
-776.3669556551791
-780.4902419278098
-777.3723157078314
-780.0412339807347
-796.0465096644841
-791.3508867629008
-774.63845938183
-814.7955957295469
-795.2955704863261
-808.9545078471606
