-5055.865502266008
-1252.7885264464326
-1319.1106015648784
-1345.196535595684
-1202.3491064071363
-1227.2744859837521
-1240.088892347693
-1229.1213391603644
-1213.8232103814657
-1169.4958382690954
-1096.208865792465
-1076.1926671678486
-1007.578673511315
-984.5404239361117
-970.5308217477217
-979.3596448754093
-1057.6087806994062
-1055.3914259661306
-1113.3530763306183
-1091.4049138592095
-1025.2465943049717
-962.1556096315082
-875.6092204816139
-821.4287529635885
-809.0512774416613
-796.9895234748822
-764.2061249894482
-742.0469571022296
-694.9488410519004
-688.7893615856298
-650.1106463817083
-644.3830230818253
-631.1510104862278
-629.97363237201
-617.1013338534012
-603.4312285053119
-615.1336028139775
-600.7381836951939
-595.9539369901576
-613.3155627927171
-626.4316898934709
-616.5834499401892
-592.1613401396306
-553.6888019768569
-554.0373300049457
-554.1692609666597
-539.9573934179266
-558.0833015299053
-554.7657230149304
-565.7144091997402
