-5055.865502266008
-1064.685103967769
-1247.9450668424631
-1197.1563708975982
-1249.1189951709869
-1266.5911029600327
-1253.6862681378473
-1175.4698675796042
-1164.0945514203056
-1116.7393079865483
-1020.0409852013574
-980.0959118270617
-915.1984720717531
-874.9622243455196
-876.9267586540149
-880.1155168877792
-890.3321114719029
-900.2478003498485
-938.3869832505661
-900.2262535855155
-859.4602347747225
-826.2753993336819
-756.5849997104463
-683.1109126515514
-662.7802414439234
-636.4040731709031
-613.6322655314694
-614.7588702736148
-586.9987718484256
-610.4081915600202
-600.908240219094
-608.0353554205915
-586.7540831774002
-588.1317244599675
-572.6833689658814
-565.5903692045999
-568.873781375042
-555.9470283960093
-568.0381117005766
-617.6318467569907
-661.559519144181
-666.0938690682754
-641.5242824448399
-601.5916284044725
-630.6812225567828
-616.6504126400671
-602.1166859064122
-598.7575945814166
-577.4783943030277
-583.335449982352
