-5679.85888671875
-1390.0015869140623
-1440.7249755859375
-1311.1510009765625
-1278.930419921875
-1309.7694091796875
-1322.4381103515625
-1268.383544921875
-1207.3602294921875
-1160.6357421875
-1090.3380126953125
-1088.1624755859375
-1164.029541015625
-1238.4749755859375
-1148.413818359375
-1040.9127197265625
-1023.3499145507812
-988.1950073242188
-963.2584838867188
-947.5885009765625
-888.8547973632812
-877.1575317382812
-888.7772216796875
-925.4743041992186
-924.7171630859374
-921.6759643554686
-930.9897460937498
-953.586242675781
-919.9239501953123
-904.5050048828123
-807.0700073242186
-720.3456420898438
-638.2555541992188
-654.1751098632812
-649.1644287109375
-643.7097778320312
-655.76806640625
-643.2181396484375
-739.9381103515624
-830.8549804687498
-830.1069335937499
-837.5225830078124
-851.491027832031
-856.6341552734373
-871.162902832031
-862.4969482421873
-855.719543457031
-864.0841064453123
-861.3405151367185
-860.1412963867185
