-5679.865502266008
-1316.0366875642535
-1350.1230019316786
-1291.4872230863493
-1300.5928522663103
-1356.0296351685527
-1464.9902476832217
-1390.8846257757077
-1325.4677159364696
-1276.17791546312
-1156.386179888944
-1101.5036053338322
-1077.858875083273
-1072.264737345621
-1102.5683164067548
-1160.7699980655968
-1225.3007012592334
-1206.8265889415966
-1165.152440122745
-1145.7370134626722
-1048.228260357484
-997.6462655571829
-988.8324750274844
-999.9292368271657
-991.7318468927958
-978.9855174810997
-1010.2147388513698
-1081.95514492549
-1080.2268876293947
-1120.1320899231303
-1053.6485000789858
-1064.5250347977865
-1010.8947843782089
-1029.6027909873533
-1015.7956650479179
-966.7823469988596
-965.1947879882966
-933.4454751701545
-919.6256080736863
-919.7826803387813
-913.9819667196743
-894.628843061939
-884.7412123454669
-859.8205736771251
-838.0351195471276
-700.6086020138121
-652.2065151850223
-817.4953742857024
-896.1398322379252
-930.4842949115343
