-5131.267114257813
-1090.1488098144532
-1227.4671264648437
-1184.8899780273437
-1263.7501403808594
-1290.3904907226563
-1251.8238586425782
-1156.4749938964844
-1111.117901611328
-1035.8988037109375
-979.9184448242188
-965.0522766113281
-937.6930053710937
-912.0121917724609
-911.1633666992187
-916.4677856445312
-938.080844116211
-924.8040740966796
-935.5955871582031
-870.6111694335938
-809.3734649658203
-766.9273834228516
-718.6769165039062
-684.0441833496094
-663.7151153564453
-644.0475646972657
-624.2215393066406
-627.2243957519531
-597.6971008300782
-613.2447906494141
-607.803921508789
-604.6156768798828
-583.7146820068359
-596.8655334472656
-577.0730712890625
-568.3538055419922
-585.8212585449219
-580.79140625
-585.0313537597656
-611.1814361572266
-624.2549896240234
-618.8858367919922
-616.5124542236329
-601.1988525390625
-609.1577606201172
-612.1783081054688
-610.1558349609375
-627.753872680664
-621.8457916259765
-621.3880249023438
