-5679.85888671875
-1325.3333740234373
-1417.712158203125
-1283.33935546875
-1265.6802978515625
-1276.42626953125
-1244.36572265625
-1205.62255859375
-1151.319580078125
-1130.4735107421875
-1067.66162109375
-1054.394287109375
-1037.501220703125
-1031.5894775390625
-1015.3406372070312
-1020.4500122070312
-1020.8609619140625
-1031.3218994140625
-1011.4986572265625
-976.8621215820312
-934.7734375
-913.8718872070312
-899.2706909179688
-908.00244140625
-894.73974609375
-882.5906982421875
-879.5367431640625
-925.1773681640625
-899.7608642578125
-964.3685302734374
-979.8305664062499
-1024.2458496093748
-989.5664062499999
-990.7968749999999
-1018.867980957031
-1004.6695556640623
-989.4420776367186
-1023.6702880859373
-1055.4677734374998
-1179.2528076171873
-1126.8178710937498
-1053.7877197265623
-955.2133789062499
-949.1067504882811
-887.6946411132812
-873.5035400390625
-880.5836791992186
-853.92041015625
-863.2625122070312
-844.7337036132812
