-5679.865502266008
-1262.989285985035
-1313.2426543639428
-1281.991339669864
-1290.8177279292217
-1367.4786507081835
-1456.7536801075212
-1347.1829346155096
-1337.817792167461
-1298.8650356596124
-1075.8037582021047
-1017.2698758525964
-976.8334225909942
-956.2551523191087
-960.1490042378937
-938.7223021571733
-944.4732402470509
-965.3990839533878
-940.9723576115646
-917.5056506179872
-884.3608802276976
-819.8087019207381
-846.5641105504934
-873.0378292058838
-881.160090106782
-892.5640770300727
-884.7350959519266
-886.4517112142557
-833.6335239871229
-771.0008650368184
-644.7355526941759
-680.8418377808184
-726.7094229471775
-803.460489917795
-853.1677288281174
-828.0461927365164
-789.6601253365676
-830.6062281212756
-822.8734464136444
-833.198616223819
-811.042923078882
-823.1425677355692
-820.3924200334834
-784.3884644625671
-741.3148169309658
-678.2874833620605
-678.6063659019336
-735.404601180629
-734.9327106566343
-726.3047548891182
