-5445.853759765625
-1188.6885375976562
-1283.0760498046875
-1237.2410888671875
-1267.4700927734375
-1325.0851440429688
-1375.0454711914062
-1280.16748046875
-1267.4918823242188
-1221.8583374023438
-1049.4866943359375
-995.4944763183594
-950.6141967773438
-933.4593200683594
-935.1488647460938
-918.267822265625
-924.0688781738281
-929.2943725585938
-916.1694641113281
-886.0023498535156
-854.0269165039062
-800.7663879394531
-797.1819458007812
-794.4378967285156
-794.7164306640625
-794.9016418457031
-784.8530883789062
-789.9739379882812
-745.0615844726562
-712.829345703125
-632.714111328125
-656.4633483886719
-679.8490905761719
-735.2450866699219
-762.4776306152344
-744.1345825195312
-727.1502990722656
-742.2475280761719
-739.0415954589844
-748.2693481445312
-737.390869140625
-740.5184326171875
-738.9204406738281
-715.3020629882812
-693.4827880859375
-659.56640625
-654.2741394042969
-696.4388427734375
-689.2300720214844
-681.6736145019531
