-5679.865502266008
-1262.9860245676136
-1313.1809918669835
-1282.562398333953
-1287.2351537461777
-1352.2007571225588
-1400.1648975631983
-1275.2714891248702
-1235.6631077765153
-1199.4029656172613
-1077.6489031140286
-1042.3400868066083
-1030.2402443368833
-971.8702938714193
-960.631741725954
-938.6357997488255
-925.1880780912509
-957.2552889559043
-967.2499216337243
-956.923780928498
-941.6786121872808
-913.5939553875751
-864.3169657498349
-857.4564549166449
-861.372661710685
-836.3596239087037
-876.3354399012014
-890.5795692732485
-855.053264007633
-800.1876779507572
-647.8803480784277
-622.5104313871195
-605.7937333307732
-620.7759064851176
-638.2944170114811
-687.8126561193209
-854.1290785609992
-850.4479736793301
-857.9118625128358
-895.4802266299915
-861.9738138476929
-831.359129861364
-840.0694710774293
-827.8839084242369
-820.5728721327611
-794.2468229245064
-795.6827826716072
-845.4684436745307
-853.3829605576975
-877.0077354145976
