-5055.865502266008
-1188.046577595905
-1306.697051460896
-1294.5143497382658
-1182.7550477236991
-1178.0589591806606
-1166.5141143707076
-1088.009736070988
-1059.8485858068148
-1023.9710780948633
-1006.7512992012365
-1027.6319708366505
-991.1870864499099
-998.717996002013
-971.7784942407274
-967.4971821238107
-1004.20529799377
-1026.170281475507
-1026.6119835317693
-1010.902393200292
-925.1575290457761
-882.6221341306061
-842.8488201293889
-795.3523442102418
-770.8709673315257
-753.7992237395626
-714.6926617138674
-702.626593913961
-642.7592938035507
-640.0104203583676
-610.0986670720955
-616.7975999518746
-603.6802219519724
-617.669174040625
-612.2600340858908
-605.4936222194718
-615.13507300588
-588.918133872166
-564.0193128615543
-572.4655654962302
-586.8855714121073
-591.5140240501524
-592.354450322691
-597.5983126905583
-662.5736627715332
-691.1069928568272
-718.3648317215544
-709.8047991098263
-687.1403367357425
-684.7198341611601
