-5055.865502266008
-1096.1856806947837
-1343.6397775740638
-1210.3609057438343
-1229.5392448881396
-1238.162273744838
-1240.4264325765657
-1192.5578972524527
-1185.089185767543
-1130.367929204456
-1049.7393768882832
-1041.073818398812
-996.0452266467082
-968.6020191120011
-963.3170430743988
-985.2162525453884
-1080.8061367610026
-1097.23000903665
-1079.1501265850852
-1000.9509662791186
-930.7546981464445
-891.8902893886003
-829.8256993633095
-781.7311665895884
-763.2610683130468
-740.3550291241895
-702.7358904746353
-703.1882546014324
-666.0780753115221
-680.0051753803663
-662.6561769559131
-658.0672694025181
-640.6427193987838
-642.4650913993881
-620.5673144282671
-608.4244524961024
-615.989989154148
-608.5110016134979
-602.1444661030081
-578.120754786629
-594.7225136297666
-626.5943405978052
-629.5699376800893
-630.1419815472497
-650.36476991137
-618.3114521327722
-580.4183724938317
-574.5689808520602
-559.2272241846281
-549.6135418706031
