-5181.5311279296875
-1106.2966206868489
-1283.6136576334636
-1212.8614400227864
-1264.0776774088542
-1277.0301310221355
-1254.0255330403645
-1183.7569681803386
-1145.5223693847656
-1084.4243774414062
-1012.8638356526693
-989.4156901041666
-946.7501678466797
-900.9622243245443
-894.3272806803385
-878.9207305908203
-878.1935475667318
-866.9059397379557
-869.4031524658203
-840.2452494303385
-824.4080708821615
-808.4418589274088
-770.9298807779948
-732.0751495361328
-714.6572875976562
-698.2689615885416
-674.2743581136068
-664.0125071207682
-626.2434336344401
-627.7801615397135
-598.434560139974
-605.2154744466146
-590.6028340657552
-603.4108530680338
-599.7799072265625
-600.4710235595703
-622.6204223632812
-634.8370717366537
-680.7131093343099
-757.7013448079427
-790.7761535644531
-761.4980977376302
-731.5333404541016
-692.2843831380209
-728.8479817708334
-730.4273122151693
-721.2637888590494
-700.3717244466146
-662.7615610758463
-659.4401143391927
