-5445.853759765625
-1257.053466796875
-1422.2921142578125
-1274.3101806640625
-1265.6367797851562
-1291.4124755859375
-1352.0931396484375
-1312.036865234375
-1284.2423706054688
-1207.2940063476562
-1096.8924560546875
-1082.7606201171875
-1045.3666381835938
-1012.3963928222656
-1010.9228515625
-1025.3667907714844
-1122.9010009765625
-1160.1231079101562
-1136.6441040039062
-1069.8662719726562
-992.057373046875
-946.4580078125
-919.9847412109375
-914.4854736328125
-895.7170715332031
-876.4251098632812
-868.8568115234375
-871.1366271972656
-839.4124145507812
-873.916748046875
-827.8097229003906
-820.7095336914062
-799.3899841308594
-799.3910217285156
-794.2233581542969
-765.1726379394531
-712.7475280761719
-663.92822265625
-606.9766235351562
-699.0910949707031
-760.7084350585938
-796.31591796875
-802.9334411621094
-803.4608459472656
-831.1932373046875
-795.4774475097656
-759.4159545898438
-757.4043884277344
-742.0087890625
-730.4959106445312
