-5445.853759765625
-1222.1954345703125
-1315.875
-1247.7070922851562
-1288.696044921875
-1344.7020263671875
-1500.552490234375
-1456.3147583007812
-1534.1426391601562
-1506.093505859375
-1279.511962890625
-1186.5380249023438
-1139.2247924804688
-1099.83935546875
-1081.4964599609375
-1052.3629760742188
-1046.3201293945312
-1024.8897094726562
-1009.1905212402344
-1009.0994262695312
-1011.4587707519531
-1006.8530883789062
-1013.9861450195312
-1017.0015563964844
-994.7494506835938
-973.6588134765625
-934.9386291503906
-887.8296508789062
-832.4886169433594
-783.3807373046875
-676.6123962402344
-663.1711120605469
-645.7664794921875
-720.5549011230469
-729.1163330078125
-729.5009155273438
-765.5407104492188
-774.4220886230469
-787.2332763671875
-821.3146057128906
-801.8809509277344
-783.9142456054688
-765.3678894042969
-747.4613037109375
-749.9565124511719
-744.3450317382812
-741.7751159667969
-767.7280578613281
-774.4825134277344
-783.9338684082031
