-5055.865502266008
-1062.8552362881987
-1254.205565832894
-1193.9377105348642
-1237.3939197101122
-1221.7039769248695
-1159.0708487647964
-1085.2860855352444
-1027.5331429876
-950.7980961941017
-956.0772233537002
-990.0321213862546
-967.9323959432686
-930.642528043864
-884.4953049623858
-845.0681470636067
-831.5924040515371
-796.0099300226764
-793.0313684132124
-779.2102403618645
-757.3951613182019
-738.8560718469934
-704.2963536585954
-657.7640283000045
-660.6939212653207
-676.1876539695526
-652.8407807067754
-664.4935436936257
-620.1601790863406
-620.0569700024922
-599.2539380647839
-617.7298035820208
-603.7619420121724
-641.5781775602894
-624.933154129949
-618.0095470457455
-627.6782172777082
-608.1726149504112
-619.0468125462643
-624.3072835087252
-618.6838276704556
-608.2086989208352
-604.5425334657483
-586.080332555224
-588.7767082284643
-601.3167999854425
-597.7526454512297
-604.1044649308553
-605.1010008093166
-596.8439853616413
