-5679.865502266008
-1273.633187194379
-1290.5447193250652
-1277.8253735243097
-1287.7731070591294
-1393.5365738464607
-1400.9813719763752
-1279.9824493601268
-1190.2023589796759
-1124.418870513589
-995.2531158107791
-964.3519263858923
-932.9404012720046
-901.4211315278944
-917.1402447545828
-928.8706772849606
-970.3893536841695
-1015.1043615357279
-955.3831296838938
-901.3009567035639
-841.8189618175736
-804.0557389984563
-821.0291333794257
-853.511379324466
-840.3432194034431
-865.4518850787301
-868.5442911862061
-852.4480734077181
-722.9271614297257
-619.3180342408339
-600.3090270715182
-619.2932170349026
-687.8474271783538
-827.9603764522526
-827.725418504276
-821.929814213852
-855.7895649256977
-856.9366480022829
-858.8299767422326
-888.9065631555322
-866.2599575585684
-851.6202853495586
-846.1414080951757
-829.3319090388811
-851.0822256598127
-852.021936304234
-849.1866524575147
-883.4910824523229
-884.9381202230992
-895.5246162498303
