-5055.865502266008
-1064.7804288670436
-1215.54983211826
-1167.2908767825686
-1251.6916977587657
-1267.5308367511213
-1226.4807283958066
-1137.7273706842757
-1094.6741637498028
-1020.7220095339501
-967.8755826029816
-953.2916904331347
-924.7895643817149
-900.5279745290215
-899.147170704737
-906.745961441653
-928.532384985233
-910.1221651695317
-922.4824626252748
-854.7718421635273
-793.6392974510103
-744.6168144450455
-687.7025806863104
-650.9601151330339
-631.054706716878
-614.3335528461786
-599.9289485791113
-624.7075495586462
-582.2175891818129
-575.9220812309139
-572.0966145587934
-570.3969697500507
-549.1812618193637
-561.5177395068656
-541.876112019608
-534.158552144203
-550.5596123869595
-546.3008781975477
-551.423656333601
-577.6339408298745
-592.2006992610743
-585.7273894247999
-582.9716014658081
-566.9637471293712
-573.5376446278295
-577.2175082698674
-574.8249077536607
-592.0375519596945
-585.8140811553646
-585.5673044642342
