-5679.85888671875
-1262.961181640625
-1313.291748046875
-1282.2911376953125
-1282.972900390625
-1317.753173828125
-1307.1038818359375
-1205.9017333984375
-1146.5755615234375
-1093.8935546875
-1018.7236328125
-1004.94091796875
-969.6419067382812
-954.7438354492188
-947.5234375
-935.3746337890625
-953.8043212890625
-973.5091552734375
-943.0397338867188
-927.4821166992188
-899.01513671875
-864.3150634765625
-836.4334716796875
-844.4996948242188
-843.81884765625
-836.9436645507812
-880.6975708007812
-903.91650390625
-863.9754638671875
-822.25390625
-679.970703125
-728.0570068359375
-759.6520385742188
-828.8019409179688
-856.2196044921875
-829.3458862304688
-820.9694213867188
-846.5826416015625
-848.8923950195312
-860.5686645507812
-873.7420043945312
-860.2107543945312
-868.5780029296875
-853.6580200195312
-870.4337768554688
-864.2483520507812
-855.38232421875
-880.0700073242188
-880.8699951171875
-882.72607421875
