-5679.865502266008
-1262.7804288670418
-1299.549832118261
-1296.290876782569
-1332.691697758768
-1435.5308367511225
-1412.4807283958094
-1266.7273706842775
-1202.6741637498033
-1116.72200953395
-1036.8755826029815
-1019.2916904331353
-999.7895643817135
-963.5279745290214
-971.1471707047352
-963.7459614416526
-985.5323849852346
-1009.1221651695305
-1009.4824626252752
-965.7718421635278
-907.6392974510111
-915.6168144450451
-933.7025806863109
-914.9601151330291
-892.054706716877
-851.3335528461788
-791.9289485791098
-636.7075495586462
-702.2175891818135
-875.9220812309131
-860.0966145587956
-846.3969697500513
-828.181261819366
-846.5177395068658
-826.8761120196074
-810.1585521442037
-835.5596123869584
-825.3008781975507
-821.4236563336001
-847.6339408298733
-850.2006992610744
-852.7273894247988
-852.9716014658057
-842.9637471293712
-861.5376446278287
-859.2175082698683
-859.8249077536597
-880.0375519596992
-876.814081155364
-873.5673044642328
