-5679.865502266008
-1278.8552362881962
-1335.205565832895
-1289.9377105348635
-1291.3939197101133
-1302.7039769248697
-1243.0708487647948
-1196.2860855352444
-1099.533142987601
-1028.7980961941016
-1025.0772233536986
-1050.032121386256
-1039.9323959432681
-993.6425280438658
-953.4953049623846
-902.0681470636055
-885.5924040515376
-868.0099300226744
-844.0313684132134
-845.2102403618632
-793.395161318201
-780.856071846993
-797.2963536585961
-867.7640283000043
-846.69392126532
-832.1876539695525
-883.8407807067767
-940.4935436936237
-899.1601790863413
-926.056970002494
-833.253938064785
-824.7298035820219
-864.7619420121739
-872.5781775602906
-897.933154129948
-876.0095470457463
-885.6782172777091
-905.1726149504104
-901.0468125462648
-945.3072835087274
-912.6838276704533
-890.208698920837
-892.5425334657488
-868.0803325552226
-873.776708228463
-886.3167999854435
-891.7526454512287
-886.1044649308553
-911.1010008093132
-878.8439853616408
