-5679.865502266008
-1470.0465775959074
-1453.6970514608954
-1405.5143497382662
-1236.7550477236991
-1256.0589591806624
-1256.5141143707087
-1202.0097360709904
-1131.8485858068143
-1098.971078094864
-1063.7512992012369
-1072.6319708366505
-1054.187086449911
-1052.7179960020144
-1028.7784942407275
-1018.4971821238103
-1031.205297993771
-1062.1702814755063
-1059.6119835317693
-1031.9023932002926
-946.1575290457752
-897.6221341306054
-881.8488201293885
-894.3523442102418
-875.8709673315237
-861.7992237395629
-894.6926617138697
-942.6265939139596
-930.7592938035501
-928.0104203583642
-847.0986670720974
-802.7975999518764
-744.6802219519734
-710.6691740406256
-666.2600340858912
-611.4936222194718
-636.1350730058796
-681.9181338721676
-786.0193128615545
-848.4655654962287
-850.885571412108
-861.5140240501541
-868.3544503226922
-870.598312690557
-899.5736627715316
-904.1069928568274
-862.3648317215535
-877.8047991098277
-834.1403367357419
-840.7198341611605
