-5445.853759765625
-1203.9996337890625
-1315.8553466796875
-1248.64013671875
-1286.56201171875
-1319.6146850585938
-1334.1065063476562
-1248.9214477539062
-1191.8565063476562
-1138.1943359375
-1071.6830444335938
-1061.7882080078125
-1075.6205444335938
-1069.5700073242188
-1049.4880981445312
-1018.4811706542969
-1002.3728942871094
-959.0028076171875
-943.7494812011719
-918.956787109375
-883.1517028808594
-873.8484802246094
-849.3130187988281
-830.998046875
-825.8406677246094
-807.1996765136719
-797.0997619628906
-812.8451232910156
-805.8207702636719
-828.9344177246094
-763.63623046875
-758.8018493652344
-713.4635620117188
-716.7131042480469
-688.7586975097656
-653.7105712890625
-625.653076171875
-607.7549438476562
-681.7801513671875
-743.7569274902344
-777.0271301269531
-805.5013427734375
-803.8269958496094
-806.09228515625
-831.1855773925781
-841.0703125
-854.8242797851562
-838.6015930175781
-799.5673828125
-797.170654296875
