-5679.865502266008
-1287.5499818952278
-1298.0218250945518
-1273.0289871590649
-1281.447656390487
-1366.224053241539
-1539.0544314728863
-1446.2181450564378
-1453.4280120189774
-1383.16032234177
-1145.3110548383556
-1079.2001656258303
-1045.7106525427384
-990.4905970685779
-975.7862576166951
-958.7868010661307
-1013.2132604938519
-1071.0943614603236
-1089.4970384767564
-1036.6525121764075
-940.5461720338928
-859.310763423425
-810.6142119970542
-809.0724984305984
-793.9377536341497
-784.0341933347106
-819.485350427595
-882.972106440891
-860.65301338892
-882.8085685491517
-805.2570473190518
-741.6721322562338
-620.2005130613857
-600.8285080557819
-590.1438504951062
-592.2744001787702
-675.6561715647724
-817.2138464041817
-825.520484056826
-885.5054689254857
-891.0575271899345
-884.1799084513721
-866.2555361149986
-841.1122056957838
-849.5180852487135
-838.3068101315463
-829.0280503800523
-851.4083769222649
-849.1101969744743
-848.6081675367739
