-5302.8604736328125
-1153.2356567382812
-1314.5188598632812
-1243.4273071289062
-1292.2191162109375
-1340.5110778808594
-1343.987548828125
-1244.9146118164062
-1186.1904602050781
-1111.6446838378906
-1012.8856506347656
-976.5409240722656
-941.3460540771484
-914.8836517333984
-918.1642608642578
-918.2455139160156
-979.6329040527344
-997.7415466308594
-1014.7380523681641
-983.1570129394531
-929.8767242431641
-877.5025329589844
-827.8057098388672
-810.6480102539062
-801.2379455566406
-790.922607421875
-798.1051177978516
-821.6494598388672
-791.3464965820312
-789.1527404785156
-748.8787384033203
-744.1495208740234
-722.0390472412109
-730.0303039550781
-719.3098754882812
-710.7263031005859
-729.2979431152344
-713.4437866210938
-718.7265319824219
-733.5098571777344
-733.4712829589844
-730.5025024414062
-723.6587982177734
-705.1467590332031
-712.3665313720703
-716.0873870849609
-707.6047515869141
-718.11376953125
-721.4786682128906
-720.1490020751953
