-5679.85888671875
-1262.96630859375
-1313.371826171875
-1282.808837890625
-1287.513427734375
-1352.5501708984375
-1400.575439453125
-1275.7506103515625
-1236.206298828125
-1200.0059814453125
-1078.3126220703125
-1043.0562744140625
-1031.0050048828125
-972.6795043945312
-961.4992065429688
-939.5498046875
-926.150390625
-958.263671875
-968.3134765625
-958.0450439453125
-942.85498046875
-914.8245849609375
-865.5994873046875
-858.7821044921875
-862.7364501953125
-837.7604370117188
-877.7703247070312
-892.046875
-856.5554809570312
-801.7205810546875
-649.4398803710938
-624.0843505859375
-607.37939453125
-622.3709106445312
-639.8992309570312
-689.4298095703125
-855.7635498046875
-852.1144409179688
-859.6110229492188
-897.2125854492188
-863.7488403320312
-833.1765747070312
-841.9229736328125
-829.7720947265625
-822.4928588867188
-796.1845703125
-797.4265747070312
-846.9113159179688
-854.4169921875
-877.982421875
