-5302.8604736328125
-1153.6424865722656
-1296.3075866699219
-1225.3283996582031
-1245.6921691894531
-1255.1167907714844
-1265.3218383789062
-1197.5445251464844
-1178.4023742675781
-1142.5805969238281
-1052.4764709472656
-1009.7270812988281
-963.27001953125
-931.8948516845703
-932.9194030761719
-925.2795562744141
-938.1851348876953
-892.2239379882812
-887.4514617919922
-843.5575714111328
-818.8860321044922
-801.08349609375
-776.1451263427734
-758.0589447021484
-749.7115631103516
-752.4860687255859
-747.9987182617188
-759.8767547607422
-735.3216247558594
-761.6655883789062
-726.2904663085938
-734.23779296875
-730.3888702392578
-740.6802368164062
-737.3844451904297
-724.6268463134766
-736.0313873291016
-728.1313171386719
-724.4768218994141
-741.2241058349609
-744.1277618408203
-738.4630279541016
-729.0476684570312
-712.6122589111328
-717.1898956298828
-727.4266357421875
-709.9888153076172
-727.7076873779297
-729.7666931152344
-725.1966094970703
