-5055.865502266008
-1124.5601920246343
-1418.2626850525312
-1247.109246297342
-1245.320672678147
-1288.9260253938469
-1295.5923413568473
-1251.9738836973672
-1220.5745662899856
-1162.7832533696328
-1066.6942652535517
-1029.0314637113509
-971.7606476497665
-942.9587578111375
-933.2753569731091
-974.3711033000727
-1034.5105862561695
-1021.6577118195808
-1052.7603778878256
-1003.0508117223796
-924.9112330968597
-867.8947373280965
-795.7057632731724
-755.6896126609726
-739.8590562508149
-746.5423878114109
-735.4442297626573
-744.5689348685421
-714.375645871033
-731.8229439476349
-733.2804424512699
-760.9386349807388
-746.8093183804233
-765.2812360268081
-758.6924498263234
-732.7607754765165
-741.0351039540814
-711.2658226219977
-699.4013988492756
-700.1149790543064
-699.5663411791246
-673.6823483217138
-662.4186836482068
-659.6107597667842
-653.2754654467308
-626.9755590633088
-631.8332614727517
-665.5278659905467
-674.8273338333995
-699.3923829980815
