-5055.865502266008
-1060.4267496346201
-1267.089561052198
-1193.3910802086702
-1251.6703701226888
-1256.6227467170006
-1218.861067887858
-1148.6988255190608
-1103.980093818464
-1027.8984603999027
-951.3250689102813
-927.0608897117996
-909.9159699030954
-925.8563209773483
-929.0816187405338
-920.5469211932481
-931.5874433415092
-890.9296504663187
-883.8452463728038
-838.1381605367503
-800.6126872404702
-778.5971467487291
-739.6543743072875
-705.2351052560186
-689.5463824867959
-672.6592743424919
-641.4292142948686
-619.4802337282202
-573.6020224501372
-585.9841372145743
-576.3910603760283
-596.5047498078648
-589.2555058639598
-606.8494717265481
-598.938722712968
-588.805163044032
-600.0160984507286
-560.338505989212
-578.2499655757454
-682.0935935689603
-765.8264066745378
-734.3801227352815
-675.4135323471809
-625.5135640021065
-646.7170672125666
-632.1189282161714
-617.4595827479311
-609.5088032659589
-585.2571289289692
-585.864183151114
