-5131.267114257813
-1087.9215454101563
-1277.0843200683594
-1205.23984375
-1258.8269104003907
-1267.1158935546875
-1238.5062683105468
-1164.0595703125
-1115.4161804199218
-1039.7577880859376
-960.3395385742188
-935.0236022949218
-919.386831665039
-934.2849670410156
-938.2832672119141
-928.352816772461
-939.0880676269531
-903.1980651855469
-893.6315063476562
-848.3386657714843
-809.4083801269531
-784.5322235107421
-747.0743682861328
-717.0355102539063
-703.1867858886719
-687.7754974365234
-665.6319641113281
-652.0430480957032
-607.6361419677735
-618.9468078613281
-596.6842041015625
-608.4747375488281
-593.6276306152344
-608.6967407226563
-600.79951171875
-592.1299530029297
-610.6047668457031
-594.8689208984375
-612.4356658935546
-713.4017578125
-792.4636840820312
-759.9956024169921
-707.970181274414
-660.2825958251954
-680.06142578125
-666.9393005371094
-653.0269622802734
-646.1692657470703
-622.2664459228515
-622.4510162353515
