-5055.865502266008
-1063.0473132558686
-1225.13049478862
-1157.675807860342
-1230.2759521673654
-1219.2277114976569
-1176.6954151218338
-1083.9305045357773
-1045.3132235963708
-991.9226358456284
-928.4970626410353
-910.8701043019864
-866.4795233163919
-829.2908014059219
-828.0359400788053
-798.9778155012107
-790.6752203578291
-773.6673961711238
-772.9612772837393
-752.8756174391124
-772.0040845091039
-787.1141795391941
-753.2942631652362
-733.2674911550063
-740.598993534284
-758.4468532709718
-762.6871871813655
-768.015887453681
-729.56514082804
-717.2135554004021
-672.5984573990415
-670.4215245044263
-644.9275598770859
-637.5029426782646
-620.9460179833064
-599.5991278487078
-614.8909057213045
-596.6710735308982
-596.1092900696975
-620.2915118559889
-629.237801731318
-631.2854742574697
-624.1205478794762
-598.5620847942757
-650.6388278247412
-654.9875348123626
-626.0733364380718
-609.7728354652853
-586.7120946629241
-596.3856666224835
