-5055.865502266008
-1065.5499818952308
-1263.3935920825083
-1174.347265917114
-1216.4973613017924
-1228.5411426013522
-1224.4518998833669
-1173.1183906963072
-1153.5883753826072
-1106.5363898916921
-1027.0937170087077
-1000.8103838728406
-964.6517628658767
-951.7321965927147
-973.6199673242875
-970.6443816619964
-995.0214700786337
-972.184304304287
-985.3610677412004
-918.6556635720754
-895.5728369708868
-885.728342091213
-852.6418395843754
-821.6367941607974
-812.2908521938864
-800.7233329879969
-778.8109858529468
-747.7940080020435
-693.5201818174602
-690.0950632619022
-669.336888526927
-673.2522208981725
-651.4078394594133
-656.1630998753516
-654.8700553638488
-637.6333128645813
-652.7711493977962
-641.4415584114095
-638.3123339715148
-659.2446223989148
-656.2456368113361
-640.9575388315574
-635.6460714980045
-615.8684609680479
-615.6181186384603
-619.69001948933
-609.6644767829325
-637.4249653212739
-628.2648937038276
-636.3569261728557
