-5445.853759765625
-1284.899169921875
-1476.5531005859375
-1293.6396484375
-1256.484619140625
-1286.76171875
-1305.9381713867188
-1258.6471557617188
-1220.8221435546875
-1165.9851684570312
-1086.1171264648438
-1054.046142578125
-1036.775390625
-1074.4037475585938
-1111.2416381835938
-1085.3274536132812
-1036.3887939453125
-962.946533203125
-928.0327758789062
-927.4190063476562
-891.02197265625
-881.9690551757812
-877.48876953125
-902.9397888183594
-877.9911193847656
-888.7052612304688
-896.7764892578125
-905.8789367675781
-859.9446105957031
-862.0032348632812
-816.5386352539062
-799.2757873535156
-766.937255859375
-777.1402282714844
-765.2057800292969
-742.3213500976562
-710.4744873046875
-681.4948120117188
-634.6607971191406
-628.5379943847656
-662.001953125
-668.501220703125
-704.0106506347656
-720.0251770019531
-746.5752258300781
-756.2938537597656
-767.19970703125
-790.1889038085938
-782.3931579589844
-796.183837890625
