-5679.865502266008
-1262.6087981417563
-1299.2976309432363
-1293.1038620283466
-1329.6911174197444
-1417.4064822053926
-1391.989192736005
-1258.3187208811567
-1187.0199519626872
-1112.1958108139856
-1004.991604853546
-976.3956607069252
-960.7409087630245
-943.7854704822515
-959.9279584026557
-977.3057251642094
-1053.6062974452007
-1019.0176533771601
-938.4340993342951
-874.9784294062225
-808.9385203324738
-775.8928472192807
-816.3496780391105
-905.9651121463809
-873.8915690411002
-910.603743322933
-892.8889346154963
-855.9094976894061
-710.4180644602344
-626.7766536604064
-594.6049034424875
-620.1067243802011
-652.9430403751361
-728.4534635583373
-774.4573868447511
-817.3890828670276
-861.914362240733
-865.5339979469125
-855.5613810417266
-861.1283827209452
-855.578008631726
-843.1786251503487
-840.0070305085159
-828.4985705217707
-853.6068565986146
-859.7487013909276
-869.3397009771525
-889.3140964462136
-908.3163972225386
-908.2818939202383
