-5679.85888671875
-1262.9696044921875
-1313.431396484375
-1282.23681640625
-1291.0965576171875
-1367.8349609375
-1457.16845703125
-1347.6658935546875
-1338.3653564453125
-1299.4825439453123
-1076.486083984375
-1017.9940185546875
-977.6119995117188
-957.0812377929688
-961.0198974609375
-939.63818359375
-945.4383544921875
-966.4130859375
-942.0377807617188
-918.6201171875
-885.5196533203125
-821.0094604492188
-847.7999877929686
-874.3071289062499
-882.4639892578124
-893.9031372070311
-886.109191894531
-887.8599853515623
-835.0777587890623
-772.4749755859374
-646.2376708984375
-682.36181640625
-728.2479248046874
-805.0208129882811
-854.757141113281
-829.6695556640624
-791.3154296874999
-832.2911376953124
-824.5906982421873
-834.9488525390624
-812.8249511718749
-824.9573364257811
-822.2392578124999
-786.2345581054686
-742.8970336914061
-679.5706787109375
-679.8928833007812
-736.6528320312499
-736.2095336914061
-727.5395507812499
