4.346142292022705
10.36343002319336
11.913775444030762
8.080753326416016
11.265803337097168
4.9612345695495605
17.417930603027344
11.668538093566895
15.421379089355469
15.262235641479492
19.551881790161133
37.2651481628418
16.86527442932129
35.23292541503906
40.96576690673828
27.880962371826172
35.335784912109375
34.48287582397461
50.03243637084961
83.59713745117188
77.97515106201172
73.06892395019531
69.34989929199219
95.75660705566406
90.4120101928711
96.58186340332031
142.76296997070312
155.8949432373047
112.15535736083984
159.91416931152344
130.5255889892578
135.14056396484375
178.78500366210938
186.45376586914062
160.89956665039062
166.88941955566406
170.1103973388672
176.3858642578125
182.5030975341797
190.47520446777344
207.8090057373047
221.9935302734375
220.9322967529297
201.49732971191406
236.80517578125
240.87545776367188
212.8752899169922
231.9774169921875
223.2327423095703
235.57626342773438
239.0951385498047
241.8291473388672
235.00405883789062
252.65432739257812
255.42556762695312
269.72119140625
250.7270050048828
245.08975219726562
257.0345458984375
256.99127197265625
257.7494201660156
305.39007568359375
252.79397583007812
273.772216796875
280.3799743652344
273.0456848144531
291.5432434082031
299.19854736328125
281.40533447265625
287.56689453125
300.01959228515625
261.1382141113281
273.42889404296875
283.09857177734375
271.5245056152344
265.146728515625
290.61077880859375
276.14666748046875
298.0557556152344
322.67718505859375
