4.35
10.375
11.925
8.1
11.275
4.975
17.425
11.675
15.425
15.275
19.55
37.275
16.875
35.25
40.95
27.9
35.35
34.5
50.05
83.6
78.0
73.1
69.325
95.75
90.425
96.575
142.775
155.925
112.175
159.925
130.525
135.15
178.775
186.45
160.925
166.9
170.125
176.375
182.5
190.5
207.8
222.0
220.925
201.5
236.8
240.875
212.875
231.975
223.225
235.575
239.1
241.825
235.0
252.675
255.425
269.725
250.725
245.075
257.025
257.0
257.75
305.4
252.8
273.775
280.375
273.05
291.55
299.2
281.425
287.575
300.025
261.15
273.425
283.1
271.525
265.15
290.6
276.15
298.05
322.675
