-5166.107421875
-3823.310028076172
-2789.553253173828
-2126.879638671875
-1521.1662902832031
-1294.2582550048828
-1188.1629028320312
-1125.2867584228516
-1093.2801971435547
-1059.1766662597656
-1012.7254943847656
-1017.6594390869141
-989.3278656005859
-988.5163650512695
-943.8190612792969
-927.7264251708984
-924.4956665039062
-862.3410034179688
-851.3179931640625
-853.0609970092773
-806.4453201293945
-797.3223342895508
-775.1633529663086
-755.1053695678711
-756.8208236694336
-783.6989059448242
-752.3603057861328
-831.6139526367188
-777.0251922607422
-731.4231643676758
-699.3888549804688
-710.5308151245117
-682.8869018554688
-719.1883392333984
-680.6750869750977
-651.4387054443359
-670.8225326538086
-644.6309051513672
-642.0206146240234
-635.3049774169922
-636.2916107177734
-620.2240295410156
-609.7037658691406
-596.4670333862305
-600.0372009277344
-605.1548461914062
-596.5136184692383
-601.7557601928711
-592.4553756713867
-586.1473846435547
