-5159.8655022660105
-3813.08415402232
-2782.125201306554
-2123.4844710561615
-1515.333728169215
-1286.6691880601636
-1179.408268207169
-1113.661803024645
-1082.5934066214372
-1050.2405778983398
-1002.6725015175496
-1001.1299428402026
-965.8424554743218
-963.2257008740896
-925.7931747657096
-898.9357234172782
-899.6214587843208
-834.4109464394882
-833.1279304860903
-836.3457156858151
-795.2487063444428
-782.3789522541641
-761.2931341864686
-742.0260129612002
-742.618570273148
-760.3107587832411
-735.9860146497393
-853.7911563221511
-758.39639119853
-732.002945785366
-707.2883539210783
-679.9357883549953
-654.9078484834945
-669.7004675654955
-641.8117753305427
-632.4493175794394
-642.5269889282874
-621.7102523888911
-611.8937488945787
-621.9952592429154
-628.786342622298
-611.4546170597046
-606.2384520721905
-586.8131226056856
-597.9087476272637
-596.7100080788139
-586.8828197682299
-600.0795115106577
-590.8429794686214
-585.3613682438835
