-5215.365502266013
-3868.4886611553316
-2824.1963346534967
-2149.0868269776283
-1545.4815913734512
-1316.2339225551098
-1209.9919324889265
-1145.2418004399053
-1117.66311220741
-1084.1173158284387
-1029.460142060562
-1034.9175293209723
-1004.6617664662369
-1004.6910263309726
-962.1992563055101
-939.399967159283
-951.799450590988
-898.6315627702894
-883.9609667255963
-917.6147273663883
-859.5588845228916
-851.7897045560333
-837.1471258685233
-808.2507337605347
-816.9547063183147
-826.0285627328005
-802.3133717950707
-1055.0531144345814
-841.4044042323114
-804.3609107477234
-804.3567138192977
-762.0111662387524
-716.1624944224455
-743.874182863771
-687.5053953147195
-678.1299441982078
-670.9757781714871
-650.2542757550442
-646.8438235171744
-650.4523243098868
-651.7034717738284
-637.2266118598635
-628.6440012088138
-616.5793499018638
-620.1901572682526
-620.6811184487076
-608.6471632168847
-625.5335135571219
-611.5219489397693
-607.4466781114413
