-5175.123046875
-3831.0592651367188
-2796.2349243164062
-2131.6260986328125
-1526.239501953125
-1298.9959716796875
-1193.2017822265625
-1128.5447082519531
-1094.4959716796875
-1060.7481079101562
-1009.9010620117188
-1018.0293273925781
-989.5037994384766
-995.1130065917969
-947.3532257080078
-922.7234191894531
-922.5928649902344
-861.236083984375
-854.8270568847656
-856.4011688232422
-811.5687103271484
-804.1912231445312
-776.8292388916016
-764.4565124511719
-752.5431518554688
-793.4088745117188
-763.6276092529297
-845.9519653320312
-760.8119354248047
-735.4966278076172
-700.7135162353516
-702.1163177490234
-682.4715881347656
-723.9102020263672
-677.3597412109375
-656.8751373291016
-673.68603515625
-647.1937103271484
-636.9528198242188
-630.8186187744141
-639.5748138427734
-625.6585998535156
-617.1515350341797
-603.728515625
-614.8356018066406
-609.6328887939453
-599.9215087890625
-606.9350891113281
-594.3778839111328
-590.1449737548828
