-5159.8655022660105
-3813.091617879534
-2782.123746620303
-2122.718426319835
-1514.9363002466275
-1286.7078440522232
-1179.7566722609033
-1114.6797548137233
-1084.7819980076642
-1051.7571114281072
-1001.2193748572448
-1004.4961414549643
-975.8976012526061
-968.6285002934177
-929.7176160005783
-901.8058399806844
-899.2521203684821
-841.0596335399996
-838.5605809224035
-847.6949661586472
-824.9029541297712
-803.1887652249578
-781.3427611218749
-764.6029310444387
-765.5028690629512
-803.4205775766269
-767.2042528729684
-846.440171627354
-796.6636791375556
-767.3555580013534
-721.5159688892779
-727.1271377126849
-704.1005232548949
-736.3111508903818
-695.0215345023423
-677.9731150711249
-688.8242377292086
-666.4017316416682
-663.2332989915132
-652.7887104094916
-647.4307366142749
-624.4278996282796
-621.5974636953109
-605.4204727429312
-612.9615281922062
-614.4583818140275
-600.4365320496792
-615.7308083211603
-600.665973129245
-588.2522158684758
