-5148.76550226601
-3805.2754187897344
-2773.5211242348037
-2114.021875844941
-1507.178538858556
-1280.8603101744825
-1174.3883352772436
-1107.7013249813513
-1075.9377134521258
-1042.113206093327
-990.9878345838158
-994.2808721402189
-965.8501759815329
-967.2293826575858
-922.5359241283468
-899.8580826592728
-895.1122236061408
-843.6243358111936
-837.1854687009857
-837.1093433627533
-825.2223304768689
-802.4206392279776
-779.2386324597435
-773.3101475164492
-751.1062344230204
-772.4818997786303
-747.3029394782673
-790.4177332108859
-723.6055438221755
-698.5315308104817
-664.5168044361301
-665.6809786548035
-649.026396616301
-672.137132574627
-642.0620311467433
-632.385908445814
-646.0766891944479
-627.9256985228869
-612.3053883688594
-617.9680368274625
-616.0081638743337
-601.408295882922
-593.1614119950768
-582.490737670799
-589.9973991572591
-598.3234387821504
-581.0755551928797
-603.1790298973035
-590.7788207125657
-586.6756091493137
