-5148.76550226601
-3804.186702302252
-2773.5254439398186
-2116.1356464457317
-1508.280228249861
-1280.8794131049672
-1173.9415461059307
-1111.6448788324599
-1080.9782608272428
-1048.1018458949166
-999.0864336366819
-1001.6766867260428
-970.0327184381264
-960.4067377324985
-922.36213461767
-897.4637756316977
-901.2663201088068
-837.6481045384211
-830.3681503345509
-833.9036915164037
-814.8990205922976
-809.9388653129689
-787.612430812623
-760.224286575611
-756.5344420137893
-754.8695457917604
-733.7555597795592
-813.2873434522842
-755.931869450067
-755.1321636303513
-712.1443954185576
-708.787333459769
-682.315310391957
-734.8460046910517
-700.5256749287902
-680.7122488408967
-691.5595946253839
-663.3190396770394
-660.3706064248446
-634.8702799810495
-632.3499954180965
-616.9000115705333
-611.9051051812755
-586.975833379524
-599.7063599882141
-596.977135502593
-582.1462737934716
-597.8485519129742
-579.2669527998576
-573.8789374739692
