-5148.76550226601
-3804.1900192547632
-2769.69286647448
-2108.7393720488753
-1504.4060322252205
-1274.9698305530487
-1168.5404873282455
-1097.3299902317317
-1055.837207310325
-1017.2320179883984
-955.6713269784544
-944.3902597687869
-905.942204626713
-919.1828489103802
-878.3727509940458
-865.6684795561293
-881.022741306582
-828.7107651764676
-845.3039220045539
-845.6965700639676
-813.1209446138595
-822.3507217511778
-813.3583319757765
-774.2715607251536
-818.9606136834611
-834.0658565638047
-829.3792081464501
-955.3367241368578
-902.2458789676054
-1083.4749603977475
-856.0133149661193
-821.0506779804712
-800.0617195293928
-1151.7817336000223
-801.5240210220668
-798.9554001903232
-805.4581929280914
-765.8896535065551
-766.2694045027922
-737.5093502359421
-762.628105941786
-740.4686185642904
-742.7768045853446
-739.0875885011353
-715.996664562934
-703.0007011200955
-703.1570436523141
-709.973960264288
-721.9038020067203
-671.1584306547352
