-5215.365502266013
-3858.6677041011817
-2821.485022044185
-2149.6814951208657
-1545.1540268669553
-1309.4545326880275
-1201.4689188298746
-1130.0002569706992
-1087.9488028077867
-1055.261113277416
-994.3665612351109
-977.6794139974448
-934.926531312346
-942.917103058951
-909.7107514738207
-901.1071746061516
-922.0055145583668
-850.8278439969729
-850.7316675582149
-876.6563808126615
-840.9479295744001
-846.6521251452028
-842.6853112583649
-824.821794822218
-860.0331081926539
-871.0905604421029
-906.7756622235178
-922.4597323134025
-857.6878545924762
-854.7046884423231
-866.3628970585298
-857.6655893559539
-839.9327557625131
-866.9851908410426
-815.5954509551444
-788.1262218964534
-800.798013095754
-779.4242519420822
-783.9111556246279
-767.7221519569991
-776.7127310408606
-737.0541440006507
-728.6758008177544
-726.9633978789927
-717.7928849482422
-714.0237548780084
-706.5835255233208
-737.9199898386379
-736.876851803473
-694.2330477814077
