-5159.8655022660105
-3813.0779347229627
-2782.125931448097
-2123.5863120982704
-1515.3868479210603
-1286.6650616147779
-1179.3902466187828
-1117.7439129432464
-1091.6691168981058
-1054.4310541103503
-1008.2900476479888
-1015.0497537317135
-981.86329868338
-981.1762618163033
-942.4911685377108
-939.6982288346968
-932.4047865536862
-864.527071250139
-855.3842290375329
-866.2178657012357
-838.2335093759426
-813.9702372987445
-800.9182741022137
-776.1646920959621
-762.8285340199757
-775.4261120250055
-741.6699629969494
-814.7941388067761
-787.709063859417
-772.5045574499574
-735.4676393611637
-723.4631529273092
-698.741232755181
-741.7911559875832
-704.2195906843577
-676.6515372727555
-690.8149593233247
-659.0842581746422
-661.3156450952986
-637.6138703288455
-637.6617279117352
-622.6611264809101
-618.1466597647379
-595.2876736382574
-594.5467790354818
-600.156576749344
-591.1133936901699
-594.3821957517326
-586.4398288706046
-577.5674088085867
