-5148.76550226601
-3804.186702302252
-2769.730933689528
-2109.0586194548873
-1504.5678486534393
-1274.9715008477438
-1168.5213880583258
-1097.783235996235
-1054.699571963532
-1019.2503434101558
-960.0982839730307
-946.7094090067706
-905.3172879601683
-916.798743622084
-885.250950076122
-873.3252794911357
-891.4712460363277
-817.7584918925488
-820.3365869368515
-842.0327462179846
-811.1048715498213
-821.2752172984377
-803.6079478132941
-791.4372690620286
-827.6379370679284
-832.4540268689641
-837.8394093373211
-881.3644092934073
-810.2171915052306
-877.4576198398993
-809.35390376159
-774.7364296677727
-764.879586865655
-818.6443420546358
-776.6331862588991
-753.9519061990666
-766.0194628353951
-754.0803079675218
-738.5037032360041
-748.529910461986
-728.815394095792
-684.2331516292945
-673.9723182453245
-660.1972985388944
-667.74090173596
-660.7757405950181
-657.4643786492118
-688.0917631479789
-686.266724012394
-654.8245500606647
