-5215.365502266013
-3858.6677041011817
-2825.118590072201
-2157.087715238863
-1549.1128939171656
-1315.9338024767167
-1207.2983236891191
-1141.1465144214035
-1111.2340302657635
-1080.6666535474444
-1028.027192575391
-1031.8568632910556
-1000.6792133927225
-997.1951489531672
-943.5689674752703
-920.182856552964
-928.0147927418215
-866.7473202123108
-852.6698267294054
-846.8350380677211
-827.5008817055223
-811.2933784370053
-782.9736705433932
-760.1078352949983
-755.3190104797344
-779.3804224970124
-747.840545228845
-823.7481350179094
-762.6490945308539
-763.1542188124403
-723.7608858068356
-729.5188254232387
-695.9370087071861
-731.554626370431
-686.1128880720946
-672.8802604383359
-680.5663020761954
-648.1798844255065
-654.4481398262543
-648.3458193871953
-648.3270305365849
-631.3435568460313
-626.8359432975128
-610.1422173722001
-610.2770128297174
-615.1002345239941
-601.3436319453432
-609.849850982573
-598.8972507462197
-597.9931548056921
