-5148.76550226601
-3804.208797279399
-2769.662783962112
-2108.041961871731
-1504.0426967139238
-1274.995130283427
-1168.7313212135837
-1097.6861520374048
-1053.7137875266094
-1016.4283270932453
-956.8293398401636
-944.0030853030696
-908.8691990859564
-926.8050378100161
-903.1828766879004
-890.0552085135081
-889.815301248875
-816.2165515720634
-822.5384214083133
-845.0124881106942
-813.7811053456137
-815.1406637757599
-805.7510921825449
-792.8285850844517
-827.044439552417
-848.1079644201939
-841.7300686242409
-875.0122368771932
-840.4949045441933
-865.3971300783811
-822.0693966041583
-796.8822075381415
-806.5217184184623
-844.950248947842
-777.9844467515616
-766.3256247490037
-791.0703267490524
-780.3568047056546
-774.3529647832386
-720.7895618469139
-722.5621974407611
-686.2102961485583
-712.5734966789066
-699.0618053627667
-689.8080140944337
-698.265938941691
-712.2662859330915
-733.4550485315345
-718.100346815506
-690.3017225939082
