-5215.365502266013
-3857.6087972793985
-2821.262783962112
-2150.641961871729
-1545.7426967139247
-1309.4951302834272
-1201.4313212135842
-1131.5861520374042
-1087.3137875266098
-1053.0283270932446
-991.029339840162
-979.4030853030708
-942.4691990859576
-959.8050378100168
-936.1828766879007
-917.9552085135068
-920.415301248875
-845.6165515720637
-852.5384214083153
-877.4124881106948
-841.3811053456124
-843.0406637757584
-834.8510921825458
-824.3285850844504
-852.8444395524166
-876.3079644201941
-869.0300686242417
-899.9122368771943
-867.494904544193
-892.6971300783816
-846.9693966041598
-829.2822075381421
-837.7217184184625
-868.6502489478405
-807.9844467515617
-793.9256247490041
-817.7703267490523
-806.4568047056551
-806.4529647832379
-748.9895618469135
-748.9621974407617
-717.1102961485585
-739.8734966789065
-729.9618053627667
-722.2080140944338
-729.4659389416917
-743.1662859330911
-770.6550485315346
-753.8003468155056
-726.0017225939079
