-5159.8655022660105
-3824.5593920049314
-2782.0032960771805
-2114.748226077391
-1511.6504487239094
-1286.9875726968344
-1182.054742234383
-1118.3449670551513
-1089.0438798552075
-1052.1025513153413
-1002.7267747685268
-1013.3474547097545
-979.955029695842
-979.5489217821856
-936.2485630504713
-932.6860568348987
-924.7896986535907
-867.9979177357329
-864.9967485903092
-884.6893542417389
-843.3012369925011
-837.2178040497777
-810.9243599028642
-782.5022657997699
-777.8050475573033
-782.9697093790872
-744.7421173876614
-804.8394768985278
-759.3627072658817
-723.0699562804622
-698.8603109252853
-707.0840297821564
-684.6479875078717
-705.0508273204607
-675.5290346116017
-658.3783382078655
-664.7222516380423
-637.4991531560057
-627.4077432128577
-631.088187473001
-631.6163195457432
-615.3299576030338
-611.6335283576849
-593.3398644524774
-610.1851084817735
-601.1150107856581
-591.0796572709412
-611.3589826672056
-595.5362501320928
-592.0075411504743
