-5215.365502266013
-3857.6087972793985
-2825.1238092751364
-2158.0516217995673
-1549.4742241895196
-1315.9777055938796
-1207.3112607767014
-1143.362694844415
-1114.4596810672483
-1085.8746185659454
-1032.613405370047
-1033.9352562027275
-998.835184672925
-998.8380840753143
-959.9428226630862
-931.3184929826572
-935.3458575259598
-853.6215615277931
-849.1769311051812
-860.8408981576334
-837.6212414848505
-815.8904646348335
-798.4457617310794
-779.8375795577176
-771.9689062781865
-784.6072903909667
-758.8631371113065
-824.3930461755428
-772.6654971868011
-765.6051015789806
-725.660644114159
-734.8701644764242
-722.465253981366
-755.7100181910234
-728.2552049926287
-705.4652370366505
-725.4402003429693
-697.3171757812534
-690.2433840130376
-673.4790609330632
-661.2405218843381
-643.5025748295806
-639.1570689514442
-622.1549592793052
-624.3772714848942
-641.4556812656853
-624.8665682407618
-629.0021068801027
-618.2296771919067
-605.4251021596274
