-5159.8655022660105
-3812.7327735910667
-2782.12309330328
-2123.847042007573
-1515.5088536688786
-1286.6793522706064
-1179.4522562043524
-1115.899503311885
-1086.1671419615147
-1051.4761007452819
-1000.9769415035329
-1004.2326227258964
-971.8569936788878
-964.8834379271063
-926.67122862486
-903.2223304560123
-910.899803997528
-847.331959360178
-841.5117261079243
-840.5083672050429
-815.5149981180949
-793.9448758888273
-763.5398459403089
-743.3826903271562
-732.5918821899292
-760.5810367274264
-733.6929300887908
-800.7402840879128
-754.7792605178059
-740.9958642961077
-700.0887219814781
-720.7553644484503
-699.4519710990755
-727.4109497351678
-675.4148746358566
-649.2358367384378
-655.576565943681
-634.7148536640108
-630.6972363272328
-626.3822787840451
-627.9326228481928
-613.8301421675035
-604.3939169526241
-586.4205654643163
-593.566294935468
-594.4781869178256
-585.3411029685711
-602.0230677613886
-587.9394439055701
-584.8185109684816
