-5148.76550226601
-3804.1779347229626
-2773.525931448097
-2116.3863120982705
-1508.4368479210598
-1280.8650616147781
-1173.8402466187829
-1112.2939129432464
-1086.069116898106
-1048.1310541103503
-1002.6400476479887
-1009.0497537317133
-976.1632986833796
-975.9262618163035
-937.141168537711
-934.3982288346972
-926.9047865536862
-859.5770712501389
-849.9342290375329
-860.4678657012353
-833.0835093759426
-808.8202372987444
-795.6182741022136
-770.9146920959621
-757.6285340199757
-770.4761120250056
-737.0699629969492
-809.9941388067762
-782.5590638594168
-767.8045574499573
-731.0176393611639
-718.5631529273093
-693.5412327551812
-736.8411559875833
-698.9195906843578
-671.9515372727556
-685.8149593233247
-654.7842581746422
-657.2656450952986
-633.2638703288454
-633.0617279117353
-618.3111264809099
-613.446659764738
-590.4876736382572
-589.7967790354818
-595.4065767493441
-586.61339369017
-589.8821957517328
-581.8898288706043
-572.7174088085867
