-5159.8655022660105
-3814.173591737782
-2782.1186927558283
-2121.119254388716
-1514.1270698089425
-1286.709668447884
-1179.8882224871054
-1117.1484923831151
-1083.4481243809118
-1050.2491292361385
-1001.1998591006511
-1009.6464159768404
-975.8500801754504
-975.5410164159251
-935.4458499653152
-911.3830040728674
-920.0655248945965
-857.6125243325898
-850.3435438109702
-850.4392579182737
-824.4694909348384
-795.5187010277452
-778.2842448846461
-752.6757052450579
-761.1705648700395
-770.5674970252522
-734.8695015319533
-850.7960285972464
-796.5807341419857
-796.8710248243367
-746.2996083696667
-767.5926029974361
-735.701745448863
-776.3308127826353
-704.300357837599
-678.022743550138
-703.1114115458754
-668.6697873055911
-663.3490391068763
-642.4280484631338
-638.87346505401
-620.8221945007698
-614.5270742345641
-599.3999682070034
-604.9318809172056
-609.4866995524985
-590.8216567628592
-600.1791963228906
-587.7108113643706
-579.5397841696689
