-5162.177083333333
-3816.382771809896
-2786.4349568684897
-2127.839152018229
-1520.4392801920574
-1292.1188252766926
-1185.2585144042969
-1120.1097106933594
-1087.7852071126301
-1057.8307800292969
-1000.8779296875
-1006.7814076741537
-978.7988077799479
-977.5015309651693
-936.9921824137369
-906.0237579345703
-910.9693806966146
-845.27490234375
-838.0102793375651
-838.0105539957682
-800.9839019775391
-790.8887786865234
-772.3044637044271
-751.896728515625
-748.1805725097656
-798.1366678873698
-763.6618703206381
-873.7787272135416
-785.0822957356771
-743.8052876790365
-704.8492889404297
-713.0085296630859
-688.7715708414713
-755.2942454020182
-681.5942179361979
-675.4660593668619
-689.689463297526
-664.9991455078125
-662.2100270589193
-647.1993306477865
-646.6754913330078
-629.8495941162109
-620.1001790364584
-601.7594502766927
-612.0408986409506
-608.9465586344401
-620.4769490559896
-628.9055531819662
-614.0546315511068
-596.3938598632812
