-5148.76550226601
-3804.184154022319
-2769.7440365980647
-2109.2760803723695
-1504.6760642105908
-1274.9671143597752
-1168.4791466409633
-1097.84973902183
-1054.0534941674896
-1016.4987070939499
-956.1615406956349
-939.4458535335318
-901.0619603212293
-915.7623359938173
-883.0593997548925
-868.4152891241374
-884.9664057720317
-816.5039023365333
-835.1842607771887
-836.2049323530794
-821.546147938461
-814.0615054166022
-816.2384392774967
-791.2854725034988
-807.3225853648685
-825.6041997784941
-792.1863674976231
-991.746943840265
-867.0894729679061
-874.0131057187324
-823.0680860304508
-816.7729872450966
-798.8030794660349
-859.6088414836792
-799.0470435983096
-779.6099807692292
-792.2676141221549
-749.4343315174555
-750.5385916907168
-732.1943439920607
-727.5855726278712
-701.9720617643834
-697.923570830184
-698.1957883659554
-672.6758754496286
-678.1053135083296
-673.8334188480561
-686.7696456921024
-696.8102744245733
-668.2108658389126
