-5166.107421875
-3826.9024047851562
-2788.9908447265625
-2124.4087829589844
-1520.1711120605469
-1294.3558959960938
-1189.0402221679688
-1123.7054138183594
-1093.440902709961
-1056.5660552978516
-1006.5362701416016
-1014.0989379882812
-986.7963790893555
-989.8215484619141
-946.2346725463867
-929.2049560546875
-931.9208908081055
-860.8663177490234
-847.3038177490234
-853.1153717041016
-832.2820281982422
-811.2630386352539
-788.5693588256836
-783.1967315673828
-769.1970138549805
-796.283203125
-795.0796813964844
-873.6964569091797
-837.3300399780273
-804.06494140625
-743.4718017578125
-738.7808532714844
-735.986198425293
-761.4419631958008
-729.0245132446289
-693.1090240478516
-700.9838333129883
-666.6986999511719
-661.5665969848633
-653.8564682006836
-653.5733337402344
-647.7891235351562
-637.950553894043
-632.1065444946289
-625.98193359375
-637.6579666137695
-621.5566329956055
-625.0216827392578
-625.1076812744141
-611.7906723022461
