-5159.8655022660105
-3816.920786569768
-2778.0940160856344
-2112.124326136656
-1509.6351142914132
-1280.711541089195
-1174.388816902003
-1102.5451325039712
-1058.7354135596734
-1021.9427437825449
-959.9964755279194
-946.7086837499852
-908.1709042509632
-920.4042553517636
-890.1369175597349
-889.831256919227
-891.9853901318553
-829.2037768465219
-838.6102898860865
-860.8268315989566
-826.1555372554612
-819.319839812178
-812.912793075232
-788.2254000674247
-824.4199980307869
-830.2624452824987
-829.0502459709008
-885.3483203875405
-833.0731374233234
-850.5645978278875
-830.8145042833124
-853.0889266682967
-928.969448080223
-895.4279669978305
-801.7887993273207
-754.2814113474809
-774.1868795712232
-822.4287123470807
-748.3061985345724
-730.5385839635347
-736.975869579338
-704.9599857830635
-711.0231989882474
-692.0248833683974
-680.6353940697447
-678.0495545128641
-678.9401087889066
-701.1824688134226
-709.7994556897279
-671.3494961386783
