-5215.365502266013
-3861.7023458449207
-2824.702549934366
-2154.0214325959746
-1547.1605957670354
-1315.975213984131
-1208.5216899571533
-1143.7094819299664
-1110.4373240659052
-1078.7616199403801
-1025.8453775269768
-1034.3005935505048
-1004.6507820925559
-1008.9684059873828
-962.1093255347348
-936.9489214275243
-939.1340976491034
-876.4859029397581
-870.6814762159872
-873.9301467523679
-826.7857842331498
-819.0225078269593
-793.1260129428608
-780.3622777153466
-768.2739739872467
-809.3054633680039
-779.9251922272738
-861.0910263335857
-776.7104389450949
-751.0598202023144
-715.5344801713941
-718.3687140646451
-698.5330900085752
-740.1906304200846
-694.2210922699551
-672.2254013020744
-688.482240202553
-661.8764110965892
-652.6496442281929
-645.9782506313644
-655.831975621517
-641.0274192153238
-632.5657828074625
-619.8475946844945
-630.9188927214005
-627.622965226152
-615.2140214733429
-623.0967099985784
-609.7428637617012
-607.6883921021946
