-5215.365502266013
-3857.584154022322
-2825.125201306555
-2159.234471056162
-1550.0837281692152
-1315.6691880601636
-1206.9082682071685
-1141.661803024645
-1111.0934066214377
-1082.2405778983393
-1030.9225015175489
-1030.379942840203
-993.842455474322
-991.725700874089
-953.29317476571
-925.9357234172787
-928.1214587843211
-860.6609464394875
-858.3779304860909
-863.8457156858152
-816.7487063444426
-806.3789522541643
-787.2931341864683
-767.5260129611999
-768.3685702731485
-783.8107587832409
-759.4860146497392
-877.7911563221511
-780.8963911985304
-752.7529457853667
-723.5383539210785
-700.4357883549955
-675.9078484834947
-689.9504675654956
-665.5617753305426
-656.4493175794394
-665.0269889282876
-642.2102523888913
-634.1437488945791
-642.4952592429152
-649.2863426222984
-631.9546170597043
-627.9884520721902
-609.313122605685
-617.1587476272639
-616.7100080788136
-605.3828197682299
-619.0795115106574
-610.342979468621
-603.8613682438835
