-5175.123046875
-3852.9867553710938
-2796.0103759765625
-2112.2830200195312
-1520.6753540039062
-1300.5247192382812
-1198.5882568359375
-1132.3485717773438
-1102.7599182128906
-1066.4318237304688
-1013.6607360839844
-1028.9425811767578
-995.5547485351562
-991.9071655273438
-954.9973602294922
-953.9470977783203
-951.1141967773438
-889.7381896972656
-873.8508911132812
-886.5039367675781
-846.9958190917969
-836.6072082519531
-817.0700836181641
-803.4655151367188
-798.3089599609375
-830.0752410888672
-797.3057250976562
-881.5978546142578
-806.0355682373047
-759.3688659667969
-722.9843444824219
-750.4390106201172
-716.7679443359375
-745.326171875
-697.4652099609375
-676.2091217041016
-691.6601715087891
-660.0920104980469
-662.9387054443359
-641.4214477539062
-647.0594940185547
-631.3608703613281
-626.2766723632812
-603.9353179931641
-611.2843170166016
-612.4807586669922
-601.2284698486328
-611.5266723632812
-597.8469848632812
-591.8043670654297
