-5159.8655022660105
-3813.1013314860843
-2778.2335367446713
-2115.1034658461244
-1510.9641256970338
-1280.7240870968992
-1174.1211136422594
-1104.2588930730228
-1061.0784472922755
-1025.258152049841
-961.4817161675497
-950.5716293492836
-908.9976807259085
-914.0674351490512
-881.4874264561822
-863.7807535537725
-878.9325986848829
-824.648376380093
-821.0454952610692
-837.6666996270662
-801.1296754236521
-803.3280187555381
-797.2239563121683
-766.1521710712534
-799.601465940283
-788.4876165678397
-785.6808571411987
-897.7899448245917
-844.7114183928118
-849.2469107506361
-806.8467222420411
-792.1374185579198
-764.7531336633259
-817.7671299795692
-770.9285464002198
-753.4906483985922
-774.9321195903957
-744.3767182592535
-744.3027858585672
-740.405292089944
-755.8221238998175
-715.7620663628635
-694.600083147778
-694.65468628412
-691.8433308576934
-680.0390449216992
-679.9695244346353
-710.372599127418
-720.2125580799749
-671.1870647736417
