-5159.8655022660105
-3814.175418789735
-2782.1211242348045
-2121.1218758449413
-1514.128538858556
-1286.7103101744824
-1179.888335277244
-1113.301324981351
-1081.6377134521254
-1048.413206093327
-996.8378345838158
-1000.1808721402194
-971.4001759815325
-972.6793826575862
-928.0859241283472
-904.8580826592728
-900.7622236061409
-848.6743358111931
-842.235468700986
-842.4093433627543
-829.6223304768691
-807.6206392279776
-784.4886324597434
-778.8101475164491
-756.4562344230205
-777.0818997786304
-752.0529394782673
-795.1677332108854
-728.0055438221755
-703.1815308104817
-668.9668044361301
-670.1809786548035
-653.7263966163011
-676.9371325746272
-646.8620311467433
-636.685908445814
-650.2266891944479
-632.275698522887
-616.7053883688602
-622.4680368274624
-620.3581638743336
-605.7082958829219
-597.6614119950768
-587.1907376707991
-594.3473991572591
-602.8234387821504
-584.9255551928798
-606.8790298973033
-594.4288207125657
-590.6256091493134
