-5158.8255615234375
-3811.860397338867
-2784.0047454833984
-2127.5096435546875
-1519.2825241088867
-1290.3612670898438
-1182.926498413086
-1117.584976196289
-1082.7564392089844
-1049.9880294799805
-995.4770011901855
-1001.5366096496582
-976.1760063171387
-977.2548332214355
-935.7598419189453
-918.1212997436523
-908.8081665039062
-850.2300872802734
-844.3599319458008
-857.9374771118164
-844.8725090026855
-812.8812561035156
-793.2868232727051
-765.1051635742188
-768.6853637695312
-764.1660461425781
-740.6113243103027
-862.2046127319336
-780.2095756530762
-758.886157989502
-738.5539169311523
-703.1855964660645
-674.8637657165527
-693.7233695983887
-651.8742065429688
-652.4988136291504
-657.4364128112793
-624.6071166992188
-616.2980270385742
-623.5649490356445
-628.6606330871582
-609.954891204834
-601.2445411682129
-589.4180641174316
-593.1809310913086
-592.0691413879395
-579.6739501953125
-594.5370597839355
-585.0348892211914
-582.9741172790527
