-5159.8655022660105
-3813.088251768701
-2782.124739914737
-2123.1737260965265
-1515.1718623260554
-1286.68474048517
-1179.5489033801746
-1114.3424407206787
-1084.4349630735762
-1050.1730999739193
-1000.3664185046746
-1006.7336950195637
-972.3955520785503
-970.8621710389846
-929.5622347292394
-900.056025338578
-908.2430261398279
-843.630341241054
-838.362128791663
-841.1635605007834
-805.3616421533213
-790.1954441591946
-770.1164503069845
-758.0090352911282
-746.2236982893436
-766.5852634508038
-745.0323711036435
-821.354126894487
-741.5785290348596
-733.1747116320932
-699.2353252824541
-694.7126878551566
-672.2942637642955
-708.9325332113395
-693.5778108714267
-665.2051203518736
-688.5384743357039
-648.4293326541618
-648.1702679386224
-637.1263373869014
-637.7429492541146
-621.9646185524374
-615.9954412522457
-600.2850927307042
-600.55663216132
-613.2721758927112
-599.1116644017379
-602.753752975935
-595.6534890449333
-587.6398471029265
