-5148.76550226601
-3805.269008477492
-2769.5375881704285
-2107.212774791328
-1503.667547816218
-1274.9421406506585
-1168.6436886228164
-1096.3965956070963
-1053.7832695458073
-1019.4755554019227
-957.7478380533906
-944.873153996364
-900.8129746357702
-916.1542147252845
-885.9500323232753
-877.6306744514432
-891.7996129973692
-827.8667417438965
-835.3198560403237
-850.098062023381
-814.7925158474889
-831.514560490649
-822.304227184993
-798.9203765922618
-846.7774483733707
-832.4976975906269
-901.3931585738294
-917.2648114521628
-845.4358533486696
-864.3506223196043
-825.7477213358363
-809.0632727613258
-796.1416551025529
-933.2290603133093
-771.3217205779355
-756.5841029225037
-773.0196484304455
-748.9329322259864
-746.9125929180841
-747.884710555264
-751.0478291205679
-707.7277066394529
-700.6595670006237
-685.3750863257821
-934.1789138518545
-674.9027159519698
-687.6019922806214
-739.7184725846421
-952.8389012409789
-687.6751089627952
