-5159.8655022660105
-3813.08415402232
-2778.344036598065
-2116.4260803723687
-1511.6260642105908
-1280.7171143597752
-1173.929146640963
-1103.4497390218296
-1059.5034941674899
-1022.5987070939493
-961.9115406956344
-945.4958535335321
-906.561960321229
-921.3123359938172
-888.3593997548926
-873.115289124137
-890.1664057720327
-821.2539023365331
-840.4342607771889
-841.5549323530786
-825.8961479384609
-818.6615054166023
-821.1884392774967
-796.735472503499
-812.1225853648684
-830.4041997784943
-796.386367497623
-995.596943840265
-871.8394729679064
-878.4131057187324
-827.4180860304508
-821.6229872450962
-803.9030794660347
-863.4088414836793
-803.8470435983097
-784.4599807692292
-796.5176141221548
-753.8843315174554
-755.6885916907166
-736.6943439920606
-732.0355726278711
-706.6720617643834
-702.8735708301841
-703.3457883659555
-677.2258754496286
-683.1553135083295
-678.833418848056
-691.6696456921023
-701.9602744245733
-672.9608658389127
