-5148.76550226601
-3802.3993228550908
-2773.600713830313
-2117.69792199424
-1509.083373972125
-1280.8868269963882
-1173.5156913503922
-1107.930750750942
-1072.88403746053
-1039.4259902605745
-985.2951874988346
-991.3230657360784
-966.1126363380366
-967.2290783736856
-926.8382839547736
-910.1100015951012
-901.0228190511067
-842.8603111349679
-837.2444401202704
-850.6733841016063
-838.6921562223264
-806.2423491928496
-786.6497424159688
-758.8656854916662
-762.6958046250536
-758.5468418030589
-734.9546476973308
-856.720147117838
-775.1562281136366
-754.8947668390781
-734.855842711095
-699.1562866979327
-670.784145780656
-689.6752832897034
-647.1615756223104
-647.9922871839701
-652.9048870291094
-619.9726915049648
-611.130214159745
-618.9215206456554
-624.1222252178823
-605.1328503279798
-596.237255017862
-584.4514582629013
-588.4590243776368
-587.1631962106135
-575.0900326495132
-590.0133561273552
-580.3570753331957
-578.2859815760173
