-5166.107421875
-3818.0743103027344
-2783.489288330078
-2119.8451232910156
-1515.7107238769531
-1284.5264282226562
-1177.6808776855469
-1106.8335571289062
-1065.2288360595703
-1027.6040954589844
-965.5369110107422
-954.6077117919922
-915.4953536987305
-928.6956405639648
-887.8452835083008
-874.2401962280273
-890.411247253418
-837.1196899414062
-854.9193496704102
-855.4258651733398
-821.4794387817383
-831.2140426635742
-822.9609680175781
-783.6757431030273
-827.3841705322266
-842.9186935424805
-837.959587097168
-962.9394683837891
-910.0576095581055
-1091.492660522461
-864.0448150634766
-830.9299011230469
-809.6677856445312
-1160.7230224609375
-811.5935287475586
-807.7416152954102
-814.591064453125
-775.1349868774414
-776.6361923217773
-747.1219940185547
-772.4963455200195
-749.8179550170898
-752.2269821166992
-749.1854248046875
-725.1020050048828
-711.7337188720703
-711.5159530639648
-717.7993621826172
-730.9945907592773
-679.7015838623047
