-5159.8655022660105
-3820.5414755873253
-2777.396315732472
-2109.41437523844
-1508.638966471395
-1280.7538530899556
-1175.3668660595656
-1104.9250249981503
-1060.8651233847334
-1027.4900047592228
-966.6658678398992
-957.0895234737766
-919.5672378293496
-930.3083661635085
-895.8189579233307
-871.2229666050116
-891.6133056360244
-838.6963312568753
-853.3234478460988
-870.3918941250156
-828.4087365534322
-838.3522129856422
-811.2906168344839
-788.7026746439738
-814.1189632710244
-836.0294389209355
-820.8524135049036
-902.8233767345022
-856.4462546241978
-853.6232840597155
-829.9838703939274
-815.664017873859
-780.4986373678776
-825.5645431860466
-793.705190979104
-777.7750441015503
-782.3302443870394
-811.503351026989
-782.4709960861771
-773.6552679488135
-774.8916612863179
-719.2300694438097
-703.6741135172847
-701.6497990193084
-692.4184715080737
-688.730020000811
-702.3900372379446
-730.7897273604251
-740.9213062631867
-687.3638154121152
