-5159.8655022660105
-3817.452345844922
-2777.9616174283406
-2111.307716674847
-1509.2980499613218
-1280.710556959742
-1174.5353745085454
-1102.6195920236946
-1057.636196243682
-1020.563411336333
-960.1032453210785
-944.5281267296059
-909.7563670761726
-917.343720022424
-893.2013484668993
-890.4403650162956
-899.4227962358448
-830.4709452647891
-830.7329509075546
-844.3291326438381
-823.8585195961577
-840.2930168016719
-818.8215984539027
-801.6097663778714
-834.2010125934336
-832.5501196184492
-815.722664023239
-857.2515524993275
-897.23398536216
-919.0283057084216
-837.3932758203166
-800.6323607914101
-793.7233955889135
-856.2002625621533
-805.9627988396365
-768.4885086101381
-799.8807918809093
-809.8925963325391
-753.1916078372282
-731.436415194002
-734.6308366434615
-703.7317073670279
-699.3240626302396
-701.0468641768324
-675.9486775889501
-675.5085246915415
-672.4057559305536
-679.1753011867409
-699.9816408674609
-663.6209570635359
