-5159.8655022660105
-3839.585582096831
-2776.876945012657
-2091.6022517448655
-1503.7312606862447
-1282.2542313734577
-1180.0535197209379
-1107.6547980082498
-1064.5693715468092
-1028.5752347935118
-971.4362630291696
-956.9702011978783
-919.6669434661195
-929.7529287908271
-896.3414677721432
-869.1002058763936
-878.396641213329
-835.9333008634751
-843.4492254461145
-858.6005485227084
-834.1820401525287
-851.8348352807919
-821.0567760558918
-823.3988784495053
-857.9870084811548
-848.0771129580144
-819.3800665099204
-899.5432965026212
-849.0339562692143
-872.0068728321736
-792.3668102325581
-784.0076142720917
-792.2299047848708
-1225.8736196372188
-779.1025407604693
-770.4984973959391
-777.1954364848177
-738.9938496188859
-737.6060329867842
-717.3231739963791
-730.3302221233621
-698.9364439176242
-691.0662994287565
-676.6276541608428
-692.971144212535
-685.2479093698727
-688.5907819987158
-731.1852989303229
-736.923036231643
-685.7959424745404
