-5148.76550226601
-3805.2735917377818
-2769.552581883092
-2106.8825188774817
-1503.5302613115923
-1274.9747141955017
-1168.8837047307038
-1095.4999936875724
-1053.3644535053181
-1016.9370418231132
-955.7166784833942
-941.4222013576549
-905.8268190312772
-911.6330265589752
-873.245687396257
-856.9785509194093
-873.5846586858097
-809.425271664528
-806.8118632037723
-829.1149340072598
-803.4354683437243
-811.6395944290115
-800.9318530497484
-779.2546016331851
-801.4226837695406
-828.8819938599248
-800.3265169732065
-877.1317196141961
-832.3543771974452
-843.494949205671
-801.1174065803908
-778.16649391065
-763.395738447787
-822.113368604256
-767.2271524501512
-796.685458736235
-804.5150788204243
-773.273333240781
-756.8083014915164
-785.8368208946454
-764.9341856375452
-726.4963145200298
-712.41170561327
-704.498690337478
-777.3032994090248
-702.050245469548
-708.3927981102818
-737.5572278235342
-745.9786183481687
-686.1033839537636
