-5159.8655022660105
-3813.086702302252
-2778.330933689528
-2116.2086194548874
-1511.5178486534394
-1280.7215008477433
-1173.9713880583256
-1103.383235996235
-1060.2495719635315
-1025.350343410156
-965.6982839730312
-952.7094090067709
-911.0172879601681
-922.3487436220839
-890.5509500761216
-878.5752794911352
-896.7212460363277
-822.5584918925482
-825.7865869368513
-847.3327462179857
-815.3548715498212
-825.9252172984388
-808.5079478132943
-796.6372690620285
-831.7879370679286
-836.9040268689639
-842.2394093373216
-885.8644092934073
-814.0671915052309
-881.4076198398992
-813.10390376159
-779.8364296677728
-769.5795868656551
-822.2443420546358
-781.9331862588989
-758.7519061990665
-770.6694628353953
-757.7303079675219
-742.7037032360042
-751.7799104619861
-732.8153940957918
-688.7331516292945
-678.4223182453244
-665.2972985388944
-671.99090173596
-665.125740595018
-661.8143786492119
-691.1917631479789
-689.6667240123937
-658.0745500606647
