-5215.365502266013
-3858.6735917377796
-2821.4525818830907
-2149.182518877481
-1544.930261311593
-1309.4747141955022
-1201.5837047307034
-1129.3999936875719
-1086.664453505319
-1053.5370418231128
-990.5166784833946
-977.1222013576547
-939.7268190312776
-944.3330265589755
-906.5456873962573
-887.8785509194086
-906.8846586858105
-839.7252716645289
-836.8118632037728
-860.6149340072604
-830.7354683437234
-839.8395944290118
-831.231853049748
-812.2546016331848
-831.4226837695408
-859.181993859924
-827.9265169732068
-900.8317196141955
-856.3543771974453
-868.3949492056714
-825.7174065803911
-807.5664939106504
-797.2957384477872
-849.4133686042567
-801.1271524501506
-822.185458736235
-830.315078820423
-804.7733332407809
-789.5083014915162
-810.7368208946456
-794.0341856375455
-754.0963145200295
-741.5117056132701
-733.598690337478
-805.203299409025
-730.8502454695486
-737.192798110282
-770.2572278235348
-784.9786183481684
-717.9033839537635
