-5159.8655022660105
-3814.173591737782
-2778.2025818830916
-2113.932518877481
-1510.430261311592
-1280.7247141955017
-1174.3337047307034
-1101.1499936875725
-1058.9144535053188
-1023.0370418231129
-961.5166784833942
-947.3722013576546
-911.4768190312773
-917.0830265589751
-878.7956873962569
-862.1285509194095
-879.1346586858097
-814.475271664528
-811.8118632037723
-834.36493400726
-807.9854683437242
-816.3395944290119
-805.9818530497481
-784.7546016331851
-806.4226837695406
-833.931993859925
-804.9265169732064
-881.0817196141958
-836.3543771974449
-847.6449492056715
-805.217406580391
-783.06649391065
-769.0457384477871
-826.6633686042562
-772.877152450151
-800.935458736235
-808.8150788204242
-778.523333240781
-762.2583014915164
-789.9868208946453
-769.7841856375451
-731.0963145200299
-717.2617056132701
-709.3486903374778
-781.953299409025
-706.850245469548
-713.1927981102818
-743.0072278235342
-752.4786183481685
-691.4033839537634
