-5215.365502266013
-3857.577934722963
-2825.1259314480967
-2159.5863120982694
-1550.13684792106
-1315.6650616147767
-1207.1402466187828
-1144.9939129432453
-1119.6691168981056
-1085.931054110351
-1036.540047647989
-1045.0497537317142
-1010.3632986833779
-1007.4262618163023
-969.241168537709
-966.1982288346968
-959.9047865536857
-889.2770712501393
-882.6342290375329
-894.9678657012361
-863.9835093759436
-839.7202372987451
-827.4182741022148
-802.4146920959627
-788.8285340199756
-800.1761120250056
-764.6699629969492
-838.7941388067763
-813.4590638594173
-796.0045574499572
-757.7176393611636
-747.963152927309
-724.7412327551807
-766.5411559875832
-730.7195906843574
-700.1515372727551
-715.814959323324
-680.584258174642
-681.5656450952979
-659.3638703288453
-660.6617279117354
-644.4111264809106
-641.6466597647382
-619.2876736382568
-618.2967790354819
-623.9065767493441
-613.6133936901699
-616.8821957517324
-609.1898288706042
-601.8174088085867
