-5215.365502266013
-3857.588251768701
-2825.1247399147373
-2158.9237260965265
-1549.9218623260558
-1315.68474048517
-1206.7989033801753
-1142.8424407206794
-1112.9349630735762
-1081.6730999739177
-1029.6164185046737
-1036.4836950195647
-999.6455520785499
-998.8621710389834
-957.5622347292399
-925.556025338578
-935.9930261398264
-869.380341241054
-863.3621287916643
-867.413560500783
-826.8616421533194
-813.9454441591946
-794.8664503069841
-784.7590352911283
-770.473698289343
-789.5852634508035
-767.0323711036438
-841.6041268944879
-763.8285290348597
-754.9247116320932
-720.9853252824545
-719.4626878551566
-697.5442637642955
-731.18253321134
-717.3278108714269
-685.2051203518738
-710.0384743357042
-670.4293326541621
-669.920267938622
-658.6263373869012
-660.4929492541143
-643.9646185524376
-639.2454412522457
-624.285092730704
-621.8066321613203
-634.272175892711
-620.6116644017376
-624.2537529759344
-617.9034890449329
-609.8898471029258
