-5159.8655022660105
-3814.164817379979
-2782.1210643929853
-2121.708765183546
-1514.4242710914998
-1286.6784309866587
-1179.7766327786835
-1117.4497081318243
-1088.8921979192069
-1051.0029788838497
-1002.8449497327467
-1007.8907185102756
-979.8208497484213
-978.650429613341
-943.8608440137162
-919.6807244424256
-931.6020089590493
-851.2568715796884
-835.0622067205377
-839.9700835331047
-823.0513214796736
-798.6494756275376
-783.6876500036285
-763.8878986874294
-759.6541265878212
-796.3921294363483
-784.6832876158575
-968.8748314684351
-794.0554501720692
-737.632706493984
-705.7369324344079
-718.0960969719748
-692.3557454698841
-743.9239289344946
-687.716144567394
-689.8311368161135
-707.8383194112987
-672.2707928540676
-658.1530683332004
-648.8665223009758
-645.1977132680735
-621.4020228045696
-618.3622869570719
-605.1166208556888
-617.4478011474414
-615.4891269943868
-610.9209146150775
-624.4383694229338
-604.1569908198023
-601.4601017461234
