-5148.76550226601
-3816.5886611553296
-2768.9698160988937
-2098.9419715986223
-1500.79401793906
-1275.0774817343975
-1171.394516637588
-1097.497877682304
-1053.8137370705626
-1018.6748419681271
-960.2016830485063
-943.8857796893905
-913.3174886089776
-918.9665694977266
-885.0395546004875
-863.4010419592998
-880.7197842498472
-825.5531893825598
-834.1425854342795
-835.8238465822969
-804.0700414457383
-826.7336003407315
-809.7729404713098
-785.402653163722
-829.1834065473444
-816.7650514771465
-797.6734854391009
-868.3039234116311
-877.7850527801589
-901.2507349954476
-804.7154284340123
-791.1385416851726
-762.6282612094582
-810.4794670290274
-770.8632586162186
-741.7016308329726
-770.5935441306303
-739.4849529582433
-739.825382663472
-738.0650511632888
-738.7636295565401
-707.4177109173543
-691.6074285320785
-685.9480299803092
-708.8931256373685
-681.195894984907
-684.0774999961385
-733.8943689716729
-740.4214477188444
-691.773038284643
