-5215.365502266013
-3857.591617879534
-2825.123746620304
-2158.468426319837
-1549.6863002466275
-1315.7078440522232
-1207.0066722609033
-1142.9297548137235
-1113.2819980076642
-1083.7571114281066
-1030.469374857245
-1033.9961414549625
-1003.6476012526061
-995.6285002934168
-957.967616000579
-927.3058399806844
-926.5021203684826
-864.8096335399999
-864.3105809224037
-874.4449661586475
-844.6529541297726
-825.9387652249588
-805.3427611218747
-790.6029310444387
-788.0028690629509
-825.9205775766266
-788.704252872968
-866.190171627354
-818.1636791375552
-787.6055580013531
-741.7659688892779
-751.1271377126847
-729.6005232548948
-757.5611508903814
-721.0215345023427
-700.7231150711245
-711.8242377292086
-688.1517316416687
-684.7332989915132
-672.7887104094916
-668.6807366142747
-646.9278996282791
-643.8474636953108
-627.9204727429312
-632.2115281922063
-634.458381814027
-619.1865320496787
-632.7308083211606
-618.915973129245
-605.7522158684758
