-5215.365502266013
-3857.588251768701
-2821.3227686181244
-2151.836540021628
-1546.2070014898807
-1309.4737024823805
-1201.244811474162
-1130.5311737798977
-1086.866004132566
-1053.9918933692409
-991.3313598270066
-978.0074697143591
-940.9354457368918
-959.3135971036578
-918.4220094418695
-909.6340914403839
-942.7614933243952
-862.1828559385098
-858.3503270650111
-894.0266567600427
-847.9493520752734
-853.8017762475458
-850.7759749135323
-819.2583038666687
-857.918999432487
-876.0887807526888
-844.9728691176861
-946.8808616072183
-853.3901672275493
-886.957031805165
-829.8707884806183
-799.9307626710071
-782.7557779006945
-843.506953987936
-802.156256137838
-779.6514862516675
-780.2466304226548
-769.5092111643596
-752.4156180909403
-759.366778316281
-756.6395715585116
-710.3671609571177
-717.6787313125304
-699.4686590953565
-697.0917927563053
-683.8687530630012
-682.8215267540188
-697.8113053608322
-694.8615697362072
-671.2127250704816
