-5215.365502266013
-3855.499322855091
-2821.79625503355
-2154.080445946707
-1547.0538791136619
-1309.4941593542221
-1201.0388953477486
-1129.8369677716187
-1084.4894219935502
-1050.3117335890922
-987.8319429300298
-978.7584900222149
-944.4470660446823
-956.1819838246669
-928.1047832818527
-919.1193798225706
-933.2147803146738
-854.7741612116979
-849.5943311907843
-872.8980836330413
-836.9122812255346
-845.2384365755008
-840.8143755563244
-818.7484421470195
-849.4942757851871
-858.7634420101846
-825.5645819280802
-884.7655001546054
-850.7683193653618
-861.0630467901896
-832.0220064316666
-817.7835637695081
-808.9869884141215
-864.568550771095
-804.8694640954991
-777.138623306251
-800.2055611701231
-812.8482264150311
-799.2778553595263
-767.8559832825941
-765.8171165724691
-727.3380528406736
-730.0286396108768
-714.0947000490851
-699.6757328672081
-688.4239094164217
-682.359139222625
-704.5850461082698
-716.0432153253012
-692.3582200452438
