-5162.177083333333
-3817.4609171549478
-2786.4298502604165
-2126.399617513021
-1519.7111714680989
-1292.1197204589844
-1185.3700561523438
-1118.6531168619792
-1088.6282552083333
-1055.288309733073
-1005.1203257242838
-1008.7467905680338
-979.0420430501302
-975.5041961669922
-920.9673767089844
-897.8772328694662
-903.7058359781901
-843.5626068115234
-830.7409820556641
-823.9344228108724
-809.8791351318359
-791.4440155029297
-761.8635304768881
-737.6888275146484
-734.6456960042318
-758.7148691813151
-727.6529337565104
-802.3461354573568
-741.7237396240234
-740.4305114746094
-703.4148508707682
-707.8528188069662
-674.2339986165365
-710.0912577311198
-664.7766723632812
-651.2413533528646
-660.3492685953776
-626.1665547688802
-632.6263529459635
-627.009287516276
-626.9173329671224
-609.1730397542318
-605.3221842447916
-588.2280985514323
-588.1020762125651
-591.2695261637369
-580.5828857421875
-590.0687967936198
-577.3453572591146
-575.2131601969401
