-5159.8655022660105
-3825.23866115533
-2781.696334653495
-2113.3368269776283
-1511.2315913734521
-1286.9839225551102
-1182.2419324889263
-1117.9918004399055
-1089.413112207409
-1052.867315828439
-1000.4601420605625
-1005.9175293209717
-977.4117664662374
-978.9410263309725
-935.4492563055097
-914.649967159283
-923.2994505909871
-873.3815627702895
-856.9609667255966
-888.3647273663892
-833.0588845228918
-826.5397045560336
-811.8971258685231
-783.2507337605348
-792.9547063183145
-801.7785627327996
-777.0633717950707
-1030.3031144345819
-822.1544042323118
-790.8609107477234
-794.8567138192977
-747.5111662387523
-701.4124944224455
-731.374182863771
-667.7553953147187
-663.3799441982077
-653.4757781714864
-633.2542757550444
-628.8438235171745
-636.7023243098866
-636.2034717738284
-617.4766118598643
-608.3940012088141
-595.0793499018635
-602.690157268252
-601.4311184487073
-589.1471632168847
-606.0335135571219
-589.5219489397693
-588.6966781114413
