-5159.8655022660105
-3813.089679631122
-2778.3113993861725
-2115.9164298417954
-1511.3724259753985
-1280.7270628048097
-1174.027843936739
-1102.5480811272928
-1060.157822516166
-1023.8208546458139
-965.2722518328277
-947.2227866550841
-907.3606929867456
-919.3644433126753
-887.7558501516065
-879.6104421181593
-894.9697182955881
-826.4562710801805
-841.916782636509
-846.5285390000257
-818.9079650029219
-823.5540865355299
-826.6971748540755
-804.6687994341931
-832.1746925218855
-871.163913721316
-829.8253549997065
-934.0415110994156
-846.639601220777
-877.6724900404888
-827.9117843852184
-802.9180811914937
-777.1165109070757
-814.0001134606574
-768.8350417474223
-749.7176450319716
-754.4118239088209
-751.4694877397251
-737.1897985088773
-750.3423456766599
-744.9545544234513
-699.341636037642
-676.5940595087441
-667.898833530421
-679.163591349621
-673.3218732361056
-686.2217115701058
-698.4967872985229
-703.7867597476001
-674.6922208739304
