-5148.76550226601
-3803.8327735910652
-2773.4730933032797
-2116.6470420075734
-1508.5588536688788
-1280.8793522706062
-1173.9522562043526
-1110.299503311885
-1080.467141961515
-1045.1261007452815
-995.1269415035333
-998.4326227258971
-966.4069936788874
-959.6834379271074
-921.2212286248599
-897.9223304560122
-905.1998039975276
-842.181959360178
-836.5117261079242
-835.2583672050426
-811.614998118095
-789.2948758888269
-758.6398459403088
-738.4826903271562
-728.1918821899292
-756.0810367274264
-729.1429300887906
-796.1902840879127
-750.2792605178062
-736.2958642961078
-695.6387219814778
-715.6553644484504
-694.2519710990754
-722.7609497351679
-670.4148746358564
-644.6858367384376
-651.126565943681
-630.3148536640108
-626.5972363272328
-622.4822787840452
-623.5326228481929
-609.4801421675036
-599.9439169526239
-581.9205654643163
-589.316294935468
-590.2281869178257
-581.5411029685713
-598.2730677613886
-583.93944390557
-580.4685109684817
