-5162.177083333333
-3815.9990030924478
-2780.3595174153647
-2115.351806640625
-1512.3084208170574
-1282.4891357421875
-1176.0894368489583
-1105.8853149414062
-1061.6494038899739
-1026.5463053385417
-964.3410034179688
-951.2045186360677
-912.0523274739584
-922.0873514811198
-887.3702341715494
-885.9959055582682
-911.6112976074219
-838.6792144775391
-835.6315663655599
-851.9737447102865
-822.1552581787109
-824.2543233235677
-817.8679148356119
-790.7294565836588
-820.1117655436198
-817.0917358398438
-797.6376139322916
-859.8319803873698
-815.3785756429037
-841.0382029215494
-793.7085774739584
-773.0733642578125
-761.8404846191406
-802.2680613199869
-767.5163930257162
-745.051747639974
-750.4892883300781
-756.7285614013672
-720.6159871419271
-755.2624918619791
-719.4237314860026
-681.7535196940104
-671.6674296061198
-669.0266316731771
-669.8597157796224
-656.4789072672526
-660.5031178792318
-674.7655537923177
-673.7721608479818
-653.9842325846354
