-5148.76550226601
-3805.2718981392536
-2773.516232119121
-2114.016441869096
-1507.175482164621
-1280.8590097731994
-1174.3880556406255
-1107.8082925891542
-1075.3853524990823
-1039.1712280601694
-988.259993880758
-989.0602686772838
-959.6754445905251
-955.4970678086377
-880.2848119922683
-853.7858267431841
-857.0499557970883
-801.6428741508704
-801.5279991289588
-819.8598682231374
-787.9451419772205
-773.2637558091327
-758.7175493439238
-736.8166852785287
-738.4177713461685
-763.7982592209356
-734.1275582393467
-857.7808865345565
-749.098366107541
-714.5242293614945
-685.9226219366516
-686.5266048063874
-658.8245802144736
-693.8864810421471
-663.3745466838338
-640.4310071101128
-654.1535106821777
-626.6016798601393
-624.5842433955252
-622.0765721777382
-626.6407382538157
-612.2743270128578
-602.4302977490995
-586.4071658983452
-594.4924824924123
-595.7849131636978
-597.631588781074
-606.5590076770051
-596.3577949949757
-580.3854408495324
