-5215.365502266013
-3858.664817379979
-2821.495519264285
-2149.8095651521858
-1545.2134084803865
-1309.4506442181664
-1201.4411058592373
-1131.2159015755378
-1090.4144743701193
-1058.36052203708
-992.9584111884103
-977.6036305585801
-939.968508400321
-950.4140704940006
-917.930695669329
-908.2253969287063
-930.2389392252915
-865.5198526851148
-873.6514027859018
-883.005927335581
-838.3792717473322
-865.3208772094118
-857.0185263965686
-835.1212200874886
-862.3758148722894
-867.2544730504706
-921.2070916888006
-899.6203637320687
-862.3356712594634
-1059.741198789763
-877.0614856860324
-855.0570664475284
-814.1021146180212
-1438.413249793685
-823.1077985770675
-772.5598094818151
-790.3272586355549
-793.5837399410171
-756.0172746625177
-736.1866126172544
-725.8308898379601
-703.0210904775838
-693.1803578187805
-689.4204507207518
-688.8711236394154
-683.612538970671
-681.3353074170802
-690.1558487792556
-694.193356793605
-666.1095414553662
