-5148.76550226601
-3802.3993228550908
-2769.8962550335514
-2110.5804459467063
-1505.353879113662
-1274.9941593542221
-1168.338895347749
-1096.2369677716197
-1050.5894219935503
-1013.411733589092
-953.6319429300299
-943.058490022215
-910.5470660446812
-923.781983824666
-896.0047832818531
-888.2193798225695
-902.0147803146726
-826.8741612116974
-818.6943311907849
-842.8980836330427
-809.0122812255347
-817.0384365754999
-810.5143755563247
-787.8484421470193
-823.0942757851874
-829.363442010184
-798.8645819280804
-858.365500154606
-824.068319365361
-833.46304679019
-807.7220064316672
-788.3835637695086
-779.8869884141212
-837.8685507710974
-770.0694640954995
-745.0386233062515
-774.1055611701233
-781.948226415031
-768.9778553595261
-739.0559832825941
-736.1171165724693
-699.4380528406739
-700.0286396108772
-683.4947000490854
-671.7757328672079
-657.2239094164224
-654.4591392226247
-675.7850461082704
-685.1432153253015
-661.7582200452441
