-5215.365502266013
-3857.5896796311217
-2825.1236985298483
-2158.767249505706
-1549.840583568719
-1315.6922773990707
-1206.9458948503916
-1142.3624813124045
-1110.3893468028687
-1083.2079402019622
-1023.7833648535621
-1029.8931698971342
-1001.3994713393173
-998.7531291839138
-959.1029827341494
-928.4742464716753
-933.4137891110471
-866.0964900280218
-860.1422976151316
-860.6405776121001
-819.5602731166015
-811.4461628776985
-793.5237161294064
-773.8610884668558
-769.407575946935
-817.428322213171
-783.8905484330247
-894.1849661194103
-804.5157706385137
-763.2213431961853
-724.9941285851264
-734.2284641659754
-710.9916040121353
-773.1880979278169
-704.1911480369906
-693.9991679883469
-708.9628479472515
-685.5870295793308
-682.8371499166153
-665.6683561726321
-666.6173501602386
-650.0839429856054
-639.6555100345225
-624.1350104003491
-631.5610599522413
-628.7014893290508
-637.8575095174904
-644.394427679807
-630.5600209287811
-615.5903387907213
