-5162.177083333333
-3817.4649861653647
-2786.4276529947915
-2125.9282023111978
-1519.4734497070312
-1292.1444295247395
-1185.4594014485676
-1119.2145589192708
-1086.9793599446614
-1051.5921325683594
-1000.0894419352213
-1001.0443013509115
-971.3265736897787
-966.9675089518229
-890.4264424641927
-863.6433308919271
-866.4749959309896
-809.7348175048828
-809.8333180745443
-828.024169921875
-795.7361755371094
-780.9981842041016
-766.8148193359375
-744.4972737630209
-746.4712422688802
-770.4599049886068
-741.1060434977213
-864.450673421224
-755.1552937825521
-720.9059346516927
-692.435791015625
-693.8504638671875
-666.2312215169271
-700.9527943929037
-670.3990936279297
-646.6454467773438
-660.0462086995443
-632.3031158447266
-630.4365692138672
-627.6525828043619
-632.6505533854166
-617.8306732177734
-608.1368357340494
-592.4368489583334
-599.9634501139323
-601.3624267578125
-602.3344675699869
-611.3741505940756
-600.9864705403646
-586.2086690266927
