-5148.76550226601
-3805.2754187897344
-2769.554882943155
-2106.8850370345453
-1503.5317064601982
-1274.975369257784
-1168.883848169965
-1096.6825013430166
-1052.2167991859708
-1017.864385314451
-959.5089744127506
-947.1716850399667
-908.7490175273233
-930.2745085615725
-905.462777770831
-903.8739981778878
-918.6310914603009
-842.1510911255506
-834.5217478299073
-876.3295352333078
-835.6446936825112
-853.4689918178468
-833.5282601072437
-805.2161457330117
-858.457402990909
-872.4812686089401
-857.7144200726198
-865.6837321135783
-841.4143119834349
-876.7681194432938
-820.6098525961364
-768.8836113052137
-758.6912051940196
-853.1953684442293
-774.2856400348923
-745.3649212787839
-769.6438010684577
-786.3533079165459
-730.3701083804413
-702.209966844342
-706.7794317410672
-674.697424796195
-663.4552078114154
-644.7269220730414
-661.419176859837
-648.7674058540156
-646.7838295221325
-662.4738148796429
-661.0010516365965
-636.4595335647389
