-5148.76550226601
-3808.120786569768
-2769.4940160856345
-2105.0243261366563
-1502.785114291413
-1274.961541089195
-1168.9388169020035
-1096.8951325039707
-1053.1354135596737
-1015.7427437825448
-954.2464755279194
-940.758683749985
-902.570904250963
-914.9042553517638
-884.7369175597353
-885.2812569192268
-886.985390131855
-824.4537768465218
-833.5602898860861
-854.9768315989566
-821.6055372554608
-814.019839812178
-807.7627930752321
-782.9254000674248
-818.9199980307869
-825.2124452824986
-824.3002459709007
-881.1983203875404
-829.0231374233232
-845.7645978278877
-827.1645042833122
-848.1389266682967
-923.219448080223
-891.3279669978303
-796.3387993273207
-749.1814113474811
-769.5868795712233
-818.4787123470813
-743.2061985345724
-726.0385839635344
-732.225869579338
-700.2099857830635
-706.0231989882475
-687.2248833683973
-676.3353940697448
-673.0495545128641
-673.9901087889066
-696.4824688134225
-704.4494556897278
-666.0994961386788
