-5166.107421875
-3829.3932189941406
-2782.6953735351562
-2110.7757568359375
-1512.1187438964844
-1284.6609344482422
-1180.0784759521484
-1108.8132019042969
-1062.2103424072266
-1026.2358703613281
-968.4777221679688
-955.2070999145508
-922.9208297729492
-938.1026458740234
-899.7002487182617
-882.9961166381836
-903.3957214355469
-840.6676330566406
-826.3103103637695
-840.1470413208008
-818.6075592041016
-834.578498840332
-830.913215637207
-822.7094421386719
-1033.7660827636719
-849.9869918823242
-828.6624984741211
-853.1836471557617
-822.8528671264648
-838.9429092407227
-806.9397277832031
-787.9490432739258
-753.7344818115234
-790.8448791503906
-766.5445404052734
-744.6128921508789
-761.1991424560547
-738.0614776611328
-732.7025909423828
-742.0461883544922
-742.2227020263672
-706.640754699707
-699.1754150390625
-686.8935012817383
-690.3147048950195
-681.6997528076172
-678.0860824584961
-697.5812530517578
-699.7297286987305
-665.5341644287109
