-5215.365502266013
-3857.592605220125
-2825.122219108937
-2158.301933541351
-1549.6011376295364
-1315.9654722621283
-1207.282971810184
-1141.6444387879362
-1110.6663628560011
-1080.709386615161
-1029.2862796369188
-1031.5951002951128
-996.5656795938994
-992.5804347917623
-951.045570183934
-924.8861879006627
-929.922052052634
-860.0695523997374
-857.9645905481912
-857.1903780032724
-810.1211199337547
-799.8676834946134
-786.3733656272605
-767.0330101402271
-761.8364749857435
-769.9133826282283
-743.0451643120771
-805.4613093912147
-737.5148145673917
-716.2912463076043
-690.2999395897309
-694.3930270664744
-673.9611995343369
-699.017547978255
-668.7880855465748
-658.5579106555318
-673.7446699682118
-648.4436833493781
-639.1266347540268
-637.7967785216264
-637.8700565783156
-623.1895405021653
-618.1913570028793
-604.1243695178953
-607.8942222178442
-616.9513352705334
-601.7654485833937
-612.477691247938
-603.1862344595736
-599.3325800490177
