-5159.8655022660105
-3814.164817379979
-2778.245519264285
-2114.5595651521867
-1510.7134084803859
-1280.7006442181669
-1174.1911058592373
-1103.2159015755383
-1062.6644743701181
-1027.3605220370803
-964.2084111884096
-947.6036305585794
-911.718508400321
-922.1640704940015
-891.6806956693293
-881.7253969287058
-903.4889392252928
-841.2698526851163
-845.9014027859021
-856.0059273355821
-815.3792717473332
-843.0708772094116
-833.2685263965686
-807.6212200874886
-839.1258148722893
-844.2544730504702
-900.2070916888002
-877.1203637320687
-840.8356712594617
-1038.7411987897638
-856.0614856860323
-825.8070664475272
-787.6021146180213
-1417.663249793685
-797.8577985770673
-748.8098094818149
-769.0772586355548
-772.5837399410178
-736.0172746625175
-718.6866126172538
-705.0808898379604
-683.2710904775834
-673.1803578187802
-666.9204507207519
-670.1211236394157
-662.612538970671
-663.58530741708
-672.6558487792555
-679.9433567936051
-650.8595414553672
