-5215.365502266013
-3857.590648315921
-2821.3009658855262
-2151.482523790492
-1546.0316812726837
-1309.4817552198951
-1201.3146070142395
-1131.1741337004316
-1087.963378457581
-1056.2853074637103
-993.8632482709676
-977.8560146609965
-937.3206592106008
-945.4301445305184
-910.4328469625873
-907.8679420239529
-925.7772975698074
-850.7502562036834
-866.8912912025692
-873.5014536531186
-837.1478653565418
-843.5336961514573
-828.5828497995944
-816.710935296855
-881.9644600661488
-869.7164576584971
-1656.3725528115585
-892.312812877911
-864.7535057626965
-838.8412770441046
-788.522874291438
-809.3891454495896
-798.6687270808246
-854.6656827220343
-798.6033514888315
-769.4667662614409
-811.9964847878481
-811.65910838005
-770.1819461859347
-769.2156167203367
-746.0267100642864
-707.258834192995
-704.6861458478537
-690.0104692811702
-696.1050017448107
-688.1817495989046
-679.4253225633704
-707.8340495698905
-831.0801713749909
-678.0580020483892
