-5215.365502266013
-3857.5867023022533
-2821.330933689529
-2151.958619454888
-1546.2678486534398
-1309.4715008477428
-1201.2213880583254
-1131.3832359962348
-1087.9995719635308
-1055.8503434101547
-993.6982839730317
-982.7094090067715
-939.5172879601683
-950.0987436220839
-917.0509500761209
-904.8252794911352
-922.9712460363278
-846.5584918925485
-853.0365869368512
-873.8327462179861
-836.6048715498213
-849.1752172984397
-833.0079478132942
-822.6372690620286
-852.5379370679286
-859.1540268689645
-864.2394093373221
-908.3644092934067
-833.317191505231
-901.1576198398989
-831.8539037615916
-805.336429667773
-793.0795868656555
-840.2443420546364
-808.4331862588989
-782.7519061990665
-793.9194628353952
-775.9803079675215
-763.7037032360038
-768.0299104619863
-752.8153940957916
-711.2331516292943
-700.6723182453242
-690.7972985388942
-693.2409017359599
-686.8757405950176
-683.5643786492117
-706.6917631479789
-706.6667240123937
-674.3245500606652
