-5156.8146484375
-3810.6181518554686
-2776.32763671875
-2114.2744140625
-1510.0697448730468
-1279.7129760742187
-1173.096826171875
-1102.5172241210937
-1059.4408142089844
-1024.4328125
-964.9583282470703
-951.8978393554687
-910.3263153076172
-921.7359375
-890.0438629150391
-878.1184295654297
-896.2996551513672
-822.29638671875
-825.379263305664
-846.9998107910156
-815.34453125
-825.8396606445312
-808.3882476806641
-796.4694610595703
-831.9438018798828
-837.0159942626954
-842.4051025390625
-886.0402282714844
-814.4695587158203
-881.8232727050781
-813.6222259521485
-780.0253112792968
-769.9149230957031
-822.9181579589844
-782.179898071289
-759.1727691650391
-771.1653350830078
-758.5351165771484
-743.3884918212891
-752.7554229736328
-733.6123168945312
-689.4223754882812
-679.1459838867188
-665.8607391357422
-672.8061981201172
-665.9305694580078
-662.634976196289
-692.3684783935547
-690.7781005859375
-659.2430999755859
