-5159.8655022660105
-3814.171898139255
-2782.1162321191214
-2121.1164418690964
-1514.1254821646207
-1286.7090097731993
-1179.8880556406257
-1113.4582925891543
-1081.0853524990828
-1045.4712280601702
-994.0099938807582
-994.9102686772842
-965.2254445905253
-960.9470678086376
-885.3848119922684
-859.2858267431841
-862.7499557970883
-806.4428741508704
-806.527999128959
-824.9598682231378
-792.7451419772204
-778.1137558091326
-763.917549343924
-741.7166852785286
-743.5677713461685
-767.9982592209356
-738.4775582393468
-861.8308865345565
-752.7983661075411
-718.6242293614944
-690.0726219366516
-691.4766048063872
-663.8745802144736
-698.6364810421471
-668.2245466838341
-644.6310071101127
-658.103510682178
-630.5016798601393
-628.634243395525
-625.8765721777386
-630.8407382538156
-616.1243270128577
-606.4802977490993
-590.6571658983449
-598.3424824924123
-599.6849131636977
-600.8315887810741
-609.9090076770053
-599.5577949949757
-584.5854408495325
