-5158.8255615234375
-3813.697967529297
-2783.837142944336
-2125.3797607421875
-1518.1843795776367
-1290.380744934082
-1183.6707077026367
-1118.7282638549805
-1088.9537353515625
-1055.9664154052734
-1005.5563049316406
-1008.8653411865234
-980.3344497680664
-973.0427894592285
-933.228271484375
-904.6211471557617
-901.5063438415527
-843.1504096984863
-840.4521942138672
-849.324520111084
-826.6564788818359
-804.791934967041
-782.7367515563965
-765.970344543457
-767.0789108276367
-804.6455192565918
-768.517204284668
-848.243335723877
-798.0204010009766
-768.4662666320801
-722.6620407104492
-728.0791893005371
-704.981258392334
-737.2628440856934
-695.7424964904785
-678.7301445007324
-689.5745964050293
-666.9990425109863
-663.816333770752
-653.3881378173828
-647.9681549072266
-624.8692779541016
-621.980785369873
-605.8617935180664
-613.4510650634766
-614.9370346069336
-600.8688926696777
-616.2354736328125
-601.0495071411133
-588.626522064209
