-5215.365502266013
-3855.499322855091
-2825.800713830313
-2160.5979219942396
-1550.7833739721245
-1315.6868269963875
-1206.5156913503927
-1141.5307507509408
-1107.08403746053
-1077.5259902605749
-1020.3951874988346
-1026.423065736079
-1000.0126363380359
-1001.1290783736856
-959.5382839547741
-941.6100015951012
-934.9228190511067
-874.9603111349683
-869.344440120269
-884.8733841016068
-866.8921562223268
-837.4423491928492
-818.7497424159687
-788.8656854916662
-789.9958046250541
-785.2468418030588
-762.2546476973307
-881.0201471178383
-797.056228113637
-771.9947668390778
-749.5558427110949
-717.1562866979328
-689.0841457806561
-707.3752832897034
-670.5615756223102
-670.1922871839697
-675.4048870291092
-643.9726915049654
-639.0302141597452
-642.9215206456557
-647.8222252178823
-630.9328503279795
-623.8372550178617
-611.4514582629013
-613.6590243776369
-613.8631962106132
-599.6900326495132
-614.6133561273547
-606.1570753331955
-604.3859815760172
