-5156.8146484375
-3812.104052734375
-2782.2788330078124
-2123.6672607421874
-1516.711669921875
-1289.3339111328125
-1182.7223266601563
-1118.1356262207032
-1089.0967834472656
-1058.2420837402344
-1007.6954559326172
-1008.2630554199219
-975.0429473876953
-976.3355010986328
-934.1945678710938
-906.7949188232421
-908.2207244873047
-831.4412536621094
-824.4999725341797
-835.7389343261718
-814.80478515625
-792.7786437988282
-772.0251922607422
-754.4692657470703
-746.420034790039
-761.651089477539
-734.9139892578125
-800.2668487548829
-746.18525390625
-740.1475952148437
-701.5469604492188
-709.0119415283203
-696.3640380859375
-731.4252838134765
-702.2697479248047
-679.6884185791016
-699.888314819336
-671.9192352294922
-665.6183532714844
-648.2956420898438
-637.6610290527344
-621.1903503417968
-615.4459533691406
-596.38525390625
-600.9584411621094
-618.560678100586
-600.1241912841797
-605.0274383544922
-596.8760620117188
-581.8906280517579
