-5215.365502266013
-3857.5900192547633
-2821.2928664744804
-2151.639372048875
-1546.106032225221
-1309.4698305530487
-1201.2404873282453
-1131.229990231732
-1089.1372073103244
-1054.1320179883971
-990.471326978454
-980.3902597687878
-939.2422046267129
-952.1828489103798
-911.0727509940459
-894.768479556129
-913.1227413065814
-856.9107651764677
-878.0039220045543
-878.6965700639679
-840.7209446138579
-851.7507217511773
-845.4583319757749
-805.471560725154
-846.2606136834614
-862.8658565638046
-856.9792081464497
-979.0367241368574
-926.5458789676059
-1108.374960397748
-880.6133149661189
-852.5506779804716
-830.3617195293924
-1179.3817336000225
-833.0240210220672
-825.3554001903224
-833.0581929280909
-793.7896535065553
-798.3694045027919
-766.6093502359423
-792.6281059417859
-768.368618564291
-770.9768045853442
-769.6875885011353
-742.6966645629335
-728.2007011200958
-726.8570436523144
-731.5739602642877
-748.3038020067204
-695.458430654735
