-5156.8146484375
-3808.7913452148437
-2776.529541015625
-2115.8702880859373
-1510.8566833496093
-1279.7357421875
-1172.914794921875
-1100.9710571289063
-1055.4031372070312
-1018.6303955078125
-958.5641662597657
-948.20986328125
-915.5184539794922
-928.6095458984375
-900.8336456298828
-892.9399841308593
-906.808071899414
-831.3052307128906
-823.5220489501953
-847.6505645751953
-813.5456665039062
-821.6435668945312
-815.4083679199218
-792.8506164550781
-827.5876342773438
-834.2576538085938
-803.4722778320313
-862.9713836669922
-828.7540740966797
-838.2990600585938
-812.20107421875
-793.5199340820312
-785.0252502441406
-842.7549560546875
-775.9767364501953
-750.6563262939453
-779.0319091796875
-787.48955078125
-774.482797241211
-744.414028930664
-741.612661743164
-704.747216796875
-705.6156799316407
-689.1776580810547
-677.154507446289
-663.0208557128906
-659.8739868164063
-681.3216064453125
-690.949917602539
-667.546484375
