-5156.8146484375
-3810.2627075195314
-2776.3531860351563
-2114.8613403320314
-1510.3489624023437
-1279.7208312988282
-1173.0841796875
-1099.0463623046876
-1055.8907165527344
-1020.2158874511719
-958.320687866211
-946.0356323242188
-904.0865295410156
-910.8798370361328
-874.4105651855468
-862.3944641113281
-869.7140533447266
-812.036962890625
-822.0158874511719
-820.0488372802735
-799.9394775390625
-795.6757507324219
-785.3126251220704
-759.9559814453125
-791.6213775634766
-808.2130462646485
-784.0209503173828
-1164.487744140625
-845.6617645263672
-1094.8485229492187
-835.5078887939453
-780.1003570556641
-755.9348266601562
-1088.8144775390624
-768.2955749511718
-750.2708740234375
-747.0373840332031
-909.1713439941407
-710.1628173828125
-704.5481903076172
-707.2177001953125
-682.6181518554688
-674.2585632324219
-660.7038269042969
-677.2231262207031
-667.3368316650391
-675.8113250732422
-689.2154266357422
-694.9327026367188
-661.8778106689454
