-5148.76550226601
-3805.264817379976
-2773.4710643929857
-2114.608765183546
-1507.4742710915002
-1280.8284309866588
-1174.2766327786835
-1111.9997081318245
-1083.2921979192067
-1044.8029788838498
-997.0449497327469
-1001.9907185102759
-974.2708497484215
-973.4004296133411
-938.4608440137163
-913.9307244424257
-926.0020089590496
-846.5068715796884
-830.1122067205376
-834.9700835331047
-818.7513214796729
-794.0494756275377
-778.8376500036286
-758.9378986874295
-755.1041265878214
-791.6421294363483
-779.8832876158574
-964.6248314684351
-789.1054501720693
-733.0327064939839
-701.4369324344082
-713.496096971975
-687.9057454698841
-740.4239289344946
-683.366144567394
-686.4811368161136
-704.3883194112984
-668.5707928540676
-654.4530683332002
-644.916522300976
-640.8977132680735
-617.1020228045697
-614.4622869570718
-601.5166208556886
-614.2978011474414
-612.2391269943871
-608.3209146150775
-621.9383694229338
-601.1569908198024
-598.5101017461234
