-5159.8655022660105
-3811.2493228550907
-2778.546255033551
-2117.830445946707
-1512.3038791136617
-1280.7441593542217
-1173.788895347749
-1101.8369677716194
-1056.2394219935504
-1019.5617335890922
-959.3319429300298
-949.0084900222146
-916.1970660446814
-929.1819838246662
-901.3547832818533
-893.3693798225701
-907.2147803146727
-831.5241612116973
-823.8443311907844
-847.898083633042
-813.6622812255348
-821.7384365754993
-815.5643755563244
-792.9984421470194
-827.4942757851875
-834.2634420101842
-803.3145819280802
-862.7655001546063
-828.5183193653613
-838.0630467901899
-811.772006431667
-793.2835637695086
-784.7369884141212
-842.3185507710969
-775.8694640954994
-750.3886233062515
-778.4555611701232
-787.098226415031
-774.027855359526
-743.8559832825941
-741.0671165724692
-704.0880528406738
-705.0286396108772
-688.5947000490853
-676.4257328672081
-662.4239094164222
-659.1091392226248
-680.5850461082704
-690.2932153253016
-666.8582200452438
