-5215.365502266013
-3857.592605220125
-2821.2780451137032
-2151.1608767276825
-1545.8735549169255
-1309.4881171806635
-1201.3783556812232
-1130.8019246420793
-1087.5172873577346
-1052.9809904886954
-986.1996458471516
-975.9491777061982
-935.4717298070015
-945.2094134129662
-911.8215419079743
-904.1967485089987
-926.1242989308469
-865.0585511674219
-867.9468313952235
-892.3311436063708
-851.1246218952786
-861.9273758659459
-856.9250292061461
-842.9518590901368
-849.8864560559666
-857.5551551648956
-826.6865929479047
-941.8571053935855
-867.9961981246197
-908.0159913760372
-871.139660713338
-859.2860615190441
-846.3360457503261
-878.5483039616608
-846.8427960718561
-820.6197786379774
-834.0258667496353
-820.6298206834872
-812.0400303943334
-787.2017414876196
-770.5543005053878
-729.4338620706504
-720.8110445051732
-704.6681704051306
-713.7126186323892
-708.5136410805906
-711.5875096159955
-747.1262490594366
-773.927932124235
-725.1767621490968
