-5156.8146484375
-3812.0822265625
-2782.2800903320312
-2124.651574707031
-1517.2182739257812
-1289.3004638671875
-1182.389630126953
-1120.2096740722657
-1089.8167663574218
-1057.4795715332032
-1008.1426818847656
-1010.8078582763671
-979.0196044921875
-969.1871337890625
-930.3813415527344
-904.4782836914062
-908.0026336669922
-843.5680786132813
-836.2907745361329
-839.7259918212891
-819.9782104492188
-815.3703155517578
-793.0898254394531
-765.6523559570312
-761.9349761962891
-759.9587829589843
-738.4975708007812
-818.5968505859375
-760.6298889160156
-759.8070190429687
-716.6742584228516
-713.9142425537109
-687.2792938232421
-739.4653472900391
-705.3848297119141
-685.4612487792969
-695.9840942382813
-667.538525390625
-665.0018920898438
-639.4592498779297
-636.8012878417969
-621.2496398925781
-616.1275054931641
-591.131967163086
-603.910433959961
-601.3384460449219
-586.3230865478515
-602.0843719482422
-583.4447265625
-578.0496612548828
