-5215.365502266013
-3875.118554663883
-2819.5768359443346
-2133.5613960161654
-1539.9515166067858
-1310.1934628741087
-1204.8790133333043
-1134.1625256071677
-1090.1691162965428
-1059.3064491767961
-994.1974449382078
-978.5590257877357
-933.1405180127416
-937.7449063449188
-903.8311443445807
-879.8757587844615
-899.9998651041612
-836.6996905492069
-834.7217314821106
-863.5227631956141
-831.0462096718509
-825.3668717462388
-813.6431425248032
-783.8752361871525
-833.5941800329259
-802.4660013351242
-790.4680023079559
-876.6381623196023
-809.3380339507371
-862.7271833573689
-804.4601805720561
-810.7469479213025
-810.242657277943
-830.6810806360651
-790.8812094009655
-771.1951060582139
-789.3482588140154
-775.7014371937202
-764.7805173129267
-735.7083933678488
-741.8594916837231
-709.9778719392617
-716.809681054471
-722.2095569681668
-706.3504230599234
-679.441769861103
-674.8447175148937
-701.3365411433292
-702.13652829331
-673.0489847435605
