-5162.177083333333
-3815.994873046875
-2780.3936564127603
-2115.8539021809897
-1512.5343017578125
-1282.4697875976562
-1175.9746805826824
-1103.5984293619792
-1062.0701497395833
-1027.0292867024739
-967.6128387451172
-949.5267537434896
-908.2496541341146
-917.7147115071615
-884.7852732340494
-878.1346689860026
-898.1099650065104
-829.3644205729166
-827.3861033121744
-852.8655344645182
-820.06640625
-825.5668233235677
-820.6762746175131
-800.9313507080078
-839.0529581705729
-850.3894093831381
-888.0319620768229
-900.4083201090494
-837.8424021402994
-833.7047729492188
-848.7586517333984
-834.1153462727865
-817.3821258544922
-847.3500671386719
-791.6900939941406
-764.2588755289713
-780.7985432942709
-758.7405700683594
-760.8617146809896
-745.661366780599
-754.1994679768881
-715.2907511393229
-706.2178344726562
-705.9651285807291
-695.1413981119791
-692.1114705403646
-683.4934488932291
-714.1263631184896
-712.6247355143229
-669.281728108724
