-5159.8655022660105
-3814.1690084774928
-2782.1656714107376
-2121.5646135378256
-1514.3500975306338
-1286.702543912067
-1179.8210011136218
-1114.4406590787225
-1082.1596439599093
-1049.6891288158156
-1002.1587073961246
-1002.398184432311
-972.4756047867415
-971.3801978584936
-937.9397583086715
-921.1170252636996
-927.0179873941364
-862.4658708193735
-852.9634744350657
-865.0560707879333
-825.4823985774974
-802.3496276294669
-785.0363280676295
-768.2700623591442
-757.5985162137559
-791.5523062076702
-778.4245199086531
-917.0015253029205
-774.3300488024718
-745.2111783512439
-716.5133425209052
-702.0337496451318
-666.6794547872037
-707.913595423737
-660.6321205951959
-655.2773800739435
-663.7609419884071
-643.0739724875662
-635.8040772125128
-633.2317776562303
-638.6297675189722
-616.1722353609995
-608.6327466075647
-593.3337408515897
-598.1574097748384
-601.6135886722287
-597.4530191679285
-609.8427840879992
-594.0688153198915
-584.4069438255848
