-5148.76550226601
-3804.201331486086
-2773.4896208387336
-2115.0825219120934
-1507.7351483909292
-1280.8595392903658
-1174.292990363569
-1109.7884135117924
-1077.8623793004376
-1042.0381019323797
-994.0292560880886
-999.7598814633408
-965.4322858974876
-963.7243902357237
-918.3431886315715
-901.6581526712871
-899.5066309169963
-839.8049819602911
-831.2822421462358
-837.0595346027325
-800.9019607881793
-779.9417769524869
-756.0344029850557
-736.8850246019364
-740.547107262467
-747.9809029241248
-724.3276562271536
-822.6018264021253
-734.4686681652549
-723.3133730873193
-695.3687091196341
-679.4380700255335
-653.6325077552804
-669.3976993771678
-629.5523087475351
-635.3229628927322
-632.8780031417563
-621.9453138725074
-608.3686235276697
-615.2868498235705
-619.7727081128005
-598.5194300848874
-591.0233383064151
-574.04929183618
-585.8886666561626
-584.524784062817
-576.4779481352616
-589.5452058698064
-576.4426951014082
-572.816986140751
