-5156.8146484375
-3811.7088012695312
-2776.1887084960936
-2112.026220703125
-1508.9957702636718
-1279.7167419433595
-1173.459521484375
-1101.4524841308594
-1057.0302368164062
-1023.0465759277344
-964.5498626708984
-952.2143493652344
-913.7571624755859
-935.174594116211
-910.2918762207031
-908.3417449951172
-923.3534576416016
-846.3309967041016
-839.4617218017578
-881.4127990722657
-840.0032989501954
-858.0096557617187
-838.179086303711
-810.1939483642578
-863.0725524902343
-876.9203247070312
-862.3782592773438
-870.2057891845703
-845.5836120605469
-881.4522003173828
-824.8706146240235
-773.9480926513672
-763.6099975585937
-857.206396484375
-779.3177062988282
-750.6871856689453
-774.5997436523437
-791.2346954345703
-735.6134765625
-707.3360107421875
-711.780126953125
-680.011962890625
-668.7146087646485
-650.1106201171875
-666.5278442382812
-654.3625
-652.2849304199219
-667.8052764892578
-666.9629669189453
-642.1441802978516
