-5159.8655022660105
-3831.618554663882
-2777.076835944334
-2099.561396016165
-1505.7015166067856
-1281.1934628741078
-1178.1290133333036
-1106.4125256071663
-1062.1691162965437
-1028.5564491767968
-965.9474449382084
-948.5590257877362
-905.8905180127424
-910.9949063449192
-876.3311443445809
-854.8757587844606
-873.2498651041606
-813.9496905492067
-807.9717314821085
-838.2727631956137
-811.0462096718519
-802.6168717462391
-788.8931425248031
-759.8752361871527
-813.0941800329251
-779.7160013351241
-769.2180023079559
-855.1381623196015
-788.5880339507374
-839.4771833573693
-780.9601805720558
-784.9969479213026
-786.492657277943
-809.4310806360647
-765.3812094009656
-745.1951060582142
-766.3482588140154
-751.2014371937198
-738.7805173129266
-712.2083933678488
-716.6094916837235
-686.4778719392621
-691.8096810544708
-698.2095569681668
-682.6004230599234
-655.941769861103
-652.0947175148934
-679.3365411433288
-679.63652829331
-649.0489847435601
