-5158.8255615234375
-3813.6951293945312
-2783.838348388672
-2125.8353424072266
-1518.4202575683594
-1290.3578338623047
-1183.4634399414062
-1118.3867263793945
-1088.6068725585938
-1054.392433166504
-1004.7035636901855
-1011.0982284545898
-976.8431587219238
-975.256950378418
-933.0876083374023
-902.8171157836914
-910.4684219360352
-845.5839729309082
-840.2461090087891
-842.7995071411133
-807.047737121582
-791.6473846435547
-771.5492477416992
-759.2481536865234
-747.6306190490723
-767.7377014160156
-746.2092895507812
-822.9204940795898
-742.9432144165039
-734.1801910400391
-700.2921295166016
-695.5303039550781
-673.1154975891113
-709.7891960144043
-694.2519340515137
-665.9038391113281
-689.2097129821777
-649.0162696838379
-648.6948013305664
-637.6579399108887
-638.229907989502
-622.417121887207
-616.3514213562012
-600.6715049743652
-600.9798164367676
-613.7026062011719
-599.5234184265137
-603.1439476013184
-595.9663200378418
-587.9213066101074
