-5215.365502266013
-3857.5900192547633
-2825.1463726715815
-2158.8062266086336
-1549.8601375670664
-1315.6986672380663
-1206.8311849971537
-1143.2605655548105
-1112.7837784108194
-1081.9709579512778
-1029.4990702927294
-1034.1634123918298
-1010.6658403404584
-1005.6528717873083
-958.0260784021584
-929.368266372375
-934.7930069732313
-866.016360281463
-866.9891587324595
-875.6886079484173
-847.1893205929131
-835.3288140155357
-805.8595361412888
-788.5509372721219
-790.5565000767494
-839.2586941364891
-796.8547933502975
-906.2008812104102
-781.1375900213268
-751.8186580212629
-728.3851514277046
-726.3657840873072
-690.7969108584999
-710.0300513747649
-676.217935884383
-672.968953961277
-675.6938078174012
-650.0763563652806
-642.816003955919
-646.039921238634
-653.5544756088293
-636.4859651660621
-630.5470957086825
-614.3779628872263
-621.5941343828671
-622.0076826889954
-609.1013911920861
-621.4004866939033
-610.8753621342516
-606.4539037777647
