-5158.8255615234375
-3813.6848907470703
-2783.8392486572266
-2126.2435150146484
-1518.6353302001953
-1290.33837890625
-1183.2954864501953
-1121.8116836547852
-1095.8525085449219
-1058.656234741211
-1012.6540794372559
-1019.4222297668457
-986.3047943115234
-985.6713333129883
-946.0783195495605
-942.5373725891113
-934.6064834594727
-866.5269241333008
-857.2449989318848
-867.823413848877
-839.7301864624023
-815.4853668212891
-802.2977066040039
-777.4897651672363
-764.4124984741211
-776.6779365539551
-743.0090408325195
-816.8107299804688
-789.0571937561035
-773.5374031066895
-736.5484085083008
-724.3200874328613
-699.5630950927734
-742.6491584777832
-704.9292030334473
-677.3780899047852
-691.471996307373
-659.6872215270996
-661.9050903320312
-638.1435928344727
-638.127872467041
-623.1111602783203
-618.5116310119629
-595.6805534362793
-594.9462547302246
-600.5391578674316
-591.4813194274902
-594.7718772888184
-586.7535209655762
-577.8354339599609
