-5215.365502266013
-3857.2327735910667
-2825.3730933032793
-2159.8470420075732
-1550.2588536688793
-1315.6793522706062
-1206.9522562043526
-1143.8995033118858
-1114.667141961515
-1083.226100745282
-1030.2269415035328
-1033.2326227258957
-999.1069936788872
-990.8834379271068
-953.9212286248592
-929.7223304560123
-939.3998039975268
-873.0819593601778
-866.5117261079251
-866.7583672050434
-835.0149981180933
-817.1948758888273
-788.0398459403089
-767.8826903271557
-754.5918821899288
-783.0810367274266
-756.4429300887908
-823.4902840879128
-777.2792605178053
-764.4958642961077
-722.3387219814781
-746.2553644484505
-725.4519710990751
-750.6609497351681
-700.4148746358562
-671.9858367384378
-677.8265659436817
-656.7148536640104
-651.197236327233
-645.8822787840454
-649.932622848193
-635.5801421675034
-626.6439169526241
-608.9205654643167
-614.8162949354684
-615.7281869178253
-604.3411029685711
-620.7730677613881
-607.9394439055703
-606.5685109684816
