-5159.8655022660105
-3813.086702302252
-2782.125443939819
-2123.2856464457313
-1515.2302282498613
-1286.6794131049674
-1179.4915461059304
-1117.1448788324599
-1086.6782608272426
-1054.4018458949167
-1004.8364336366819
-1007.476686726043
-975.582718438126
-965.7067377324981
-927.8121346176698
-902.7137756316977
-906.8163201088067
-842.4981045384213
-835.3181503345506
-839.0536915164037
-819.0490205922976
-814.4888653129691
-792.5124308126229
-765.0742865756108
-761.2844420137893
-759.5195457917605
-738.1555597795594
-817.5873434522841
-760.1318694500673
-759.5321636303514
-716.3443954185575
-714.037333459769
-687.2653103919571
-739.3960046910515
-705.5756749287901
-685.7122488408967
-696.0595946253839
-667.7190396770395
-665.4206064248446
-639.8702799810495
-637.1999954180965
-621.700011570533
-616.6051051812758
-591.5258333795239
-604.3063599882141
-601.8271355025929
-586.7462737934716
-602.5485519129743
-583.9669527998574
-578.6289374739694
