-5148.76550226601
-3804.190648315922
-2769.7009658855254
-2108.5825237904905
-1504.3316812726844
-1274.9817552198956
-1168.614607014239
-1097.5741337004306
-1054.3633784575804
-1019.9853074637109
-959.9632482709683
-942.456014660996
-904.0206592106008
-912.4301445305184
-879.2328469625884
-880.8679420239532
-894.8772975698072
-824.0502562036838
-835.9912912025678
-843.5014536531177
-813.4478653565424
-817.433696151458
-803.3828497995946
-784.9109352968558
-854.6644600661491
-844.2164576584967
-1632.6725528115571
-867.1128128779112
-838.9535057626972
-813.3412770441048
-761.8228742914376
-780.5891454495902
-769.8687270808247
-830.0656827220333
-770.4033514888313
-741.8667662614413
-786.196484787848
-788.8591083800499
-744.9819461859347
-746.1156167203361
-720.8267100642865
-679.958834192995
-674.9861458478539
-662.7104692811694
-669.1050017448108
-660.5817495989046
-653.9253225633705
-681.1340495698907
-803.4801713749916
-649.858002048389
