-5215.365502266013
-3868.4886611553316
-2819.969816098893
-2140.9419715986214
-1541.8940179390606
-1309.8774817343976
-1203.494516637588
-1131.097877682304
-1087.7137370705634
-1055.5748419681272
-995.0016830485058
-979.2857796893898
-947.5174886089778
-952.2665694977259
-918.9395546004862
-894.3010419593005
-913.4197842498473
-855.5531893825604
-866.2425854342785
-869.4238465822982
-832.2700414457379
-855.5336003407314
-843.672940471309
-818.1026531637219
-859.7834065473426
-846.165051477146
-827.6734854391009
-898.0039234116311
-907.7850527801578
-929.4507349954474
-831.1154284340128
-823.5385416851732
-792.9282612094584
-840.779467029027
-802.9632586162184
-769.9016308329727
-796.0935441306307
-767.3849529582432
-769.5253826634728
-762.3650511632884
-765.1636295565397
-732.6177109173542
-717.107428532079
-713.5480299803091
-731.6931256373683
-706.0958949849067
-711.077499996138
-763.2943689716731
-778.8214477188446
-722.0730382846428
