-5159.8655022660105
-3814.1690084774928
-2778.1875881704286
-2114.2627747913275
-1510.5675478162177
-1280.6921406506583
-1174.0936886228164
-1102.0465956070968
-1059.3332695458073
-1025.5255554019227
-963.5478380533903
-950.8231539963635
-906.3129746357705
-921.7042147252845
-891.3000323232757
-882.3306744514437
-896.8496129973691
-832.5167417438964
-840.6698560403236
-855.3980620233808
-819.3425158474887
-836.1145604906491
-827.3542271849934
-804.4703765922618
-850.9774483733706
-836.9476975906271
-905.9931585738293
-921.1648114521626
-850.8358533486704
-868.8506223196043
-829.7977213358363
-814.1132727613259
-801.3416551025529
-937.2290603133097
-776.1217205779353
-761.0341029225038
-777.2196484304454
-753.2329322259864
-751.8125929180844
-752.7347105552637
-756.0478291205679
-712.5777066394529
-705.8095670006236
-690.3750863257824
-938.7789138518544
-680.0027159519698
-693.1519922806215
-745.1184725846421
-959.3389012409777
-693.5751089627952
