-5156.8146484375
-3812.0855346679687
-2782.2798461914062
-2124.2145874023436
-1516.9916442871095
-1289.3223449707032
-1182.65498046875
-1117.5862243652343
-1083.58310546875
-1049.7460876464843
-1000.7941497802734
-1005.7186645507812
-974.2381439208984
-974.2617706298828
-930.0725250244141
-908.7108154296875
-903.5109405517578
-844.7572967529297
-838.2384094238281
-832.5013549804687
-800.3177917480468
-782.4056793212891
-764.3530334472656
-746.6236145019532
-737.9435546875
-743.8525665283203
-710.8271942138672
-770.4100524902344
-728.2011901855469
-737.3761016845704
-704.5538452148437
-707.7555267333985
-679.8377838134766
-707.13505859375
-682.5883605957031
-656.7251892089844
-671.7136901855469
-640.9843780517579
-639.0503021240235
-625.2781066894531
-627.1320770263671
-612.5368713378906
-607.5162200927734
-588.7232025146484
-596.1369934082031
-602.4196624755859
-590.1444396972656
-598.8249084472657
-590.2217803955078
-578.8792663574219
