-5148.76550226601
-3808.602345844921
-2773.402549934366
-2111.4214325959747
-1506.0605957670352
-1280.8752139841304
-1175.821689957153
-1111.0094819299666
-1076.2373240659063
-1040.9616199403804
-991.345377526976
-999.2005935505049
-971.3507820925558
-977.7684059873834
-929.4093255347356
-906.648921427524
-906.1340976491041
-846.7859029397581
-840.3814762159869
-841.230146752367
-797.9857842331492
-791.1225078269596
-762.8260129428611
-750.9622777153467
-738.8739739872473
-780.205463368004
-750.225192227274
-832.2910263335862
-747.3104389450949
-722.859820202314
-688.5344801713939
-689.2687140646448
-669.7330900085751
-711.0906304200843
-664.2210922699549
-644.9254013020736
-662.0822402025528
-635.7764110965884
-625.0496442281924
-619.278250631364
-627.3319756215164
-614.0274192153239
-605.5657828074621
-591.6475946844943
-602.7188927214004
-596.4229652261527
-588.5140214733434
-594.8967099985788
-583.0428637617018
-577.3883921021942
