-5148.76550226601
-3805.2735917377818
-2773.518692755828
-2114.019254388716
-1507.1770698089422
-1280.8596684478841
-1174.3882224871063
-1111.698492383115
-1077.7481243809118
-1043.9991292361383
-995.2998591006515
-1003.7464159768409
-970.2500801754497
-970.0910164159247
-929.9958499653148
-906.0330040728674
-914.5155248945957
-852.3125243325896
-845.09354381097
-845.0392579182741
-819.8194909348388
-790.718701027745
-773.234244884646
-747.5757052450581
-756.0205648700393
-765.7174970252524
-730.2695015319533
-846.3460285972466
-791.3807341419856
-792.2210248243368
-741.9496083696666
-762.6426029974361
-730.5017454488628
-771.5808127826355
-699.4003578375988
-673.1727435501379
-698.2114115458755
-663.9197873055912
-658.5990391068763
-637.4780484631339
-634.27346505401
-616.32219450077
-609.877074234564
-594.6499682070034
-600.681880917206
-604.9866995524986
-586.771656762859
-596.1791963228906
-583.5108113643706
-574.9397841696689
