-5159.8655022660105
-3825.23866115533
-2777.4698160988933
-2105.941971598623
-1507.64401793906
-1280.877481734397
-1176.7445166375878
-1103.097877682304
-1059.4637370705623
-1024.8248419681272
-966.0016830485058
-949.7857796893907
-919.0174886089775
-924.5165694977266
-890.6895546004873
-868.5510419592999
-886.1697842498479
-830.5531893825598
-839.4925854342797
-841.4238465822973
-808.7700414457381
-831.5336003407317
-815.4229404713097
-790.852653163722
-834.2834065473444
-821.665051477147
-802.6734854391009
-873.2539234116311
-882.7850527801589
-905.9507349954476
-809.1154284340125
-796.5385416851726
-767.6782612094582
-815.5294670290276
-776.2132586162184
-746.4016308329726
-774.8435441306303
-744.1349529582433
-744.7753826634727
-742.1150511632889
-743.1636295565402
-711.6177109173542
-695.8574285320785
-690.548029980309
-712.6931256373683
-685.3458949849069
-688.5774999961384
-738.7943689716731
-746.8214477188444
-696.823038284643
