-5162.177083333333
-3814.5317179361978
-2786.6324666341147
-2129.6700846354165
-1521.3831278483074
-1292.1149088541667
-1184.589823404948
-1119.2786661783855
-1084.4805908203125
-1051.9087219238281
-997.2469024658203
-1003.3066864013672
-977.8858184814453
-978.9455718994141
-937.4210001627604
-919.8380635579427
-910.5838012695312
-851.9166463216146
-845.9967753092448
-859.6690775553385
-846.3059641520182
-814.4739583333334
-794.9253590901693
-766.6210327148438
-770.0425618489584
-765.5279541015625
-741.9846343994141
-863.4647725423177
-781.3233795166016
-759.7362721761068
-739.3059794108073
-704.0883433024088
-675.7686309814453
-694.6161448160807
-653.0606689453125
-653.6141001383463
-658.5823923746744
-625.808349609375
-617.6945495605469
-624.7664896647135
-629.8637542724609
-611.2627309163412
-602.6341196695963
-590.7657114664713
-594.4492899576823
-593.4102427164713
-580.9174601236979
-595.7815500895182
-586.3325703938802
-584.2878774007162
