-5148.76550226601
-3804.208797279399
-2773.523809275136
-2115.1516217995663
-1507.7742241895198
-1280.8777055938804
-1174.3112607767014
-1109.4626948444165
-1080.2596810672487
-1048.9746185659444
-998.7134053700483
-999.1352562027263
-966.1351846729252
-967.6380840753138
-926.0428226630847
-899.8184929826584
-901.4458575259605
-825.721561527793
-818.5769311051815
-829.9408981576337
-809.4212414848505
-787.3904646348329
-766.3457617310802
-748.9375795577171
-740.768906278186
-756.7072903909664
-729.763137111307
-794.6930461755436
-740.5654971868006
-735.0051015789799
-696.5606441141587
-703.9701644764235
-691.2652539813655
-726.6100181910235
-697.355204992629
-674.8652370366506
-695.1402003429691
-667.3171757812528
-661.1433840130376
-643.7790609330634
-633.3405218843393
-617.1025748295808
-611.2570689514437
-591.8549592793054
-596.7772714848944
-614.4556812656851
-595.7665682407618
-600.8021068801024
-593.029677191907
-577.8251021596275
