-5162.177083333333
-3814.9146321614585
-2780.4598999023438
-2117.3612263997397
-1513.2644755045574
-1282.4926147460938
-1175.7836303710938
-1104.3756510416667
-1062.029073079427
-1025.8392028808594
-967.2371470133463
-949.3099212646484
-909.3817138671875
-921.4435017903646
-889.7992553710938
-881.5652669270834
-897.011973063151
-828.4517466227213
-844.0822601318359
-848.7495930989584
-821.0071919759115
-825.741689046224
-828.9826100667318
-807.1154123942057
-834.5221099853516
-873.561289469401
-832.1311391194662
-936.3422495524088
-849.0023600260416
-880.1014811197916
-830.2829335530599
-805.5815582275391
-779.8185323079427
-816.4580485026041
-771.5723876953125
-752.4392395019531
-757.0840250651041
-754.0079905192057
-739.8845265706381
-752.9001719156901
-747.7073008219401
-702.189453125
-679.5176645914713
-670.820790608724
-681.968495686849
-676.3004455566406
-689.1249643961588
-701.2716979980469
-706.6752115885416
-677.5481262207031
