-5215.365502266013
-3875.118554663883
-2824.362208120154
-2142.0186923810957
-1543.5490848483296
-1316.3465559914769
-1211.2520650435981
-1145.8228335883068
-1115.795152784153
-1083.6286637829078
-1028.1418365399106
-1037.7717539207486
-1010.8479845387168
-1014.2110029491566
-971.9603799737309
-963.0044105446852
-967.7891253458571
-902.8978036888499
-901.3141237008688
-902.6874785344032
-860.8223986855844
-843.7853368692038
-823.5431169915561
-805.9781206190153
-801.1613211234205
-821.3678004342413
-788.0616120560056
-886.3145927655808
-803.3776500961703
-764.1938490043328
-733.8342190986327
-731.393420817377
-710.4311928317162
-756.6032488168219
-706.949904902127
-696.4885689929467
-702.8391628046593
-668.9176479297544
-652.648275417094
-653.2901492218849
-658.2298224002421
-642.602336293925
-637.1968361275123
-620.5054205618511
-632.465644288458
-628.9105072356888
-616.489432789905
-631.5412133746684
-622.660285542152
-611.5603769504401
