-5215.365502266013
-3857.5896796311217
-2821.311399386173
-2151.666429841794
-1546.1224259753985
-1309.4770628048113
-1201.2778439367398
-1130.2980811272923
-1087.9078225161654
-1054.0708546458131
-993.2722518328279
-977.2227866550838
-934.8606929867449
-947.3644433126763
-914.0058501516069
-902.8604421181584
-919.469718295587
-848.9562710801811
-867.6667826365076
-872.778539000026
-841.4079650029238
-847.3040865355299
-851.9471748540749
-832.9187994341919
-857.1746925218849
-896.4139137213173
-851.8253549997073
-955.0415110994163
-867.8896012207773
-899.42249004049
-847.1617843852185
-828.1680811914932
-802.366510907076
-832.5001134606571
-793.0850417474228
-772.7176450319716
-775.4118239088214
-768.4694877397246
-757.1897985088774
-766.3423456766601
-764.9545544234513
-720.8416360376419
-699.3440595087438
-690.1488335304209
-698.1635913496211
-696.0718732361053
-706.7217115701053
-715.496787298523
-723.0367597476006
-692.6922208739302
