-5166.107421875
-3820.6136169433594
-2789.525909423828
-2128.8964233398438
-1522.1668090820312
-1294.2176818847656
-1187.3482513427734
-1122.2061004638672
-1090.0814819335938
-1058.0786590576172
-1010.2007675170898
-1010.6167449951172
-980.530876159668
-979.3022689819336
-945.4910202026367
-927.692512512207
-933.1393508911133
-867.754997253418
-858.415283203125
-870.3390808105469
-829.9950637817383
-806.8744964599609
-789.4236602783203
-772.9314346313477
-761.8993072509766
-795.7082824707031
-782.6259613037109
-921.1229553222656
-778.1284713745117
-748.7119369506836
-720.1262817382812
-706.1590957641602
-670.5468139648438
-711.550537109375
-664.4757919311523
-658.9349136352539
-667.4597015380859
-646.5848999023438
-639.2453002929688
-636.5469818115234
-641.8632278442383
-619.5981903076172
-611.8205947875977
-596.8455810546875
-601.4136810302734
-604.7846450805664
-600.4473724365234
-612.6800003051758
-597.0457000732422
-587.7482070922852
