-5156.8146484375
-3810.6213500976564
-2776.297900390625
-2113.7978515625
-1509.8332580566407
-1279.7230590820313
-1173.1902160644531
-1102.3083129882812
-1059.1406860351562
-1025.1315368652345
-964.859732055664
-947.5718292236328
-908.9205139160156
-917.3305297851563
-883.9526519775391
-885.1162292480469
-899.6325561523438
-828.3343780517578
-840.8171020507813
-848.2532165527343
-817.472705078125
-821.7839324951171
-807.6595123291015
-790.0199768066407
-859.2646881103516
-848.6409851074219
-1636.9208129882813
-871.7287292480469
-843.7033203125
-818.093994140625
-766.7542510986328
-785.8029235839844
-775.1114685058594
-834.8298706054687
-775.6353790283204
-747.056185913086
-791.1943664550781
-793.5246002197266
-749.9673309326172
-750.8708374023438
-725.8557983398438
-685.2634094238281
-680.5946563720703
-668.0415740966797
-674.4129791259766
-665.9743255615234
-659.0759124755859
-686.4390930175781
-808.9055145263671
-655.3824829101562
