-5148.76550226601
-3822.9185546638823
-2768.5768359443346
-2092.761396016165
-1498.8515166067855
-1275.3934628741076
-1172.7790133333035
-1100.862525607166
-1056.569116296544
-1022.4064491767965
-960.2974449382093
-942.5590257877362
-900.4405180127421
-905.644906344919
-870.8311443445809
-849.8757587844608
-867.8998651041608
-809.3996905492066
-802.6217314821085
-833.2227631956141
-807.0462096718521
-798.0668717462393
-783.9431425248033
-755.0752361871525
-808.9941800329252
-775.1660013351241
-764.9680023079559
-850.8381623196017
-784.4380339507377
-834.8271833573696
-776.2601805720559
-779.8469479213027
-781.742657277943
-805.1810806360647
-760.2812094009656
-739.9951060582141
-761.7482588140155
-746.3014371937196
-733.5805173129265
-707.5083933678487
-711.5594916837233
-681.777871939262
-686.8096810544706
-693.409556968167
-677.8504230599235
-651.2417698611031
-647.5447175148935
-674.9365411433292
-675.1365282933102
-644.2489847435602
