-5162.177083333333
-3814.9177449544272
-2780.4269002278647
-2116.8552449544272
-1513.0149027506511
-1282.5036112467449
-1175.8840942382812
-1104.4004923502605
-1061.6386413574219
-1024.2701212565105
-959.9248555501302
-948.035878499349
-909.9924926757812
-920.0070749918619
-886.1771697998047
-881.9429168701172
-901.7496388753256
-842.6368509928385
-842.6852569580078
-867.5835011800131
-831.2045237223307
-840.6060791015625
-833.2440439860026
-816.9116058349609
-830.1121877034506
-836.1424153645834
-806.2719014485677
-923.8725382486979
-846.9462076822916
-887.9693654378256
-852.8174031575521
-834.7802937825521
-818.9974721272787
-854.8442942301432
-817.6710815429688
-795.0824940999349
-812.3599243164062
-797.0854187011719
-784.4588521321615
-759.1748352050781
-744.2323252360026
-704.8180541992188
-698.1334025065104
-682.0095265706381
-689.3956654866537
-684.4547627766927
-686.588134765625
-718.7881418863932
-739.3808085123698
-694.0072479248047
