-5148.76550226601
-3804.1882517687
-2769.7227686181227
-2108.936540021626
-1504.507001489881
-1274.9737024823794
-1168.5448114741607
-1096.6311737798992
-1052.9660041325672
-1016.791893369241
-956.5313598270073
-942.3074697143586
-907.035445736893
-925.4135971036588
-886.6220094418699
-879.0340914403836
-909.1614933243966
-834.5828559385096
-828.05032706501
-860.4266567600428
-822.1493520752741
-825.9017762475471
-822.575974913532
-788.9583038666688
-829.7189994324868
-849.9887807526881
-818.272869117686
-923.7808616072183
-831.7901672275487
-861.4570318051658
-806.4707884806178
-768.130762671007
-754.5557779006945
-818.9069539879357
-772.7562561378382
-749.3514862516674
-755.0466304226547
-742.8092111643591
-723.9156180909403
-732.3667783162808
-730.8395715585119
-683.6671609571176
-688.5787313125305
-670.6686590953566
-670.0917927563054
-656.2687530630019
-655.5215267540185
-671.4113053608323
-664.8615697362077
-642.7127250704821
