-5215.365502266013
-3860.920786569768
-2825.192115282157
-2155.047735175912
-1547.878607295203
-1315.9947923205125
-1207.9153458373535
-1144.8849173449414
-1113.6355539524454
-1082.3122998697386
-1033.3444564923434
-1038.9051721441936
-1008.7595705622334
-1007.0371228908319
-964.1240031319346
-945.6091745121863
-946.1076165539549
-881.7378120149275
-870.8010447749336
-874.350943709918
-826.2786045546156
-816.2839436950193
-795.5948613471955
-774.6915620228948
-776.9747516108437
-803.2718675133791
-770.4249539058876
-849.5476389646241
-797.8185202000071
-751.1698372320741
-717.6104470762803
-729.7491053910451
-704.1536828820506
-738.9150521924237
-701.4285597770859
-670.2362590431575
-690.3006300533217
-663.9458278355125
-662.7766647877015
-654.5090171419038
-656.4388425341318
-639.4951245415978
-629.0067024489297
-616.8472684330864
-619.1364770548448
-625.5975948041278
-616.1014700055988
-618.0109609763845
-610.1124496300032
-605.1558866067353
