-5148.76550226601
-3804.1882517687
-2773.5247399147374
-2116.023726096527
-1508.2218623260558
-1280.8847404851701
-1174.0989033801752
-1108.6424407206787
-1078.7349630735762
-1043.8730999739191
-994.5164185046746
-1000.7836950195635
-966.9455520785502
-965.2621710389856
-923.96223472924
-894.9560253385777
-902.6930261398278
-838.4803412410541
-833.362128791663
-835.913560500783
-801.0616421533213
-785.4454441591945
-765.166450306984
-752.659035291128
-741.3736982893435
-761.9852634508038
-740.6323711036437
-817.3041268944867
-737.1285290348596
-728.8247116320933
-694.8853252824543
-689.7626878551567
-667.2442637642953
-704.4825332113396
-688.8278108714268
-661.2051203518737
-684.2384743357042
-644.0293326541622
-643.8202679386222
-632.8263373869012
-633.1929492541145
-617.5646185524374
-611.3454412522458
-595.4850927307042
-596.30663216132
-609.0721758927117
-594.8116644017379
-598.4537529759348
-591.2034890449331
-583.1898471029265
