-5215.365502266013
-3860.920786569768
-2821.094016085633
-2147.6243261366567
-1543.8851142914127
-1309.4615410891952
-1201.6388169020024
-1130.7951325039714
-1086.7354135596738
-1052.9427437825452
-988.7464755279195
-976.4586837499859
-936.1709042509622
-947.9042553517651
-917.1369175597341
-912.5812569192282
-916.985390131855
-852.9537768465216
-863.8602898860869
-890.0768315989562
-848.9055372554615
-845.8198398121782
-838.662793075232
-814.7254000674251
-851.9199980307873
-855.5124452824979
-852.8002459709007
-906.0983203875414
-853.3231374233235
-874.5645978278875
-849.0645042833124
-877.8389266682968
-957.7194480802218
-915.9279669978293
-829.0387993273201
-779.78141134748
-797.1868795712234
-842.1787123470798
-773.8061985345727
-753.0385839635348
-760.7258695793377
-728.7099857830635
-736.0231989882474
-716.0248833683978
-702.1353940697445
-703.0495545128639
-703.6901087889062
-724.682468813422
-736.549455689728
-697.5994961386787
