-5148.76550226601
-3805.264817379976
-2769.595519264284
-2107.5095651521874
-1503.8134084803858
-1274.9506442181664
-1168.7411058592372
-1097.6159015755384
-1057.1144743701177
-1021.16052203708
-958.4584111884093
-941.6036305585794
-906.0685084003213
-916.5140704940017
-886.4306956693297
-876.4253969287058
-898.1389392252929
-836.4198526851163
-840.3514027859022
-850.605927335582
-810.779271747333
-838.6208772094117
-828.518526396569
-802.1212200874885
-834.4758148722894
-839.6544730504704
-896.0070916888004
-872.6203637320689
-836.5356712594619
-1034.5411987897637
-851.861485686032
-819.9570664475275
-782.3021146180214
-1413.5132497936852
-792.8077985770673
-744.0598094818149
-764.8272586355549
-768.3837399410179
-732.0172746625175
-715.1866126172538
-700.9308898379602
-679.3210904775832
-669.18035781878
-662.4204507207518
-666.3711236394158
-658.4125389706708
-660.0353074170802
-669.1558487792555
-677.0933567936049
-647.8095414553671
