-5148.76550226601
-3804.190648315922
-2773.5249704961525
-2115.6989666345175
-1508.053705501032
-1280.9016224850523
-1174.279795204713
-1108.9854619472212
-1074.709687498017
-1040.4447622164842
-991.7086412598403
-996.5987748291016
-965.1568828509926
-965.4614419635438
-921.9113075175546
-901.8648080771014
-896.700873343575
-838.5827066596906
-832.2931757792903
-826.4741158944314
-795.0181497020346
-776.6570817516838
-758.6006844624951
-740.9915733711887
-732.1532109595372
-738.8499640642415
-705.5499868247422
-764.8560360226436
-722.8654528154242
-732.0612638819355
-699.7219336518373
-702.7618343483783
-674.7433015440558
-702.3880369714014
-677.5859166881012
-652.0441140683856
-667.065950658474
-636.6555734615631
-634.549065571829
-620.8190058413139
-622.8639135379269
-608.4537587133553
-603.4242487848667
-584.3171594700873
-591.9628344079458
-598.145102991858
-585.5673471101685
-594.492212892734
-585.9131815103547
-574.612748006114
