-5148.76550226601
-3830.885582096831
-2768.3769450126565
-2084.9522517448654
-1496.8812606862446
-1276.504231373458
-1174.7535197209372
-1102.10479800825
-1058.9193715468098
-1022.3752347935115
-965.7362630291697
-951.0202011978784
-914.0169434661196
-924.6029287908274
-890.8414677721436
-864.600205876394
-873.346641213329
-831.4833008634753
-838.0492254461145
-852.9005485227083
-829.3320401525291
-847.034835280792
-815.9067760558917
-817.7988784495062
-853.4870084811546
-843.5771129580146
-814.5800665099202
-894.4432965026217
-844.5339562692143
-867.5568728321729
-788.1168102325581
-778.7576142720916
-787.1799047848706
-1221.673619637219
-773.8525407604693
-766.3984973959392
-772.645436484818
-734.393849618886
-733.2060329867842
-713.1731739963791
-726.2802221233621
-694.8864439176243
-686.6162994287566
-671.8276541608427
-688.621144212535
-681.3979093698729
-684.3907819987159
-726.7852989303229
-732.6730362316428
-682.1459424745404
