-5148.76550226601
-3804.1779347229626
-2769.751039771537
-2109.336929268379
-1504.7305164425388
-1274.9659387266877
-1168.4593247199928
-1096.816222563693
-1052.1061492761066
-1014.9175808688957
-955.8214449213203
-937.5804915710238
-903.8168505558315
-912.9613882284335
-885.8652924125015
-885.0846607820056
-906.163543383982
-833.1142656901997
-832.8698260217728
-864.96027822907
-831.7427059895144
-822.4177702329143
-820.8323711810506
-790.6481568991389
-830.6953783747289
-834.7805380650989
-819.2082833956647
-873.194106398961
-841.7408271505785
-850.9883364053933
-832.8717348178659
-796.0613259897035
-804.1841286140959
-854.2531386697792
-790.6188956846545
-768.1809877267523
-799.8784204873662
-772.1939366592786
-772.2901711691312
-764.4448256091674
-738.9475313654503
-705.6419391081181
-694.6114614777549
-681.4765174487806
-689.3491970298011
-680.5465844403504
-690.2411267515271
-703.7196760420292
-705.8445342363602
-670.0318867254787
