-5215.365502266013
-3857.577934722963
-2821.3510397715368
-2152.5369292683795
-1546.430516442539
-1309.4659387266872
-1201.159324719993
-1130.716222563693
-1085.7061492761056
-1051.817580868895
-990.3214449213207
-973.5804915710232
-937.1168505558313
-945.9613882284327
-917.9652924125021
-913.2846607820053
-937.3635433839816
-858.9142656901997
-863.1698260217734
-895.2602782290685
-856.9427059895143
-850.9177702329152
-848.7323711810501
-821.5481568991383
-857.9953783747291
-864.1805380650997
-844.108283395664
-899.2941063989614
-863.9408271505796
-874.0883364053943
-854.1717348178663
-822.7613259897038
-827.2841286140945
-875.8531386697803
-816.1188956846544
-793.9809877267525
-821.7784204873651
-795.8939366592784
-794.4901711691314
-783.9448256091672
-762.94753136545
-732.641939108118
-722.2114614777549
-709.9765174487807
-711.5491970298003
-706.3465844403497
-713.3411267515266
-726.2196760420294
-733.4445342363597
-694.9318867254785
