-5215.365502266013
-3858.671898139255
-2825.116232119121
-2156.616441869094
-1548.8754821646212
-1315.9590097731989
-1207.388055640626
-1141.7082925891543
-1109.5853524990823
-1076.9712280601686
-1022.7599938807596
-1024.1602686772837
-992.9754445905262
-988.1970678086363
-910.8848119922689
-886.7858267431851
-891.2499557970881
-830.4428741508718
-831.5279991289592
-850.4598682231378
-816.7451419772208
-802.3637558091332
-789.9175493439237
-766.2166852785288
-769.317771346168
-788.9982592209357
-760.2275582393468
-882.0808865345567
-771.2983661075411
-739.1242293614946
-710.8226219366517
-716.2266048063875
-689.1245802144736
-722.3864810421474
-692.4745466838341
-665.6310071101124
-677.8535106821778
-650.0016798601395
-648.8842433955242
-644.8765721777385
-651.8407382538154
-635.3743270128577
-626.7302977490993
-611.9071658983449
-617.5924824924118
-619.1849131636975
-616.8315887810743
-626.6590076770055
-615.5577949949758
-605.5854408495328
