-5175.123046875
-3825.3142700195312
-2790.419189453125
-2124.7545776367188
-1520.9490051269531
-1289.2046203613281
-1182.2414245605469
-1112.567626953125
-1069.4313659667969
-1034.2731323242188
-970.2625427246094
-959.66650390625
-917.6501159667969
-922.6893615722656
-889.9404449462891
-871.92626953125
-887.6632995605469
-832.3833923339844
-828.9524078369141
-846.157470703125
-808.6237945556641
-810.7192687988281
-804.9931945800781
-774.5059967041016
-806.7518615722656
-795.8118133544922
-792.6975555419922
-904.2200927734375
-851.1195526123047
-856.1107788085938
-814.1667022705078
-800.6663970947266
-773.4570617675781
-825.2693481445312
-780.0518646240234
-761.0704498291016
-781.8592834472656
-751.8215637207031
-751.9168853759766
-747.0189208984375
-762.3940734863281
-722.7123718261719
-702.1950073242188
-702.6155853271484
-699.2092742919922
-687.5635375976562
-686.4136962890625
-716.0089416503906
-726.3523712158203
-677.5571746826172
