-5175.123046875
-3823.3910522460938
-2790.800537109375
-2127.6898193359375
-1522.2917785644531
-1289.224853515625
-1181.909423828125
-1110.2144165039062
-1064.7296752929688
-1028.7828369140625
-967.9748840332031
-958.0338745117188
-924.8483734130859
-937.5279846191406
-909.6701812744141
-901.4472961425781
-915.3987884521484
-838.9891662597656
-832.0317230224609
-855.9133758544922
-821.2316589355469
-829.4127807617188
-823.7557067871094
-801.3636169433594
-834.8638916015625
-842.3595581054688
-810.8323669433594
-870.2493438720703
-836.1153411865234
-845.90869140625
-818.9037780761719
-801.6256713867188
-793.049072265625
-850.1191711425781
-785.5690460205078
-759.5067901611328
-786.2327575683594
-796.0108642578125
-782.8395233154297
-752.3587188720703
-749.8049163818359
-712.4449157714844
-713.8910217285156
-697.6181182861328
-684.8525238037109
-671.6261901855469
-667.5719909667969
-689.2669677734375
-699.4726715087891
-675.9867858886719
