-5162.177083333333
-3813.0619099934897
-2780.705322265625
-2119.298136393229
-1514.1974995930989
-1282.5096842447917
-1175.5450032552083
-1103.6752319335938
-1058.1316935221355
-1021.6008707682291
-961.3174743652344
-951.08447265625
-918.2485300699869
-931.2191569010416
-903.4194386800131
-895.4294738769531
-909.3221282958984
-833.5538838704427
-826.0126597086588
-850.0689748128256
-815.7953084309896
-823.9176635742188
-817.8519999186198
-795.3429056803385
-829.7177530924479
-836.6297403971354
-805.6271769205729
-865.1023712158203
-830.9095815022787
-840.5274861653646
-814.1639404296875
-795.8939005533854
-787.3752950032552
-844.9119059244791
-778.7865041097006
-753.2488657633463
-781.1413167317709
-789.98583984375
-776.9309641520182
-746.7415618896484
-744.0127614339193
-707.0025634765625
-708.0402526855469
-691.6506296793619
-679.4100189208984
-665.5421651204427
-662.1295369466146
-683.6496988932291
-693.4470876057943
-670.01953125
