-5159.8655022660105
-3813.108797279399
-2778.262783962112
-2115.141961871731
-1510.992696713924
-1280.7451302834263
-1174.1813212135837
-1103.3361520374044
-1059.31378752661
-1022.5283270932454
-962.5293398401627
-949.9030853030697
-914.4691990859565
-932.3050378100163
-908.6828766879005
-894.705208513508
-894.915301248875
-821.1165515720634
-827.538421408314
-850.4124881106943
-818.3811053456136
-819.7906637757599
-810.6010921825449
-798.0785850844516
-831.3444395524168
-852.807964420194
-846.2800686242408
-879.1622368771934
-844.9949045441929
-869.947130078382
-826.2193966041584
-802.2822075381417
-811.7217184184626
-848.9002489478413
-782.9844467515617
-770.9256247490041
-795.5203267490523
-784.7068047056547
-779.7029647832385
-725.4895618469138
-726.9621974407613
-691.3602961485587
-717.1234966789066
-704.2118053627667
-695.2080140944337
-703.4659389416911
-717.4162859330914
-739.6550485315346
-724.0503468155059
-696.2517225939082
