-5148.76550226601
-3808.120786569768
-2773.5921152821566
-2112.4477351759124
-1506.4786072952036
-1280.8947923205114
-1175.215345837353
-1112.1849173449425
-1079.7355539524453
-1044.512299869737
-998.8444564923432
-1003.5051721441932
-975.7595705622338
-975.2371228908332
-930.5240031319343
-916.5091745121845
-912.8076165539547
-852.0378120149275
-841.101044774934
-842.5509437099175
-796.5786045546154
-787.7839436950194
-765.2948613471954
-745.5915620228945
-746.9747516108439
-774.4718675133795
-743.7249539058878
-822.2476389646239
-767.2185202000073
-722.3698372320742
-690.9104470762804
-701.849105391045
-673.5536828820511
-710.4150521924237
-671.7285597770858
-643.2362590431574
-662.4006300533209
-636.3458278355129
-633.3766647877012
-627.2090171419038
-627.9388425341318
-612.1951245415978
-601.7067024489296
-588.0472684330865
-592.1364770548448
-596.7975948041272
-588.5014700055991
-594.9109609763841
-585.2124496300028
-578.4558866067352
