-5148.76550226601
-3805.267704101182
-2769.585022044184
-2107.3814951208647
-1503.7540268669557
-1274.954532688028
-1168.7689188298746
-1096.1002569706993
-1054.6488028077872
-1018.9611132774158
-959.8665612351103
-941.3794139974449
-900.4265313123454
-910.2171030589514
-877.3107514738215
-871.1071746061513
-890.8055145583667
-822.6278439969725
-820.1316675582151
-845.4563808126619
-813.3479295744007
-818.7521251452035
-813.585311258365
-793.3217948222189
-832.1331081926525
-843.4905604421017
-881.575662223518
-893.0597323134018
-830.9878545924763
-826.5046884423239
-842.3628970585303
-826.1655893559537
-809.6327557625134
-840.2851908410428
-783.4954509551445
-756.0262218964533
-773.4980130957543
-751.2242519420821
-752.7111556246275
-737.7221519569989
-746.112731040861
-707.3541440006508
-698.075800817754
-698.1633978789924
-686.8928849482419
-684.0237548780087
-675.0835255233211
-705.5199898386377
-703.8768518034733
-660.3330477814072
