-5159.8655022660105
-3814.167704101184
-2782.1185900722016
-2121.587715238863
-1514.3628939171656
-1286.6838024767167
-1179.79832368912
-1112.8965144214042
-1082.7340302657635
-1049.166653547444
-999.027192575391
-1002.6068632910558
-972.9292133927225
-969.4451489531668
-915.8189674752706
-893.4328565529644
-899.7647927418218
-839.9973202123107
-827.4198267294056
-820.8350380677196
-807.0008817055217
-788.543378437005
-758.973670543393
-734.8578352949983
-731.8190104797346
-756.1304224970124
-725.0905452288447
-798.9981350179085
-738.8990945308535
-737.9042188124406
-701.0108858068355
-705.5188254232388
-671.937008707186
-707.8046263704308
-662.6128880720951
-649.1302604383361
-658.3163020761948
-624.1798844255069
-630.698139826254
-625.0958193871953
-625.0770305365853
-607.3435568460313
-603.585943297513
-586.3922173722004
-586.2770128297177
-589.350234523994
-578.8436319453424
-588.3498509825727
-575.6472507462192
-573.4931548056919
