-5166.107421875
-3817.665740966797
-2789.717010498047
-2132.2080078125
-1523.8514251708984
-1294.1765747070312
-1186.5455017089844
-1121.2699279785156
-1086.50732421875
-1054.1656951904297
-999.3268051147461
-1005.3864822387695
-979.8947067260742
-980.9926681518555
-939.8416442871094
-921.9385833740234
-912.7208251953125
-853.9872741699219
-847.9183197021484
-861.6961822509766
-847.9602279663086
-816.3340148925781
-796.8251419067383
-768.3992614746094
-771.6649780273438
-767.1263732910156
-743.5922470092773
-864.9023284912109
-782.6061325073242
-760.7742385864258
-740.1659088134766
-705.151741027832
-676.8824996948242
-695.6362533569336
-654.4463500976562
-654.9248733520508
-659.903678894043
-627.2296752929688
-619.3520965576172
-626.1852874755859
-631.2711868286133
-612.800163269043
-604.2660293579102
-592.3605117797852
-595.9453277587891
-594.9863967895508
-582.3644714355469
-597.2199020385742
-587.8585357666016
-585.8305587768555
