-5148.76550226601
-3808.602345844921
-2769.4116174283404
-2104.207716674847
-1502.4480499613217
-1274.960556959742
-1169.0853745085456
-1097.0195920236943
-1052.0861962436825
-1014.4134113363334
-954.3032453210781
-938.4781267296057
-904.0063670761725
-911.7937200224239
-887.9013484669001
-885.5403650162956
-894.1727962358449
-825.8709452647894
-825.6329509075547
-839.2791326438379
-819.2085195961578
-835.5930168016718
-813.5715984539027
-796.0597663778715
-829.3510125934336
-827.750119618449
-811.222664023239
-852.8015524993274
-893.3339853621599
-914.9283057084216
-833.2432758203164
-795.28236079141
-789.0733955889136
-852.050262562153
-800.8627988396362
-763.538508610138
-795.1307918809093
-805.6425963325391
-748.2416078372281
-727.2864151940016
-729.7808366434616
-699.3317073670278
-694.3240626302396
-695.7468641768328
-671.2486775889502
-670.5585246915415
-667.6557559305536
-674.6253011867411
-694.7816408674609
-658.6209570635363
