-5175.123046875
-3845.0194702148438
-2795.8977661132812
-2120.1683349609375
-1522.6222839355469
-1299.5399780273438
-1195.9236755371094
-1130.4699401855469
-1099.849365234375
-1065.9775390625
-1012.5643005371094
-1021.5091552734375
-995.8950500488281
-1001.0977325439453
-957.7696075439453
-949.7120666503906
-952.6476135253906
-888.9220581054688
-884.0627136230469
-884.6475982666016
-847.1986999511719
-827.5870819091797
-807.0284423828125
-789.0777282714844
-785.2681884765625
-805.8890838623047
-772.7008209228516
-874.2281951904297
-788.3202972412109
-750.0599365234375
-719.5352020263672
-714.9637603759766
-694.6165161132812
-741.9630737304688
-691.0255584716797
-683.2973175048828
-689.5851593017578
-655.1742401123047
-637.1886749267578
-639.2898559570312
-643.4734344482422
-628.7186126708984
-623.6277465820312
-605.6823120117188
-621.4851684570312
-616.4029541015625
-604.2940063476562
-619.7133636474609
-610.5716552734375
-597.6348266601562
