-5215.365502266013
-3883.085582096833
-2819.3769450126574
-2124.8522517448664
-1537.9812606862447
-1311.0042313734589
-1206.5535197209383
-1135.4047980082507
-1092.8193715468094
-1059.5752347935115
-999.9362630291698
-986.7202011978783
-947.9169434661192
-955.502928790827
-923.8414677721428
-891.600205876394
-903.6466412133279
-858.1833008634746
-870.449225446114
-887.1005485227088
-858.4320401525287
-875.8348352807927
-846.8067760558927
-851.3988784495053
-880.4870084811544
-870.5771129580146
-843.3800665099209
-925.0432965026223
-871.5339562692145
-894.2568728321736
-813.6168102325582
-810.2576142720919
-817.4799047848708
-1246.8736196372186
-805.3525407604693
-790.9984973959392
-799.9454364848177
-761.9938496188857
-759.6060329867844
-738.0731739963787
-750.5802221233619
-719.1864439176236
-713.316299428757
-700.6276541608429
-714.721144212535
-704.4979093698727
-709.5907819987152
-753.1852989303234
-758.1730362316428
-704.0459424745409
