-5148.76550226601
-3811.7914755873253
-2773.1061486051526
-2109.9753345847757
-1505.5624885404154
-1280.9939525030961
-1176.0942594126461
-1110.5266659258045
-1079.8986276981873
-1041.9036810507118
-992.5799631614933
-999.951229167695
-973.0030993512333
-976.3559596118323
-933.0265074384139
-917.5531295430641
-919.8928439233675
-850.1042205415304
-837.0292024608765
-842.0661013088389
-822.5972389424438
-800.9280425334166
-778.5704600632783
-772.966326910379
-758.843152634097
-786.8309295240829
-785.5332705002804
-864.2754870675022
-827.9360988719443
-794.4554212779861
-734.307338463229
-729.894898116717
-726.463878409653
-752.6438598174144
-719.5544014447777
-684.2779932587199
-692.4686429127645
-658.4142687920559
-652.8434850486481
-645.4610989821756
-645.0214366915195
-640.1171848568599
-629.9954942432274
-625.3377372794359
-619.2256230921749
-630.1554780182421
-614.3219322786383
-618.1007445733588
-618.3212500166549
-605.121246095591
