-5215.365502266013
-3864.2914755873253
-2824.4061486051537
-2152.5753345847756
-1546.6624885404149
-1316.0939525030958
-1208.7942594126469
-1143.5266659258052
-1113.7986276981874
-1079.703681050713
-1027.3799631614936
-1035.3512291676939
-1006.9030993512326
-1009.0559596118312
-966.3265074384128
-949.0531295430621
-954.3928439233666
-881.9042205415301
-867.0292024608782
-875.6661013088393
-851.3972389424443
-832.7280425334168
-809.4704600632784
-805.0663269103791
-790.6431526340969
-816.5309295240829
-815.8332705002804
-892.1754870675019
-857.0360988719438
-825.355421277986
-763.7073384632293
-758.6948981167169
-757.6638784096531
-781.1438598174146
-751.3544014447777
-713.67799325872
-720.6686429127645
-686.3142687920558
-682.5434850486482
-673.9610989821753
-674.4214366915201
-665.9171848568601
-657.2954942432276
-647.8377372794359
-641.7256230921749
-655.6554780182418
-638.9219322786385
-641.5007445733588
-641.4212500166543
-627.9212460955907
