-5159.8655022660105
-3831.618554663882
-2781.612208120153
-2107.2686923810948
-1509.2990848483307
-1287.346555991477
-1184.0020650435986
-1118.3228335883064
-1087.2951527841528
-1052.628663782909
-999.8918365399107
-1008.5217539207475
-983.3479845387176
-989.2110029491569
-945.4603799737309
-938.5044105446857
-942.0391253458569
-879.6478036888484
-874.0641237008691
-874.437478534404
-838.822398685585
-818.5353368692049
-798.0431169915553
-779.9781206190154
-776.4113211234206
-797.6178004342421
-764.5616120560055
-866.8145927655814
-780.1276500961706
-742.4438490043328
-711.8342190986322
-706.6434208173773
-686.4311928317163
-734.3532488168219
-683.1999049021273
-676.4885689929469
-682.8391628046587
-648.4176479297544
-629.8982754170939
-632.5401492218849
-636.4798224002419
-622.1023362939252
-617.1968361275118
-598.7554205618515
-615.9656442884583
-610.4105072356892
-598.4894327899051
-614.0412133746682
-604.910285542152
-591.3103769504398
