-5148.76550226601
-3804.192605220127
-2773.522219108935
-2115.401933541352
-1507.9011376295368
-1280.8654722621282
-1174.282971810184
-1107.7444387879366
-1076.7663628560035
-1042.9093866151607
-994.4862796369173
-996.7951002951138
-963.5656795938983
-959.5804347917631
-916.5455701839339
-893.0861879006623
-896.0220520526325
-830.0695523997383
-827.3645905481915
-826.2903780032718
-784.0211199337551
-771.6676834946135
-756.6733656272605
-737.3330101402272
-732.436474985744
-741.4133826282284
-719.3451643120777
-778.4613093912146
-715.0148145673917
-691.0912463076045
-664.499939589731
-666.4930270664744
-646.0611995343365
-669.9175479782549
-640.288085546575
-631.2579106555324
-647.6446699682119
-621.7436833493776
-610.6266347540268
-611.6967785216266
-610.270056578315
-595.5895405021658
-590.2913570028793
-575.6243695178948
-580.5942222178453
-586.9513352705333
-576.2654485833931
-585.1776912479377
-577.0862344595739
-570.8325800490179
