-5159.8655022660105
-3814.167704101184
-2778.235022044184
-2114.4314951208644
-1510.6540268669553
-1280.7045326880277
-1174.2189188298746
-1101.7502569706992
-1060.1988028077867
-1025.0111132774155
-965.6165612351106
-947.4294139974442
-906.1765313123453
-915.6671030589514
-882.7107514738215
-876.1071746061513
-896.0055145583674
-827.3278439969721
-825.2316675582149
-850.6563808126618
-817.947929574401
-823.4021251452032
-818.4353112583648
-798.5717948222189
-836.7831081926528
-848.0905604421026
-885.7756622235181
-897.9597323134019
-835.4378545924761
-831.2046884423232
-846.3628970585308
-831.4155893559539
-814.6827557625135
-844.7351908410428
-788.8454509551445
-761.3762218964532
-778.0480130957543
-755.9242519420822
-757.9111556246277
-742.722151956999
-751.2127310408608
-712.3041440006506
-703.1758008177541
-702.9633978789926
-692.0428849482421
-689.0237548780087
-680.3335255233211
-710.9199898386377
-709.3768518034733
-665.9830477814072
