-5159.8655022660105
-3813.0779347229627
-2778.351039771537
-2116.5369292683786
-1511.680516442539
-1280.7159387266877
-1173.9093247199928
-1102.4662225636935
-1057.7061492761063
-1021.0675808688953
-961.5714449213199
-943.5804915710238
-909.3668505558317
-918.4613882284332
-891.2152924125014
-889.7846607820059
-911.363543383982
-837.4142656901998
-837.919826021773
-870.0102782290696
-835.9427059895145
-827.1677702329147
-825.4823711810502
-795.7981568991388
-835.2453783747291
-839.6805380650987
-823.3582833956649
-877.544106398961
-845.4408271505794
-854.8383364053936
-836.421734817866
-800.5113259897036
-808.0341286140958
-857.8531386697794
-794.8688956846545
-772.4809877267523
-803.5284204873661
-776.1439366592787
-775.9901711691311
-767.6948256091671
-742.9475313654503
-710.1419391081179
-699.2114614777549
-686.2265174487808
-693.049197029801
-684.8465844403504
-694.091126751527
-707.4696760420292
-710.4445342363603
-674.1818867254788
