241.1806182861328
302.0362243652344
317.4842834472656
364.40142822265625
377.08026123046875
386.0083312988281
464.553955078125
503.57086181640625
512.5067749023438
500.98187255859375
490.75714111328125
504.10150146484375
534.5222778320312
543.3651123046875
535.169677734375
542.5466918945312
536.2950439453125
522.9219970703125
545.93701171875
515.084228515625
545.1324462890625
523.4102172851562
539.7008666992188
563.589599609375
568.6070556640625
569.0655517578125
573.8087768554688
551.5750122070312
589.3447875976562
589.4349975585938
591.062744140625
593.0639038085938
570.6356201171875
581.4273681640625
572.2389526367188
566.2191162109375
578.0264892578125
564.3331909179688
573.3997802734375
596.1832885742188
588.0897827148438
570.4051513671875
606.5472412109375
529.1011962890625
591.5358276367188
603.2860107421875
579.7780151367188
550.2069702148438
578.6472778320312
586.0162353515625
