241.18854530800155
302.0469333272514
317.50728474325234
364.41054095275297
377.1074250167521
386.03095400050375
464.58393166975327
503.5656023620025
512.5067353892539
500.9714978305034
490.80261465625335
504.0938123830023
534.5274151345021
543.3597385412525
535.1750294695022
542.541322470252
536.3071332805039
522.9136423690022
545.9383743677531
515.0892792332527
545.1462781487537
523.4255923037543
539.7112121762531
563.6335320557516
568.6074642017527
569.0587106890023
573.8200059977524
551.5695229967538
589.3405855952527
589.4444570117533
591.0690565667526
593.0751914447542
570.6262849120016
581.4412836857529
572.237721182504
566.2242944215028
578.0231153387523
564.3443587675035
573.4083112120039
596.1896390455033
588.0904899925038
570.4075008572534
606.5534046077538
529.1166309782528
591.5360038472519
603.2804122232529
579.7782421120037
550.2085731790028
578.6450065975038
586.0258090262529
