291.94281762950067
279.573455162001
314.14773586250124
368.70120129800154
397.49816614700154
393.4536040100021
410.6181151505026
407.656880939002
442.80194349800223
433.4222222750019
440.07392410850144
439.81183518500194
461.12450880350144
476.9910221915012
468.4632390650012
491.37187382750153
457.28347855250195
462.53290790000074
483.434715098001
487.8867112535012
527.609238914001
516.7391909150016
505.1728402805009
516.4212909935015
527.6767887740007
521.2345711340012
525.0960015635015
536.4990630290009
509.9394531980007
555.0163633415004
548.6186866160003
522.6980361950006
547.9423774715003
570.3421765340006
555.3596799020005
528.5915200145007
541.382749571001
538.9499879840008
552.9487635695007
546.1626147680014
547.0546435085001
562.4976459575001
567.1972011440006
587.5979448125007
583.1839295030001
549.9317701910009
595.9997418034993
570.3892692544998
572.1667347665007
604.0341350389989
