
Good
Feature: [14, 85, 2]

States: [array([24.50898817,  0.        , 18.0490068 ,  0.        ,  0.99458818,
       20.9272574 ]), array([2.45089882e+01, 1.68384391e-02, 1.80490068e+01, 5.00000000e-01,
       9.94588182e-01, 2.09272574e+01]), array([24.52582661,  0.02986845, 18.5490068 ,  0.9       ,  0.97774974,
       20.4272574 ]), array([24.55569505,  0.03673706, 19.4490068 ,  1.22      ,  0.9478813 ,
       19.5272574 ]), array([24.59243211,  0.04209034, 20.6690068 ,  1.476     ,  0.91114424,
       18.3072574 ]), array([24.63452245,  0.04624592, 22.1450068 ,  1.6808    ,  0.8690539 ,
       16.8312574 ]), array([24.68076838,  0.0494528 , 23.8258068 ,  1.84464   ,  0.82280798,
       15.1504574 ]), array([24.73022118,  0.05190596, 25.6704468 ,  1.975712  ,  0.77335517,
       13.3058174 ]), array([24.78212714,  0.05375743, 27.6461588 ,  2.0805696 ,  0.72144921,
       11.3301054 ]), array([24.83588457,  0.12018897, 29.7267284 ,  2.16445568,  0.66769179,
        9.2495358 ]), array([24.95607354,  0.19153126, 31.89118408,  2.23156454,  0.54750282,
        7.08508012]), array([25.1476048 ,  0.26249959, 34.12274862,  2.28525164,  0.35597155,
        4.85351558]), array([25.41010439,  0.33711292, 36.40800026,  2.32820131,  0.09347197,
        2.56826394]), array([25.7472173 ,  0.42327127, 38.73620157,  2.36256105, -0.24364095,
        0.24006263]), array([ 2.61704886e+01,  2.01005654e-02,  4.10987626e+01,  1.39004884e+00,
       -8.88367850e+00, -1.07145157e+01]), array([ 26.19058914,  -0.29785388,  42.48881145,   0.61203907,
        -8.90377906, -12.10456456]), array([ 2.58927353e+01, -5.35373536e-01,  4.31008505e+01, -1.03687442e-02,
       -8.60592518e+00, -1.27166036e+01]), array([ 25.35736171,  -0.71027838,  43.09048178,  -0.508295  ,
        -8.07055164, -12.70623489]), array([ 24.64708333,  -0.84354845,  42.58218678,  -0.906636  ,
        -7.36027326, -12.19793989]), array([ 23.80353488,  -0.93988649,  41.67555078,  -1.2253088 ,
        -6.51672481, -11.2913039 ]), array([ 22.86364839,  -1.00789713,  40.45024199,  -1.48024704,
        -5.57683832, -10.0659951 ]), array([21.85575126, -1.05399524, 38.96999495, -1.68419763, -4.56894118,
       -8.58574806]), array([20.80175602, -1.08294733, 37.28579732, -1.8473581 , -3.51494594,
       -6.90155043]), array([19.71880868, -1.09823156, 35.43843922, -1.97788648, -2.43199861,
       -5.05419233]), array([18.62057712, -1.10225794, 33.46055273, -2.08230919, -1.33376705,
       -3.07630584]), array([17.51831918, -1.09644715, 31.37824355, -2.16584735, -0.23150911,
       -0.99399666]), array([16.42187203, -1.08109492, 29.2123962 , -2.23267788, -2.35779579,
        2.14158991]), array([15.34077711, -1.05473603, 26.97971832, -2.2861423 , -1.27670086,
        4.37426779]), array([14.28604108, -1.01178245, 24.69357601, -2.32891384, -0.22196483,
        6.66041009]), array([13.27425863, -0.90395661, 22.36466217, -2.36313107,  0.78981762,
        8.98932393]), array([12.37030202, -0.42064009, 20.0015311 , -2.39050486,  1.69377423,
       11.35245501]), array([11.94966194, -0.13176635, 17.61102624, -2.41240389,  2.11441431,
       13.74295987]), array([11.81789559,  0.12108864, 15.19862235, -2.42992311,  2.24618066,
       16.15536375]), array([11.93898422,  0.59687091, 12.76869924, -2.08119131,  2.12509202,
       18.58528686]), array([12.53585513,  0.97749673, 10.68750793, -1.6229113 ,  1.52822112,
       20.66647817]), array([13.51335186,  1.28199738,  9.06459663, -1.13819821,  0.55072439,
       22.28938947]), array([14.79534924,  1.52559791,  7.92639842, -0.64652072, -0.73127299,
       23.42758769]), array([16.32094715,  1.72047832,  7.27987769, -0.10668819, -2.2568709 ,
       24.07410841]), array([18.04142547,  1.86502099,  7.1731895 ,  0.41464945, -3.97734922,
       24.1807966 ]), array([19.90644647,  1.88237251,  7.58783895,  0.83171956, -5.84237022,
       23.76614715]), array([21.78881898,  1.81875966,  8.4195585 ,  1.16537565, -7.72474273,
       22.9344276 ]), array([23.60757864,  1.74266166,  9.58493415,  1.43230052, -9.54350239,
       21.76905195]), array([ 25.3502403 ,   1.81751181,  11.01723467,   1.64584041,
       -11.28616405,  20.33675144]), array([ 27.1677521 ,   1.86564988,  12.66307508,   1.81667233,
       -13.10367585,  18.69091102]), array([ 29.03340198,   1.70289402,  14.47974741,   1.95333786,
       -14.96932574,  16.87423869]), array([ 30.736296  ,   1.36225391,  16.43308527,   2.06267029,
       -16.67221975,  14.92090083]), array([ 32.09854991,   0.97429766,  18.49575557,   2.15013623,
       -18.03447366,  12.85823054]), array([ 33.07284757,   0.54071624,  20.6458918 ,   2.22010899,
       -19.00877133,  10.7080943 ]), array([ 33.61356381,   0.10419196,  22.86600079,   2.27608719,
       -19.54948757,   8.48798532]), array([ 33.71775577,  -0.13336678,  25.14208798,   2.32086975,
       -19.65367952,   6.21189813]), array([ 33.58438899,  -0.47053885,  27.46295773,   2.3566958 ,
       -19.52031274,   3.89102837]), array([ 33.11385014,  -0.87643108,  29.81965353,   2.29086026,
       -19.04977389,   1.53433257]), array([ 32.23741906,  -1.20114487,  32.11051379,   2.03702606,
       -18.17334281,  -0.75652768]), array([ 31.03627419,  -1.46091589,  34.14753985,   1.21708708,
       -16.97219794,  -2.79355375]), array([ 29.5753583 ,  -1.35289337,  35.36462693,   0.47366966,
       -15.51128205,  -4.01064082]), array([ 28.22246493,  -1.11109172,  35.83829659,  -0.12106427,
       -14.15838868,  -4.48431049]), array([ 27.11137321,  -0.82906517,  35.71723232,  -0.59685142,
       -13.04729697,  -4.36324621]), array([ 26.28230804,  -0.41680808,  35.1203809 ,  -0.97748113,
       -12.21823179,  -3.7663948 ]), array([ 2.58655000e+01, -2.53914255e-02,  3.41428998e+01, -1.28198491e+00,
       -1.18014237e+01, -2.78891366e+00]), array([ 25.84010854,   0.34068258,  32.86091486,  -1.52558793,
       -11.77603229,  -1.50692876]), array([ 2.61807911e+01,  6.69077855e-01,  3.13353269e+01, -1.72047034e+00,
       -1.21167149e+01,  1.86591674e-02]), array([ 26.84986897,   0.96265255,  29.61485659,  -1.87637627,
       -12.78579272,   1.73912951]), array([ 27.81252151,   1.27012204,  27.73848032,  -1.73658968,
       -13.74844527,   3.61550578]), array([ 29.08264355,   1.51609763,  26.00189064,  -1.29886819,
       -15.0185673 ,   5.35209546]), array([ 30.59874118,   1.58201526,  24.70302245,  -0.53909455,
       -16.53466493,   6.65096365]), array([ 32.18075645,   1.36777484,  24.1639279 ,   0.06872436,
       -18.1166802 ,   7.1900582 ]), array([ 33.54853129,   1.08052202,  24.23265226,   0.55497949,
       -19.48445504,   7.12133384]), array([ 34.6290533 ,   0.73752411,  24.78763175,   0.94398359,
       -20.56497706,   6.56635435]), array([ 35.36657742,   0.38215741,  25.73161534,   1.25518687,
       -21.30250117,   5.62237076]), array([ 3.57487348e+01, -8.16556557e-03,  2.69868022e+01,  1.50414950e+00,
       -2.16846586e+01,  4.36718389e+00]), array([ 35.74056926,  -0.46907494,  28.49095171,   1.7033196 ,
       -21.67649302,   2.86303439]), array([ 35.27149432,  -0.87525995,  30.19427131,   1.7798342 ,
       -21.20741807,   1.15971479]), array([ 34.39623437,  -1.20020796,  31.97410551,   1.53381615,
       -20.33215812,  -0.62011941]), array([ 33.1960264 ,  -1.43403984,  33.50792166,   0.72705292,
       -19.13195015,  -2.15393556]), array([ 31.76198657,  -1.23329824,  34.23497458,   0.08164234,
       -17.69791032,  -2.88098848]), array([ 30.52868832,  -0.95968662,  34.31661691,  -0.43468613,
       -16.46461208,  -2.96263081]), array([ 29.56900171,  -0.70055573,  33.88193078,  -0.8477489 ,
       -15.50492546,  -2.52794468]), array([ 28.86844598,  -0.44967862,  33.03418188,  -1.17819912,
       -14.80436973,  -1.68019578]), array([ 28.41876736,  -0.16010963,  31.85598275,  -1.4425593 ,
       -14.35469111,  -0.50199665]), array([ 28.25865772,   0.18864522,  30.41342345,  -1.65404744,
       -14.19458148,   0.94056265]), array([ 28.44730295,   0.54401798,  28.75937602,  -1.82323795,
       -14.3832267 ,   2.59461009]), array([ 28.99132092,   0.93521438,  26.93613806,  -1.68694809,
       -14.92724468,   4.41784804]), array([ 29.9265353 ,   1.2481715 ,  25.24918998,  -1.17788008,
       -15.86245906,   6.10479612]), array([ 31.17470681,   1.4985372 ,  24.07130989,  -0.63047069,
       -17.11063056,   7.28267621]), array([ 32.67324401,   1.69882976,  23.4408392 ,  -0.13800064,
       -18.60916776,   7.9131469 ]), array([ 34.37207377,   1.85906381,  23.30283856,   0.35442915,
       -20.30799753,   8.05114754]), array([ 36.23113758,   1.9137862 ,  23.65726771,   0.78354332,
       -22.16706134,   7.69671839]), array([ 38.14492378,   1.85958954,  24.44081102,   1.12683465,
       -24.08084753,   6.91317508]), array([ 40.00451331,   1.71855599,  25.56764568,   1.40146772,
       -25.94043707,   5.78634042]), array([ 41.7230693 ,   0.87484479,  26.9691134 ,   1.41094793,
       -27.65899306,   4.3848727 ]), array([ 42.59791409,   0.19987583,  28.38006132,   1.26997573,
       -28.53383785,   2.97392478]), array([ 42.79778993,  -0.34009933,  29.65003705,   1.08094195,
       -28.73371368,   1.70394905]), array([ 42.45769059,  -0.77207947,  30.730979  ,   0.87405584,
       -28.39361434,   0.6230071 ]), array([ 41.68561112,  -1.11766357,  31.60503484,   0.66178371,
       -27.62153488,  -0.25104874]), array([ 40.56794755,  -1.39413086,  32.26681855,   0.4484918 ,
       -26.5038713 ,  -0.91283245]), array([ 39.17381669,  -1.61530469,  32.71531035,   0.23396858,
       -25.10974044,  -1.36132425]), array([ 3.75585120e+01, -1.79224375e+00,  3.29492789e+01,  1.38166774e-02,
       -2.34944358e+01, -1.59529283e+00]), array([ 35.76626825,  -1.933795  ,  32.96309561,  -0.31313291,
       -21.70219201,  -1.60910951]), array([ 33.83247325,  -1.92615516,  32.6499627 ,  -0.75050633,
       -19.76839701,  -1.2959766 ]), array([ 31.90631809,  -1.45282659,  31.89945637,  -1.10040507,
       -17.84224185,  -0.54547026]), array([ 30.4534915 ,  -1.20578453,  30.7990513 ,  -1.38032405,
       -16.38941526,   0.5549348 ])]

Actions: [array([0.01683844, 0.5       ]), array([0.01639769, 0.5       ]), array([0.0128423, 0.5      ]), array([0.01270069, 0.5       ]), array([0.01257365, 0.5       ]), array([0.01245606, 0.5       ]), array([0.01234371, 0.5       ]), array([0.01223266, 0.5       ]), array([0.07718303, 0.5       ]), array([0.09538009, 0.5       ]), array([0.10927458, 0.5       ]), array([0.12711325, 0.5       ]), array([0.15358093, 0.5       ]), array([-0.31851645, -0.5       ]), array([-0.31393434, -0.5       ]), array([-0.29709043, -0.5       ]), array([-0.28197955, -0.5       ]), array([-0.27532575, -0.5       ]), array([-0.26504773, -0.5       ]), array([-0.25598794, -0.5       ]), array([-0.24767754, -0.5       ]), array([-0.23975114, -0.5       ]), array([-0.2318737, -0.5      ]), array([-0.22367269, -0.5       ]), array([-0.2146408, -0.5      ]), array([-0.2039372, -0.5      ]), array([-0.1898601, -0.5      ]), array([-0.16799362, -0.5       ]), array([-0.09453065, -0.5       ]), array([ 0.3025252, -0.5      ]), array([ 0.20474572, -0.5       ]), array([ 0.22650172, -0.5       ]), array([ 0.5       , -0.13725282]), array([0.5       , 0.04204175]), array([0.5       , 0.16013083]), array([0.5       , 0.26403785]), array([0.5       , 0.41052839]), array([0.48863834, 0.5       ]), array([0.39035572, 0.5       ]), array([0.31286165, 0.5       ]), array([0.28765393, 0.5       ]), array([0.42338248, 0.5       ]), array([0.41164044, 0.5       ]), array([0.21037411, 0.5       ]), array([-6.13047353e-05,  5.00000000e-01]), array([-0.11550547,  0.5       ]), array([-0.23872189,  0.5       ]), array([-0.32838104,  0.5       ]), array([-0.21672034,  0.5       ]), array([-0.36384543,  0.5       ]), array([-0.5       ,  0.40550362]), array([-0.5       ,  0.20433786]), array([-0.5       , -0.41253377]), array([-0.18416065, -0.5       ]), array([-0.02877702, -0.5       ]), array([ 0.0598082, -0.5      ]), array([ 0.24644406, -0.5       ]), array([ 0.30805504, -0.5       ]), array([ 0.36099572, -0.5       ]), array([ 0.39653179, -0.5       ]), array([ 0.42739026, -0.5       ]), array([ 0.5       , -0.23548866]), array([0.5       , 0.09040356]), array([0.36913716, 0.5       ]), array([0.10216263, 0.5       ]), array([-0.01369786,  0.5       ]), array([-0.1268935,  0.5      ]), array([-0.20786188,  0.5       ]), array([-0.31389149,  0.5       ]), array([-0.46254249,  0.5       ]), array([-0.5       ,  0.41717852]), array([-0.5       ,  0.10994879]), array([-0.47387346, -0.5       ]), array([-0.08606638, -0.5       ]), array([ 0.02695198, -0.5       ]), array([ 0.06719357, -0.5       ]), array([ 0.11076596, -0.5       ]), array([ 0.19963326, -0.5       ]), array([ 0.31673293, -0.5       ]), array([ 0.3931018, -0.5      ]), array([ 0.5       , -0.22835773]), array([0.5       , 0.17167839]), array([0.5       , 0.31183338]), array([0.5       , 0.36637591]), array([0.5       , 0.46482966]), array([0.42653515, 0.5       ]), array([0.32856058, 0.5       ]), array([0.23088436, 0.5       ]), array([-0.5       ,  0.28977375]), array([-0.5       ,  0.14121739]), array([-0.5       ,  0.06496137]), array([-0.5       ,  0.00930228]), array([-0.5       , -0.03746097]), array([-0.5       , -0.08093516]), array([-0.5       , -0.12482486]), array([-0.5       , -0.17335819]), array([-0.5       , -0.32418626]), array([-0.37911916, -0.5       ]), array([ 0.08809754, -0.5       ]), array([-0.04352326, -0.5       ])]

Trash Locations: [(25.503576352184055, 38.97626419994625), (17.286810074222515, 30.384246887621316)]
Bad
Feature: [25, 74, 2]

States: [array([ 8.3926466 ,  0.        , 43.3409862 ,  0.        ,  8.33941707,
       -9.86919043]), array([ 8.3926466 ,  0.5       , 43.3409862 , -0.49022806,  8.33941707,
       -9.86919043]), array([ 8.8926466 ,  0.68282617, 42.85075814, -0.89218245,  7.83941707,
       -9.37896237]), array([ 9.57547277,  0.82005717, 41.95857569, -1.21374596,  7.1565909 ,
       -8.48677992]), array([10.39552994,  0.93718056, 40.74482973, -1.47099677,  6.33653374,
       -7.27303396]), array([11.3327105 ,  1.04746006, 39.27383297, -1.67679741,  5.39935318,
       -5.80203719]), array([12.38017056,  1.15923605, 37.59703555, -1.84143793,  4.35189312,
       -4.12523978]), array([13.5394066 ,  1.32652769, 35.75559762, -1.97315034,  3.19265707,
       -2.28380185]), array([14.86593429,  1.56122215, 33.78244728, -2.03251305,  1.86612938,
       -0.3106515 ]), array([16.42715644,  1.74897772, 31.74993422, -1.97848115,  0.30490723,
        1.72186155]), array([18.17613417,  1.89918218, 29.77145307, -1.86161193, -1.44407049,
        3.7003427 ]), array([20.07531634,  2.01934574, 27.90984115, -1.66141241, -3.34325267,
        5.56195463]), array([22.09466208,  2.11547659, 26.24842874, -1.32736826, -5.36259841,
        7.22336703]), array([24.21013868,  1.19238127, 24.92106048, -0.73885825, -7.478075  ,
        8.55073529]), array([25.40251995,  0.45390502, 24.18220223, -0.2947911 , -8.67045628,
        9.28959355]), array([25.85642497, -0.13687598, 23.88741113,  0.23638775, -9.1243613 ,
        9.58438464]), array([25.71954899, -0.60950079, 24.12379888,  0.67766729, -8.98748531,
        9.34799689]), array([25.1100482 , -0.98760063, 24.80146617,  1.03355598, -8.37798452,
        8.6703296 ]), array([24.12244757, -1.2900805 , 25.83502215,  1.31388976, -7.39038389,
        7.63677362]), array([22.83236707, -1.5320644 , 27.14891191,  1.53368159, -6.10030339,
        6.32288386]), array([21.30030266, -1.72565152, 28.6825935 ,  1.70438462, -4.56823899,
        4.78920227]), array([19.57465114, -1.88052122, 30.38697812,  1.83410677, -2.84258746,
        3.08481765]), array([17.69412992, -2.00441697, 32.22108489,  1.92624584, -0.96206625,
        1.25071088]), array([15.68971295, -2.10353358, 34.14733073,  1.96547455,  1.04235073,
       -0.67553496]), array([ 13.58617937,  -1.71939296,  36.11280528,   1.07237964,
        -0.64021226, -15.19793835]), array([ 11.86678641,  -1.33942155,  37.18518491,   0.35790371,
         1.07918069, -16.27031798]), array([ 10.52736487,  -0.98473312,  37.54308862,  -0.21367703,
         2.41860224, -16.62822169]), array([  9.54263175,  -0.66400675,  37.32941159,  -0.67094163,
         3.40333536, -16.41454466]), array([  8.878625  ,  -0.38193434,  36.65846996,  -1.0367533 ,
         4.06734211, -15.74360303]), array([  8.49669065,  -0.13936217,  35.62171666,  -1.32940264,
         4.44927645, -14.70684973]), array([  8.35732848,   0.06757477,  34.29231402,  -1.56352211,
         4.58863862, -13.37744709]), array([  8.42490325,   0.22785011,  32.72879191,  -1.75081769,
         4.52106386, -11.81392498]), array([  8.65275336,   0.37218708,  30.97797422,  -1.90065415,
         4.29321375, -10.06310729]), array([ 9.02494044,  0.50445325, 29.07732007, -2.02052332,  3.92102667,
       -8.16245314]), array([ 9.52939368,  0.62887484, 27.05679674, -2.11641866,  3.41657342,
       -6.14192982]), array([10.15826852,  0.74498443, 24.94037809, -2.19313493,  2.78769859,
       -4.02551116]), array([10.90325295,  0.87654807, 22.74724316, -2.25450794,  2.04271416,
       -1.83237623]), array([11.77980102,  1.03037824, 20.49273522, -2.30360635,  1.16616609,
        0.42213171]), array([12.81017926,  1.27036069, 18.18912887, -2.34288508,  5.13441633,
       18.91090902]), array([14.08053994,  1.51628855, 15.84624379, -2.15901969,  3.86405565,
       21.2537941 ]), array([15.59682849,  1.71303084, 13.6872241 , -1.95014183,  2.3477671 ,
       23.41281378]), array([17.30985933,  1.87042467, 11.73708227, -1.42061222,  0.63473626,
       25.36295562]), array([19.18028401,  1.99633974, 10.31647004, -1.07265747, -1.23568841,
       26.78356784]), array([21.17662374,  2.09707179,  9.24381257, -0.69780517, -3.23202815,
       27.85622531]), array([23.27369553,  2.17765743,  8.5460074 , -0.21206267, -5.32909994,
       28.55403049]), array([25.45135297,  2.1525516 ,  8.33394473,  0.33034986, -7.50675737,
       28.76609316]), array([27.60390456,  1.93219148,  8.66429459,  0.76427989, -9.65930897,
       28.43574329]), array([ 29.53609604,   1.6614108 ,   9.42857448,   1.11142391,
       -11.59150045,  27.6714634 ]), array([ 31.19750684,   1.34885318,  10.5399984 ,   1.38913913,
       -13.25291125,  26.56003949]), array([ 32.54636003,   1.0026205 ,  11.92913753,   1.6113113 ,
       -14.60176444,  25.17090036]), array([ 33.54898053,   0.5956894 ,  13.54044883,   1.78904904,
       -15.60438494,  23.55958905]), array([ 34.14466994,   0.07244521,  15.32949787,   1.93123923,
       -16.20007434,  21.77054001]), array([ 34.21711515,   0.35701669,  17.26073711,   2.04499139,
       -16.27251956,  19.83930077]), array([ 34.57413184,   0.59829129,  19.3057285 ,   2.13599311,
       -16.62953625,  17.79430939]), array([ 35.17242313,   0.80105247,  21.44172161,   2.20879449,
       -17.22782754,  15.65831628]), array([ 35.9734756 ,   0.88668238,  23.6505161 ,   2.26703559,
       -18.02888001,  13.44952179]), array([ 36.86015798,   0.94823039,  25.91755169,   2.31362847,
       -18.91556239,  11.1824862 ]), array([ 37.80838838,   1.0099828 ,  28.23118016,   2.35090278,
       -19.86379278,   8.86885773]), array([ 38.81837118,   0.86201802,  30.58208294,   1.38072222,
       -20.87377558,   6.51795495]), array([ 39.68038919,   0.68098708,  31.96280516,   0.60457778,
       -21.7357936 ,   5.13723273]), array([ 4.03613763e+01,  5.11549725e-01,  3.25673829e+01, -1.63377777e-02,
       -2.24167807e+01,  4.53265495e+00]), array([ 40.872926  ,   0.35782881,  32.55104516,  -0.51307022,
       -22.92833041,   4.54899273]), array([ 41.23075481,   0.22028492,  32.03797494,  -0.91045618,
       -23.28615922,   5.06206295]), array([ 41.45103972,   0.09309418,  31.12751876,  -1.22836494,
       -23.50644413,   5.97251913]), array([ 4.15441339e+01, -2.01348634e-02,  2.98991538e+01, -1.48269195e+00,
       -2.35995383e+01,  7.20088407e+00]), array([ 41.52399904,  -0.12159501,  28.41646186,  -1.68615356,
       -23.57940345,   8.68357602]), array([ 41.40240404,  -0.21361789,  26.7303083 ,  -1.84892285,
       -23.45780845,  10.36972958]), array([ 41.18878615,  -0.29871309,  24.88138545,  -1.97913828,
       -23.24419056,  12.21865243]), array([ 40.89007306,  -0.37981097,  22.90224717,  -2.08331062,
       -22.94547746,  14.19779071]), array([ 40.51026209,  -0.46092917,  20.81893655,  -2.1666485 ,
       -22.5656665 ,  16.28110134]), array([ 40.04933292,  -0.57657809,  18.65228805,  -2.2333188 ,
       -22.10473733,  18.44774984]), array([ 39.47275483,  -0.95986442,  16.41896925,  -2.28665504,
       -21.52815924,  20.68106864]), array([ 38.51289042,  -1.26789153,  14.13231421,  -1.44306326,
       -20.56829482,  22.96772368]), array([ 37.24499888,  -1.30814785,  12.68925095,  -0.65445061,
       -19.30040329,  24.41078693]), array([ 3.59368510e+01, -1.24635287e+00,  1.20348003e+01, -2.35604841e-02,
       -1.79922554e+01,  2.50652375e+01]), array([ 34.69049816,  -1.14061133,  12.01123986,   0.48115161,
       -16.74590257,  25.08879802]), array([ 33.54988683,  -1.00963866,  12.49239147,   0.88492129,
       -15.60529124,  24.60764641]), array([ 32.54024817,  -1.30771093,  13.37731276,   0.52329195,
       -14.59565258,  23.72272512]), array([ 31.23253724,  -1.54616874,  13.90060472,   0.18232549,
       -13.28794165,  23.19943317]), array([ 29.68636849,  -1.736935  ,  14.08293021,  -0.14272323,
       -11.7417729 ,  23.01710768]), array([ 27.9494335 ,  -1.889548  ,  13.94020697,  -0.47067802,
       -10.00483791,  23.15983091]), array([26.0598855 , -2.0116384 , 13.46952895, -0.81042723, -8.11528991,
       23.63050893]), array([24.0482471 , -2.0675744 , 12.65910172, -1.14834179, -6.10365151,
       24.44093616]), array([21.9806727 , -2.01886169, 11.51075994, -1.41867343, -4.03607711,
       25.58927795]), array([19.96181101, -1.79262512, 10.09208651, -1.63493874, -2.01721542,
       27.00795138]), array([18.16918589, -1.36455041,  8.45714777, -1.80795099, -0.2245903 ,
       28.64289012]), array([16.80463548, -0.59164033,  6.64919677, -1.38620565,  1.13996011,
       30.45084111]), array([16.21299515, -0.37255664,  5.26299112, -0.60896452,  1.73160044,
       31.83704676]), array([ 1.58404385e+01, -2.14320792e-01,  4.65402660e+00,  1.28283840e-02,
        2.10415709e+00,  3.24460113e+01]), array([15.62611771, -0.08074814,  4.66685499,  0.51026271,  2.31847788,
       32.4331829 ]), array([1.55453696e+01, 2.95990735e-02, 5.17711769e+00, 9.08210166e-01,
       2.39922602e+00, 3.19229202e+01]), array([15.57496864,  0.12136694,  6.08532786,  1.22656813,  2.36962695,
       31.01471003]), array([15.69633558,  0.19758755,  7.31189599,  1.48125451,  2.24826001,
       29.78814189]), array([15.89392313,  0.26212374,  8.7931505 ,  1.6850036 ,  2.05067247,
       28.30688739]), array([16.15604687,  0.31719003, 10.4781541 ,  1.84800288,  1.78854872,
       26.62188378]), array([16.4732369 , -0.24624798, 12.32615699,  1.46548016,  1.47135869,
       24.7738809 ]), array([16.22698892, -0.69699838, 13.79163715,  1.06425191,  1.71760667,
       23.30840074]), array([15.52999054, -1.0575987 , 14.85588905,  0.67842629,  2.41460505,
       22.24414883]), array([14.47239184, -1.34607896, 15.53431535,  0.17951519,  3.47220375,
       21.56572254]), array([13.12631288, -1.4926557 , 15.71383054, -0.35638785,  4.81828272,
       21.38620735]), array([11.63365718, -1.53068656, 15.35744269, -0.78511028,  6.31093841,
       21.74259519])]

Actions: [array([ 0.5       , -0.49022806]), array([ 0.28282617, -0.5       ]), array([ 0.27379623, -0.5       ]), array([ 0.28113483, -0.5       ]), array([ 0.29771561, -0.5       ]), array([ 0.321268, -0.5     ]), array([ 0.39913885, -0.5       ]), array([ 0.5       , -0.45399278]), array([ 0.5       , -0.35247071]), array([ 0.5       , -0.27882701]), array([ 0.5       , -0.17212287]), array([0.5       , 0.00176167]), array([-0.5       ,  0.32303636]), array([-0.5      ,  0.2962955]), array([-0.5       ,  0.47222063]), array([-0.5       ,  0.48855709]), array([-0.5       ,  0.49142215]), array([-0.5       ,  0.48704498]), array([-0.5       ,  0.48256978]), array([-0.5       ,  0.47743935]), array([-0.5       ,  0.47059907]), array([-0.5       ,  0.45896043]), array([-0.5       ,  0.42447787]), array([-0.03656609, -0.5       ]), array([ 0.03609282, -0.5       ]), array([ 0.08680412, -0.5       ]), array([ 0.12377974, -0.5       ]), array([ 0.14927106, -0.5       ]), array([ 0.1661853, -0.5      ]), array([ 0.1790645, -0.5      ]), array([ 0.1737903, -0.5      ]), array([ 0.18990699, -0.5       ]), array([ 0.20670358, -0.5       ]), array([ 0.22531224, -0.5       ]), array([ 0.24188456, -0.5       ]), array([ 0.28056053, -0.5       ]), array([ 0.32913978, -0.5       ]), array([ 0.4460581, -0.5      ]), array([ 0.5       , -0.28471162]), array([ 0.5       , -0.22292608]), array([0.5       , 0.13950124]), array([0.5       , 0.06383231]), array([0.5       , 0.16032081]), array([0.5       , 0.34618147]), array([0.41042565, 0.5       ]), array([0.2101502, 0.5      ]), array([0.11565762, 0.5       ]), array([0.01972454, 0.5       ]), array([-0.07646204,  0.5       ]), array([-0.206407,  0.5     ]), array([-0.40410631,  0.5       ]), array([0.29906052, 0.5       ]), array([0.31267794, 0.5       ]), array([0.32241943, 0.5       ]), array([0.24584041, 0.5       ]), array([0.23888448, 0.5       ]), array([0.25139849, 0.5       ]), array([ 0.05403178, -0.5       ]), array([-0.00862733, -0.5       ]), array([-0.03323994, -0.5       ]), array([-0.05141097, -0.5       ]), array([-0.06597813, -0.5       ]), array([-0.08313375, -0.5       ]), array([-0.09461021, -0.5       ]), array([-0.10548712, -0.5       ]), array([-0.11634189, -0.5       ]), array([-0.12781878, -0.5       ]), array([-0.14084049, -0.5       ]), array([-0.1570804, -0.5      ]), array([-0.20783475, -0.5       ]), array([-0.49860195, -0.5       ]), array([-0.5       ,  0.38626078]), array([-0.29383463,  0.5       ]), array([-0.19983459,  0.5       ]), array([-0.14352903,  0.5       ]), array([-0.0971496,  0.5      ]), array([-0.5       , -0.18464508]), array([-0.5       , -0.23630807]), array([-0.5       , -0.28858363]), array([-0.5       , -0.35649943]), array([-0.5       , -0.43388482]), array([-0.45826369, -0.5       ]), array([-0.36480217, -0.5       ]), array([-0.17753577, -0.5       ]), array([ 0.06954968, -0.5       ]), array([0.5       , 0.06015515]), array([0.10075562, 0.5       ]), array([0.08372452, 0.5       ]), array([0.09070849, 0.5       ]), array([0.09419759, 0.5       ]), array([0.09768768, 0.5       ]), array([0.100494, 0.5     ]), array([0.10405371, 0.5       ]), array([0.10749103, 0.5       ]), array([-0.5       , -0.01292215]), array([-0.5       , -0.10813222]), array([-0.5       , -0.17297523]), array([-0.5       , -0.36322584]), array([-0.41579253, -0.5       ]), array([-0.336562, -0.5     ])]

Trash Locations: [(16.73206367643396, 33.47179577214202), (12.94596710500084, 20.914866927719054)]