
Good
Feature: [19, 78, 4]

States: [array([18.63331572,  0.        , 26.22794878,  0.        ,  8.5600591 ,
       12.21791283]), array([18.63331572,  0.29583422, 26.22794878,  0.5       ,  8.5600591 ,
       12.21791283]), array([18.92914993,  0.53250159, 26.72794878,  0.9       ,  8.26422488,
       11.71791283]), array([19.46165153,  0.74064134, 27.62794878,  1.22      ,  7.73172329,
       10.81791283]), array([20.20229287,  0.90847045, 28.84794878,  1.476     ,  6.99108195,
        9.59791283]), array([21.11076332,  1.04403638, 30.32394878,  1.6808    ,  6.0826115 ,
        8.12191283]), array([22.1547997 ,  1.15711464, 32.00474878,  1.84464   ,  5.03857512,
        6.44111283]), array([23.31191434,  1.24798032, 33.84938878,  1.975712  ,  3.88146048,
        4.59647283]), array([24.55989466,  1.29909338, 35.82510078,  2.0805696 ,  2.63348016,
        2.62076083]), array([25.85898804,  1.33680997, 37.90567038,  2.16445568,  1.33438678,
        0.54019123]), array([ 27.19579801,   1.36282311,  40.07012606,   2.23156454,
       -13.29512893, -12.39900618]), array([ 28.55862112,   1.37716929,  42.3016906 ,   2.28525164,
       -14.65795205, -14.63057073]), array([ 29.93579041,   1.34299467,  44.58694224,   1.32820131,
       -16.03512133, -16.91582236]), array([ 31.27878508,   0.65482791,  45.91514354,   0.56256105,
       -17.37811601, -18.24402367]), array([ 3.19336130e+01,  2.38623302e-02,  4.64777046e+01, -3.79389070e-02,
       -1.80329439e+01, -1.88065847e+01]), array([ 31.95747533,  -0.11248896,  46.43976568,   0.46964887,
       -18.05680625, -18.76864581]), array([ 3.18449864e+01,  8.14434125e-03,  4.69094146e+01,  8.75719100e-01,
       -1.79443173e+01, -1.92382947e+01]), array([ 31.85313071,   0.50620151,  47.78513366,   1.20057528,
       -17.95246163, -20.11401378]), array([ 32.35933222,   0.90496121,  48.98570894,   1.16307581,
       -18.45866315, -21.31458906]), array([ 33.26429343,   1.22396897,  50.14878475,   1.01032175,
       -19.36362435, -22.47766488]), array([ 34.4882624 ,   1.47917517,  51.1591065 ,   0.67763012,
       -20.58759332, -23.48798662]), array([ 3.59674376e+01,  1.35658253e+00,  5.18367366e+01,  4.21040951e-02,
       -2.20667685e+01, -2.41656167e+01]), array([ 37.32402011,   1.14169154,  51.87884071,  -0.46631672,
       -23.42335103, -24.20772084]), array([ 38.46571165,   0.9418399 ,  51.41252399,  -0.87305338,
       -24.56504257, -23.74140411]), array([ 39.40755154,   0.74057495,  50.53947061,  -1.1984427 ,
       -25.50688246, -22.86835074]), array([ 40.14812649,   0.44118938,  49.34102791,  -1.45875416,
       -26.24745741, -21.66990803]), array([ 4.05893159e+01,  3.27046969e-03,  4.78822737e+01, -1.66700333e+00,
       -2.66886468e+01, -2.02111539e+01]), array([ 40.59258634,  -0.49738362,  46.21527041,  -1.69751386,
       -26.69191726, -18.54415054]), array([ 40.09520271,  -0.8979069 ,  44.51775656,  -1.52245262,
       -26.19453364, -16.84663668]), array([ 39.19729582,  -1.21832552,  42.99530394,  -1.32213729,
       -25.29662674, -15.32418406]), array([ 37.9789703 ,  -1.47466042,  41.67316665,  -1.19875908,
       -24.07830122, -14.00204678]), array([ 36.50430988,  -1.67972833,  40.47440757,  -1.20474698,
       -22.6036408 , -12.8032877 ]), array([ 34.82458155,  -1.84378267,  39.26966059,  -1.24280361,
       -20.92391247, -11.59854072]), array([ 32.98079888,  -1.97502613,  38.02685698,  -1.2679988 ,
       -19.0801298 , -10.3557371 ]), array([ 31.00577275,  -2.08002091,  36.75885817,  -1.28321736,
       -17.10510367,  -9.0877383 ]), array([ 28.92575184,  -2.16401672,  35.47564082,  -1.28867881,
       -15.02508276,  -7.80452094]), array([ 26.76173512,  -2.23121338,  34.18696201,  -1.28816129,
       -12.86106604,  -6.51584213]), array([ 24.53052174,  -2.2849707 ,  32.89880071,  -1.28275446,
       -10.62985266,  -5.22768084]), array([22.24555103, -2.32797656, 31.61604625, -1.2731273 , -8.34488196,
       -3.94492638]), array([19.91757447, -2.36238125, 30.34291896, -1.25951355, -6.01690539,
       -2.67179908]), array([17.55519322, -2.389905  , 29.08340541, -1.24158284, -3.65452414,
       -1.41228553]), array([15.16528822, -2.411924  , 27.84182257, -1.21802648, -1.26461914,
       -0.1707027 ]), array([12.75336422, -2.4295392 , 26.62379609, -1.18517612,  6.64194164,
       -4.2703689 ]), array([10.32382502, -2.44363136, 25.43861998, -1.32288833,  9.07148084,
       -3.08519279]), array([ 7.88019366, -2.03200998, 24.11573165, -1.55831066, 11.5151122 ,
       -1.76230446]), array([ 5.84818368, -1.58354786, 22.55742099, -1.74664853, 13.54712219,
       -0.2039938 ]), array([ 4.26463581, -1.13120238, 20.81077246, -1.89731882, 15.13067005,
        1.54265473]), array([ 3.13343343, -0.72815078, 18.91345364, -2.01785506, 16.26187243,
        3.43997355]), array([ 2.40528265, -0.28116663, 16.89559858, -2.11428405, 16.99002321,
        5.45782861]), array([ 2.12411602,  0.15186008, 14.78131454, -2.19142724, 17.27118984,
        7.57211265]), array([ 2.2759761 ,  0.57179365, 12.5898873 , -2.25314179, 17.11932976,
        9.76353989]), array([ 2.84776975,  0.95743492, 10.33674551, -2.05069545, 16.54753611,
       12.01668168]), array([ 3.80520467,  1.26594793,  8.28605006, -1.66846427, 15.5901012 ,
       14.06737713]), array([ 5.0711526 ,  1.51275835,  6.61758579, -1.17361272, 14.32415326,
       15.7358414 ]), array([ 6.58391095,  1.71020668,  5.44397307, -0.53810007, 12.81139492,
       16.90945412]), array([ 8.29411762,  1.80922836,  4.905873  ,  0.06951994, 11.10118824,
       17.44755419]), array([10.10334599,  1.80572316,  4.97539294,  0.55561596,  9.29195987,
       17.37803425]), array([11.90906915,  1.71427774,  5.5310089 ,  0.94449276,  7.48623671,
       16.82241829]), array([13.62334689,  1.55443484,  6.47550166,  1.25559421,  5.77195897,
       15.87792553]), array([15.17778173,  1.32969858,  7.73109587,  1.50447537,  4.21752414,
       14.62233132]), array([16.50748031,  0.930689  ,  9.23557124,  1.7035803 ,  2.88782556,
       13.11785595]), array([17.4381693 ,  0.54324636, 10.93915154,  1.86286424,  1.95713656,
       11.41427565]), array([17.98141566,  0.18854962, 12.80201577,  1.99029139,  1.4138902 ,
        9.55141142]), array([18.16996528,  0.2396436 , 14.79230716,  2.09223311,  1.22534058,
        7.56112003]), array([18.40960888,  0.29541378, 16.88454027,  2.17378649,  0.98569698,
        5.46888692]), array([18.70502265,  0.34531019, 19.05832676,  2.23902919,  0.69028321,
        3.29510043]), array([19.05033285,  0.3907251 , 21.29735595,  2.29122335,  0.34497301,
        1.05607124]), array([19.44105795,  0.54469306, 23.5885793 ,  2.33297868, -6.57916634,
       10.89983044]), array([19.985751  ,  0.67353639, 25.92155799,  1.36638295, -7.1238594 ,
        8.56685176]), array([20.65928739,  0.73006627, 27.28794093,  0.59310636, -7.79739578,
        7.20046881]), array([ 2.13893537e+01,  7.45725800e-01,  2.78810473e+01, -2.55149146e-02,
       -8.52746205e+00,  6.60736245e+00]), array([22.13507946,  0.09658064, 27.85553238,  0.12905602, -9.27318785,
        6.63287737]), array([22.2316601 , -0.42273549, 27.9845884 ,  0.27253158, -9.36976849,
        6.50382135]), array([21.80892461, -0.83818839, 28.25711997,  0.38270471, -8.94703301,
        6.23128977]), array([20.97073622, -1.17055071, 28.63982468,  0.46695273, -8.10884462,
        5.84858506]), array([19.80018551, -1.43644057, 29.10677741,  0.53087849, -6.9382939 ,
        5.38163233]), array([18.36374494, -1.64915246, 29.63765591,  0.57875716, -5.50185333,
        4.85075384]), array([16.71459248, -1.78817537, 30.21641307,  0.96300573, -3.85270088,
        4.27199667]), array([14.92641711, -1.61924559, 31.1794188 ,  1.27040458, -2.0645255 ,
        3.30899094]), array([13.30717153, -1.40263779, 32.44982339,  1.51632367, -0.44527992,
        2.03858636]), array([11.90453373, -1.14002656, 33.96614705,  1.71305893,  0.95735787,
        0.52226269]), array([10.76450718, -0.65185086, 35.67920599,  1.87044715,  7.64870483,
       -2.79346149]), array([10.11265631, -0.06822444, 37.54965313,  1.99635772,  8.3005557 ,
       -4.66390863]), array([10.04443188,  0.38192833, 39.54601085,  2.09708617,  8.36878013,
       -6.66026635]), array([10.4263602 ,  0.76983578, 41.64309703,  2.17766894,  7.98685181,
       -8.75735252]), array([ 11.19619599,   0.48834429,  43.82076597,   1.24213515,
         7.21701602, -10.93502146]), array([ 11.68454028,   0.25580779,  45.06290112,   0.49370812,
         6.72867173, -12.17715662]), array([ 11.94034807,   0.11895124,  45.55660924,  -0.1050335 ,
         6.47286394, -12.67086474]), array([ 12.05929931,   0.12413888,  45.45157574,  -0.5840268 ,
         6.3539127 , -12.56583123]), array([ 12.18343819,   0.14718268,  44.86754893,  -0.96722144,
         6.22977382, -11.98180443]), array([ 12.33062088,   0.16404631,  43.90032749,  -1.27377715,
         6.08259113, -11.01458299]), array([12.49466719,  0.1013331 , 42.62655034, -1.51902172,  5.91854482,
       -9.74080584]), array([ 1.25960003e+01,  4.04935135e-02,  4.11075286e+01, -1.71521738e+00,
        5.81721172e+00, -8.22178411e+00]), array([ 1.26364938e+01,  1.37686773e-02,  3.93923112e+01, -1.87217390e+00,
        5.77671821e+00, -6.50656674e+00]), array([12.65026248,  0.03802362, 37.52013733, -1.99773912,  5.76294953,
       -4.63439283]), array([12.6882861 ,  0.0603378 , 35.52239821, -2.0981913 ,  5.72492591,
       -2.63665371]), array([12.7486239 ,  0.08132162, 33.42420691, -2.17855304,  5.66458811,
       -0.53846241]), array([12.82994552,  0.10169869, 31.24565388, -2.24284243,  5.58326649,
        1.64009063]), array([12.9316442 ,  0.13171664, 29.00281145, -2.29427394,  5.48156781,
        3.88293306]), array([13.06336085,  0.16529588, 26.7085375 , -2.33541916,  5.34985116,
        6.177207  ]), array([13.22865672,  0.20290521, 24.37311835, -2.36833532,  5.18455529,
        8.51262616])]

Actions: [array([0.29583422, 0.5       ]), array([0.29583422, 0.5       ]), array([0.31464006, 0.5       ]), array([0.31595738, 0.5       ]), array([0.31726002, 0.5       ]), array([0.32188554, 0.5       ]), array([0.3222886, 0.5      ]), array([0.30070913, 0.5       ]), array([0.29753527, 0.5       ]), array([0.29337514, 0.5       ]), array([0.2869108, 0.5      ]), array([ 0.24125924, -0.5       ]), array([-0.41956782, -0.5       ]), array([-0.5       , -0.48798774]), array([-0.13157882,  0.5       ]), array([0.09813551, 0.5       ]), array([0.49968604, 0.5       ]), array([0.5       , 0.20261559]), array([0.5      , 0.0798611]), array([ 0.5       , -0.13062728]), array([ 0.17324239, -0.5       ]), array([ 0.05642552, -0.5       ]), array([ 0.02848667, -0.5       ]), array([-0.01289697, -0.5       ]), array([-0.15127057, -0.5       ]), array([-0.34968104, -0.5       ]), array([-0.5       , -0.36391119]), array([-0.5       , -0.16444153]), array([-0.5       , -0.10417519]), array([-0.5       , -0.14104925]), array([-0.5       , -0.24573972]), array([-0.5       , -0.27900603]), array([-0.5       , -0.27375591]), array([-0.5       , -0.26881832]), array([-0.5       , -0.26210492]), array([-0.5       , -0.25721825]), array([-0.5       , -0.25222542]), array([-0.5       , -0.24692373]), array([-0.5       , -0.24101171]), array([-0.5     , -0.233972]), array([-0.5       , -0.22476021]), array([-0.5       , -0.21075493]), array([-0.5       , -0.37474743]), array([-0.07710489, -0.5       ]), array([ 0.04206012, -0.5       ]), array([ 0.13563591, -0.5       ]), array([ 0.17681113, -0.5       ]), array([ 0.30135399, -0.5       ]), array([ 0.37679339, -0.5       ]), array([ 0.45030558, -0.5       ]), array([ 0.5       , -0.24818202]), array([ 0.5       , -0.02790791]), array([0.5       , 0.16115869]), array([0.5       , 0.40079011]), array([0.44106302, 0.5       ]), array([0.35834047, 0.5       ]), array([0.26969921, 0.5       ]), array([0.18301264, 0.5       ]), array([0.08615071, 0.5       ]), array([-0.13306987,  0.5       ]), array([-0.20130484,  0.5       ]), array([-0.24604746,  0.5       ]), array([0.0888039, 0.5      ]), array([0.1036989, 0.5      ]), array([0.10897917, 0.5       ]), array([0.11447694, 0.5       ]), array([0.23211298, 0.5       ]), array([ 0.23778194, -0.5       ]), array([ 0.19123716, -0.5       ]), array([ 0.16167278, -0.5       ]), array([-0.5       ,  0.14946795]), array([-0.5       ,  0.16928676]), array([-0.5       ,  0.16467945]), array([-0.5       ,  0.16078896]), array([-0.5       ,  0.15731631]), array([-0.5       ,  0.15405437]), array([-0.46885341,  0.5       ]), array([-0.18870529,  0.5       ]), array([-0.10724133,  0.5       ]), array([-0.01791632,  0.5       ]), array([0.26017038, 0.5       ]), array([0.45325625, 0.5       ]), array([0.43650788, 0.5       ]), array([0.46429312, 0.5       ]), array([-0.12752434, -0.5       ]), array([-0.13486764, -0.5       ]), array([-0.08569499, -0.5       ]), array([ 0.02897789, -0.5       ]), array([ 0.04787157, -0.5       ]), array([ 0.04630017, -0.5       ]), array([-0.02990395, -0.5       ]), array([-0.04057297, -0.5       ]), array([-0.01862613, -0.5       ]), array([ 0.02700868, -0.5       ]), array([ 0.02991891, -0.5       ]), array([ 0.03305138, -0.5       ]), array([ 0.03664139, -0.5       ]), array([ 0.05035769, -0.5       ]), array([ 0.05992256, -0.5       ]), array([ 0.07066851, -0.5       ])]

Trash Locations: [(27.1933748151718, 38.44586160497701), (13.90066907835488, 27.6711198734739), (19.395305861836825, 22.353427189427862), (12.861891608105473, 34.48840974393804)]
Bad
Feature: [17, 82, 2]

States: [array([10.0440442 ,  0.        , 18.59563973,  0.        , 11.08438081,
       21.2398751 ]), array([10.0440442 ,  0.29195204, 18.59563973,  0.5       , 11.08438081,
       21.2398751 ]), array([10.33599624,  0.52551367, 19.09563973,  0.9       , 10.79242877,
       20.7398751 ]), array([10.86150991,  0.71236298, 19.99563973,  1.22      , 10.2669151 ,
       19.8398751 ]), array([11.57387289,  0.86609465, 21.21563973,  1.476     ,  9.55455212,
       18.6198751 ]), array([12.43996754,  0.98937232, 22.69163973,  1.6808    ,  8.68845748,
       17.1438751 ]), array([13.42933986,  1.08827608, 24.37243973,  1.84464   ,  7.69908515,
       15.4630751 ]), array([14.51761594,  1.08316815, 26.21707973,  1.975712  ,  6.61080908,
       13.6184351 ]), array([15.60078408,  1.04650528, 28.19279173,  2.0805696 ,  5.52764093,
       11.6427231 ]), array([16.64728936,  0.99879218, 30.27336133,  2.16445568,  4.48113565,
        9.5621535 ]), array([17.64608154,  0.93735098, 32.43781701,  2.23156454,  3.48234347,
        7.39769782]), array([18.58343252,  1.01684631, 34.66938156,  2.28525164,  2.54499249,
        5.16613327]), array([19.60027883,  1.12884356, 36.95463319,  2.32820131,  1.52814618,
        2.88088164]), array([20.72912239,  1.32423685, 39.2828345 ,  2.36256105,  0.39930262,
        0.55268033]), array([ 22.05335924,   1.0910477 ,  41.64539555,   1.39004884,
         0.29148086, -11.5827043 ]), array([ 23.14440694,   0.85934439,  43.03544438,   0.61203907,
        -0.79956684, -12.97275314]), array([ 2.40037513e+01,  6.44239002e-01,  4.36474835e+01, -1.03687442e-02,
       -1.65891123e+00, -1.35847922e+01]), array([ 24.64799033,   0.4501488 ,  43.63711471,  -0.508295  ,
        -2.30315023, -13.57442346]), array([ 25.09813913,   0.27724949,  43.12881971,  -0.906636  ,
        -2.75329903, -13.06612847]), array([ 25.37538862,   0.1239225 ,  42.22218372,  -1.2253088 ,
        -3.03054852, -12.15949247]), array([ 2.54993111e+01, -1.21945526e-02,  4.09968749e+01, -1.48024704e+00,
       -3.15447102e+00, -1.09341837e+01]), array([25.48711657, -0.13374615, 39.51662788, -1.68419763, -3.14227646,
       -9.45393664]), array([25.35337042, -0.24349023, 37.83243025, -1.8473581 , -3.00853032,
       -7.76973901]), array([25.10988018, -0.57023195, 35.98507215, -1.97788648, -2.76504008,
       -5.9223809 ]), array([24.53964824, -0.91861607, 34.00718567, -2.08230919, -2.19480813,
       -3.94449442]), array([23.62103217, -1.23489286, 31.92487648, -2.12231228, -1.27619207,
       -1.86218523]), array([22.38613931, -1.48791428, 29.8025642 , -2.0675799 , -0.04129921,
        0.26012705]), array([20.89822503, -1.4720862 , 27.73498429, -2.15406392,  8.24330255,
       -3.69345401]), array([19.42613883, -1.40574393, 25.58092037, -2.22325114,  9.71538875,
       -1.53939008]), array([18.0203949 , -1.31520743, 23.35766923, -2.27860091, 11.12113268,
        0.68386105]), array([16.70518747, -1.17802422, 21.07906832, -2.32288073, 12.43634011,
        2.96246196]), array([15.52716324, -0.85531879, 18.75618759, -2.35830458, 13.61436433,
        5.28534269]), array([14.67184445, -0.18425503, 16.39788301, -1.91137658, 14.46968312,
        7.64364728]), array([14.48758941,  0.15951212, 14.48650643, -1.02910126, 14.65393816,
        9.55502386]), array([14.64710153,  0.34379362, 13.45740517, -0.32328101, 14.49442604,
       10.58412512]), array([14.99089515,  0.47093155, 13.13412416,  0.24137519, 14.15063242,
       10.90740613]), array([15.4618267 ,  0.55718767, 13.37549935,  0.69310015, 13.67970087,
       10.66603094]), array([16.01901437,  0.61338094, 14.0685995 ,  1.05448012, 13.1225132 ,
        9.97293079]), array([16.63239532,  0.64696746, 15.12307962,  1.3435841 , 12.50913226,
        8.91845066]), array([17.27936278,  0.65701675, 16.46666372,  1.57486728, 11.86216479,
        7.57486657]), array([17.93637953,  0.40535054, 18.041531  ,  0.75989382, 11.20514805,
        5.99999929]), array([18.34173006,  0.18192441, 18.80142482,  0.10791506, 10.79979751,
        5.24010547]), array([ 1.85236545e+01, -5.60669221e-03,  1.89093399e+01, -4.13667954e-01,
        1.06178731e+01,  5.13219041e+00]), array([18.51804778, -0.17683154, 18.49567193, -0.83093436, 10.6234798 ,
        5.54585836]), array([18.34121624, -0.32831909, 17.66473756, -1.16474749, 10.80031133,
        6.37679272]), array([18.01289715, -0.45893089, 16.49999007, -1.43179799, 11.12863042,
        7.54154021]), array([17.55396626, -0.58346547, 15.06819208, -1.64543839, 11.58756132,
        8.97333821]), array([16.97050079, -0.71255354, 13.42275369, -1.81635072, 12.17102678,
       10.6187766 ]), array([16.25794725, -1.07004283, 11.60640297, -1.9323965 , 12.88358032,
       12.43512731]), array([15.18790443, -1.35603426,  9.67400647, -1.77064363, 13.95362315,
       14.36752382]), array([13.83187016, -1.58482741,  7.90336284, -1.01325394, 15.30965741,
       16.13816744]), array([12.24704275, -1.76786193,  6.8901089 , -0.40758395, 16.89448482,
       17.15142138]), array([10.47918082, -1.84392826,  6.48252495,  0.17393284, 18.66234675,
       17.55900533]), array([ 8.63525256, -1.78013258,  6.65645779,  0.63914627, 20.50627501,
       17.3850725 ]), array([ 6.85511998, -1.63885937,  7.29560406,  1.01131702, 22.28640759,
       16.74592623]), array([ 5.21626062, -1.45092902,  8.30692107,  1.30905361, 23.92526696,
       15.73460921]), array([ 3.76533159, -1.23038655,  9.61597469,  1.54724289, 25.37619598,
       14.4255556 ]), array([ 2.53494504, -0.9445072 , 11.16321758,  1.73779431, 26.60658254,
       12.87831271]), array([ 1.59043784, -0.55270013, 12.90101189,  1.89023545, 27.55108973,
       11.1405184 ]), array([ 1.03773771, -0.11089648, 14.79124734,  2.01218836, 28.10378987,
        9.25028295]), array([ 0.92684122,  0.39566601, 16.8034357 ,  2.10975069, 28.21468635,
        7.23809459]), array([ 1.32250723,  0.15804444, 18.91318639,  2.18780055, 27.81902034,
        5.1283439 ]), array([ 1.48055167, -0.14173794, 21.10098694,  2.25024044, 27.66097591,
        2.94054335]), array([ 1.33881373, -0.51236917, 23.35122738,  2.30019235, 27.80271385,
        0.69030291]), array([ 0.82644456, -0.90989534, 25.65141973,  2.20235296, 28.31508302,
       -1.60988944]), array([-0.08345078, -1.22791627, 27.85377269,  1.84099042, 29.22497835,
       -3.81224241]), array([-1.31136705, -1.48233302, 29.69476311,  1.13975929, 30.45289462,
       -5.65323283]), array([-2.79370007, -0.88339851, 30.83452241,  1.41180743, 31.93522764,
       -6.79299212]), array([-3.67709857, -0.24704341, 32.24632984,  1.62944595, 32.81862615,
       -8.20479955]), array([-3.92414198,  0.30236527, 33.87577579,  1.69780642, 33.06566956,
       -9.8342455 ]), array([ -3.62177671,   0.74189222,  35.57358221,   1.64316122,
        32.76330429, -11.53205192]), array([ -2.8798845 ,   1.09351377,  37.21674343,   1.49179194,
        32.02141207, -13.17521315]), array([ -1.78637072,   1.37481102,  38.70853537,   1.28656685,
        30.9278983 , -14.66700509]), array([ -0.4115597 ,   1.59984882,  39.99510222,   1.03178925,
        29.55308728, -15.95357194]), array([  1.18828911,   1.77987905,  41.02689148,   0.71639034,
        27.95323846, -16.98536119]), array([  2.96816816,   1.92390324,  41.74328182,   0.29709126,
        26.17335941, -17.70175154]), array([ 4.89207141e+00,  2.03912259e+00,  4.20403731e+01, -1.91391611e-03,
        2.42494562e+01, -1.79988428e+01]), array([  6.931194  ,   2.13129807,  42.03845916,  -0.25883034,
        22.21033357, -17.99692888]), array([  9.06249207,   2.20503846,  41.77962882,  -0.53312844,
        20.0790355 , -17.73809853]), array([ 11.26753053,   1.87235827,  41.24650038,  -0.92650275,
        17.87399704, -17.20497009]), array([ 13.13988881,   1.53132997,  40.31999762,  -1.2412022 ,
        16.00163877, -16.27846734]), array([ 14.67121878,   1.20324347,  39.07879542,  -1.49296176,
        14.4703088 , -15.03726513]), array([ 15.87446224,   0.88885635,  37.58583366,  -1.69436941,
        13.26706533, -13.54430337]), array([ 16.7633186 ,   0.58568476,  35.89146425,  -1.85549553,
        12.37820898, -11.84993396]), array([17.34900336,  0.28877686, 34.03596872, -1.98439642, 11.79252422,
       -9.99443843]), array([ 1.76377802e+01, -1.00030598e-02,  3.20515723e+01, -2.08751714e+00,
        1.15037474e+01, -8.01004201e+00]), array([17.62777716, -0.32457577, 29.96405516, -2.17001371, 11.51375042,
       -5.92252487]), array([17.30320138, -0.68279782, 27.79404145, -2.23601097, 11.83832619,
       -3.75251116]), array([16.62040357, -1.04623825, 25.55803048, -2.19673699, 12.52112401,
       -1.5165002 ]), array([15.57416531, -1.3369906 , 23.36129349, -1.96549319, 13.56736226,
        0.6802368 ]), array([14.23717471, -1.56959248, 21.3958003 , -1.50135537, 14.90435286,
        2.64572999]), array([12.66758223, -1.63223324, 19.89444493, -0.70108429, 16.47394535,
        4.14708535]), array([11.03534898, -1.33748805, 19.19336064, -0.06086743, 18.10617859,
        4.84816965]), array([ 9.69786093, -0.93293474, 19.13249321,  0.45130605, 19.44366664,
        4.90903708]), array([ 8.76492619, -0.48005321, 19.58379926,  0.86104484, 20.37660138,
        4.45773103]), array([8.28487298e+00, 8.17924042e-03, 2.04448441e+01, 1.18883587e+00,
       2.08566546e+01, 3.59668619e+00]), array([ 8.29305222,  0.50654339, 21.63367997,  1.41032578, 20.84847536,
        2.40785031]), array([ 8.79959561,  0.90523471, 23.04400575,  1.45772223, 20.34193196,
        0.99752453]), array([ 9.70483032,  1.22418777, 24.50172798,  1.35327778, 19.43669725,
       -0.46019769]), array([10.92901809,  1.47935022, 25.85500576,  1.07517155, 18.21250948,
       -1.81347547]), array([12.40836831,  1.68348017, 26.9301773 ,  0.5347829 , 16.73315926,
       -2.88864702])]

Actions: [array([0.29195204, 0.5       ]), array([0.29195204, 0.5       ]), array([0.29195204, 0.5       ]), array([0.29620427, 0.5       ]), array([0.29649661, 0.5       ]), array([0.29677822, 0.5       ]), array([0.21254728, 0.5       ]), array([0.17997076, 0.5       ]), array([0.16158796, 0.5       ]), array([0.13831724, 0.5       ]), array([0.26696552, 0.5       ]), array([0.31536651, 0.5       ]), array([0.421162, 0.5     ]), array([ 0.03165822, -0.5       ]), array([-0.01349377, -0.5       ]), array([-0.04323651, -0.5       ]), array([-0.0652424, -0.5      ]), array([-0.08286955, -0.5       ]), array([-0.0978771, -0.5      ]), array([-0.11133255, -0.5       ]), array([-0.12399051, -0.5       ]), array([-0.13649332, -0.5       ]), array([-0.37543976, -0.5       ]), array([-0.46243051, -0.5       ]), array([-0.5       , -0.45646493]), array([-0.5       , -0.36973008]), array([-0.28175477, -0.5       ]), array([-0.22807497, -0.5       ]), array([-0.19061228, -0.5       ]), array([-0.12585828, -0.5       ]), array([ 0.08710059, -0.5       ]), array([ 0.5       , -0.02473291]), array([0.30691614, 0.5       ]), array([0.21618393, 0.5       ]), array([0.19589665, 0.5       ]), array([0.18044243, 0.5       ]), array([0.16763081, 0.5       ]), array([0.15626271, 0.5       ]), array([0.13944277, 0.5       ]), array([-0.12026286, -0.5       ]), array([-0.14235602, -0.5       ]), array([-0.15114622, -0.5       ]), array([-0.17234619, -0.5       ]), array([-0.18685386, -0.5       ]), array([-0.19627562, -0.5       ]), array([-0.21632075, -0.5       ]), array([-0.24578116, -0.5       ]), array([-0.5       , -0.47931593]), array([-0.5       , -0.22472643]), array([-0.5       ,  0.40326097]), array([-0.5      ,  0.4030192]), array([-0.42963872,  0.5       ]), array([-0.30498997,  0.5       ]), array([-0.2147533,  0.5      ]), array([-0.13984153,  0.5       ]), array([-0.06964333,  0.5       ]), array([0.03980204, 0.5       ]), array([0.20290563, 0.5       ]), array([0.33126362, 0.5       ]), array([0.4843832, 0.5      ]), array([-0.15848837,  0.5       ]), array([-0.26817349,  0.5       ]), array([-0.39897882,  0.5       ]), array([-0.5       ,  0.36219908]), array([-0.5       ,  0.07910805]), array([-0.5       , -0.33303305]), array([0.30246791, 0.5       ]), array([0.4596754, 0.5      ]), array([0.5       , 0.39424967]), array([0.5       , 0.28491608]), array([0.5       , 0.17726296]), array([0.5      , 0.0931333]), array([0.5       , 0.00253577]), array([ 0.5       , -0.10904106]), array([ 0.5       , -0.27602102]), array([ 0.5       , -0.23958692]), array([ 0.5       , -0.25729921]), array([ 0.5       , -0.32606417]), array([ 0.1083275, -0.5      ]), array([ 0.03344335, -0.5       ]), array([-0.02182051, -0.5       ]), array([-0.07373842, -0.5       ]), array([-0.12540032, -0.5       ]), array([-0.17977095, -0.5       ]), array([-0.24102455, -0.5       ]), array([-0.31657332, -0.5       ]), array([-0.4231372, -0.5      ]), array([-0.5       , -0.40792822]), array([-0.5       , -0.20810359]), array([-0.5       ,  0.07103918]), array([-0.37655926,  0.5       ]), array([-0.03170145,  0.5       ]), array([0.1370557, 0.5      ]), array([0.26629458, 0.5       ]), array([0.39222181, 0.5       ]), array([0.5       , 0.45925708]), array([0.5      , 0.3294616]), array([0.5   , 0.1871]), array([ 0.5       , -0.00745067]), array([ 0.5       , -0.32535434])]

Trash Locations: [(21.128425010922317, 39.8355148316317), (22.344840101293997, 30.062691245758685)]