
Good
Feature: [21, 77, 3]

States: [array([19.10105745,  0.        , 28.35466173,  0.        ,  8.18804371,
        3.54096591]), array([19.10105745,  0.5       , 28.35466173,  0.15614489,  8.18804371,
        3.54096591]), array([19.60105745,  0.9       , 28.51080662,  0.27809076,  7.68804371,
        3.38482102]), array([20.50105745,  1.22      , 28.78889739,  0.37906836,  6.78804371,
        3.10673026]), array([21.72105745,  1.476     , 29.16796575,  0.46582082,  5.56804371,
        2.7276619 ]), array([23.19705745,  1.6808    , 29.63378656,  0.65247849,  4.09204371,
        2.26184108]), array([24.87785745,  1.84464   , 30.28626505,  0.97251682,  2.41124371,
        1.60936259]), array([26.72249745,  1.93856776, 31.25878187,  1.27801345,  0.56660371,
        0.63684578]), array([28.66106521,  1.90532816, 32.53679532,  1.52241076, -2.91746072,
       -9.66881307]), array([ 30.56639338,   1.81189753,  34.05920608,   1.71792861,
        -4.82278888, -11.19122383]), array([ 32.3782909 ,   1.68651617,  35.77713469,   1.87434289,
        -6.63468641, -12.90915244]), array([ 34.06480707,   1.53466807,  37.65147758,   1.99947431,
        -8.32120258, -14.78349533]), array([ 35.59947514,   1.0154754 ,  39.65095189,   1.09957945,
        -9.85587064, -16.78296964]), array([ 36.61495054,   0.57970965,  40.75053134,   0.37966356,
       -10.87134605, -17.88254908]), array([ 37.19466019,   0.23109005,  41.13019489,  -0.19626915,
       -11.4510557 , -18.26221264]), array([ 37.42575024,  -0.05144455,  40.93392574,  -0.65701532,
       -11.68214575, -18.06594349]), array([ 3.73743057e+01, -3.13008097e-02,  4.02769104e+01, -1.02561226e+00,
       -1.16307012e+01, -1.74089282e+01]), array([ 3.73430049e+01, -1.30930835e-02,  3.92512982e+01, -1.32048981e+00,
       -1.15994004e+01, -1.63833159e+01]), array([ 3.73299118e+01,  3.41633564e-03,  3.79308084e+01, -1.55639185e+00,
       -1.15863073e+01, -1.50628261e+01]), array([ 37.33332813,   0.04869425,  36.37441651,  -1.74511348,
       -11.58972364, -13.50643426]), array([ 37.38202238,   0.17305462,  34.62930303,  -1.89609078,
       -11.63841789, -11.76132078]), array([ 37.55507701,   0.33034525,  32.73321225,  -2.01687262,
       -11.81147251,  -9.86523   ]), array([ 37.88542225,   0.55286186,  30.71633963,  -2.1134981 ,
       -12.14181776,  -7.84835737]), array([ 38.43828411,   0.79318383,  28.60284153,  -2.19079848,
       -12.69467962,  -5.73485927]), array([ 39.23146794,   0.85579738,  26.41204305,  -2.25263878,
       -13.48786345,  -3.54406079]), array([ 40.08726532,   0.92357127,  24.15940426,  -2.30211103,
       -14.34366083,  -1.29142201]), array([ 41.0108366 ,   0.97031554,  21.85729324,  -2.34168882,
       -15.2672321 ,   1.01068902]), array([ 41.98115214,   0.27625243,  19.51560442,  -2.10960985,
       -16.23754765,   3.35237784]), array([ 42.25740458,  -0.27899805,  17.40599457,  -1.79904652,
       -16.51380008,   5.46198769]), array([ 41.97840652,  -0.72319844,  15.60694804,  -1.46085067,
       -16.23480203,   7.26103421]), array([ 41.25520808,  -1.07855875,  14.14609737,  -1.09828878,
       -15.51160359,   8.72188488]), array([ 40.17664933,  -1.362847  ,  13.04780859,  -0.56916556,
       -14.43304484,   9.82017366]), array([ 38.81380233,  -1.5902776 ,  12.47864303,  -0.03952363,
       -13.07019783,  10.38933922]), array([ 37.22352472,  -1.7481111 ,  12.4391194 ,   0.4683811 ,
       -11.47992023,  10.42886285]), array([35.47541362, -1.77306513, 12.9075005 ,  0.87470488, -9.73180913,
        9.96048175]), array([33.7023485 , -1.72188503, 13.78220538,  1.1997639 , -7.95874401,
        9.08577687]), array([31.98046346, -1.71374869, 14.98196928,  1.45981112, -6.23685897,
        7.88601297]), array([30.26671478, -1.6858405 , 16.4417804 ,  1.6678489 , -4.52311029,
        6.42620185]), array([28.58087428, -1.64337672, 18.1096293 ,  1.83427912, -2.83726979,
        4.75835295]), array([26.93749756, -1.57342282, 19.94390842,  1.96742329, -1.19389307,
        2.92407383]), array([25.36407474, -1.48873111, 21.91133172,  2.07393864,  0.37952975,
        0.95665054]), array([ 23.87534364,  -1.38487532,  23.98527035,   2.15915091,
       -11.65828055,   3.53141859]), array([ 22.49046832,  -1.26978581,  26.14442126,   2.22732073,
       -10.27340523,   1.37226768]), array([21.22068251, -1.11834923, 28.37174199,  2.28185658, -9.00361942,
       -0.85505305]), array([20.10233328, -0.9373128 , 30.65359857,  2.32548527, -7.88527019,
       -3.13690963]), array([19.16502048, -0.71985225, 32.97908383,  2.36038821, -6.94795739,
       -5.4623949 ]), array([18.44516823, -0.41241103, 35.33947205,  2.38831057, -6.22810514,
       -7.82278311]), array([ 18.0327572 ,   0.0401642 ,  37.72778261,   2.41064846,
        -5.81569411, -10.21109368]), array([ 18.0729214 ,   0.53213136,  40.13843107,   2.11339517,
        -5.85585831, -12.62174213]), array([ 18.60505276,   0.92570509,  42.25182624,   1.66768916,
        -6.38798968, -14.7351373 ]), array([ 19.53075785,   1.24056407,  43.9195154 ,   1.38546141,
        -7.31369477, -16.40282647]), array([ 20.77132193,   1.49245126,  45.30497681,   1.25456198,
        -8.55425884, -17.78828787]), array([ 22.26377318,   1.69396101,  46.55953879,   1.28071745,
       -10.0467101 , -19.04284985]), array([ 23.95773419,   1.85516881,  47.84025624,   1.27661798,
       -11.7406711 , -20.3235673 ]), array([ 25.812903  ,   1.98413504,  49.11687422,   1.24217842,
       -13.59583991, -21.60018529]), array([ 27.79703804,   2.08730804,  50.35905264,   1.16886135,
       -15.57997495, -22.84236371]), array([ 29.88434608,   2.16984643,  51.52791399,   1.01928293,
       -17.66728299, -24.01122506]), array([ 32.0541925 ,   1.69372884,  52.54719692,   0.31542634,
       -19.83712942, -25.03050799]), array([ 33.74792134,   1.11013204,  52.86262327,  -0.24765892,
       -21.53085826, -25.34593433]), array([ 34.85805339,   0.57510191,  52.61496434,  -0.69812714,
       -22.6409903 , -25.0982754 ]), array([ 3.54331553e+01,  4.59491020e-02,  5.19168372e+01, -1.05850171e+00,
       -2.32160922e+01, -2.44001483e+01]), array([ 35.4791044 ,  -0.42147673,  50.85833549,  -1.34680137,
       -23.26204132, -23.34164655]), array([ 35.05762767,  -0.83718138,  49.51153412,  -1.56888421,
       -22.84056459, -21.99484518]), array([ 34.22044629,  -1.16974511,  47.94264991,  -1.71187006,
       -22.0033832 , -20.42596097]), array([ 33.05070118,  -1.43579609,  46.23077985,  -1.71937945,
       -20.83363809, -18.71409091]), array([ 31.6149051 ,  -1.64863687,  44.5114004 ,  -1.6270834 ,
       -19.39784201, -16.99471146]), array([ 29.96626823,  -1.8189095 ,  42.884317  ,  -1.51360969,
       -17.74920514, -15.36762806]), array([ 28.14735873,  -1.9551276 ,  41.3707073 ,  -1.38328762,
       -15.93029564, -13.85401837]), array([ 26.19223114,  -2.06410208,  39.98741968,  -1.24726623,
       -13.97516805, -12.47073074]), array([ 24.12812906,  -2.15128166,  38.74015345,  -1.34740678,
       -11.91106597, -11.22346452]), array([21.9768474 , -2.14855082, 37.39274667, -1.57792543, -9.75978431,
       -9.87605773]), array([19.82829658, -1.99060653, 35.81482124, -1.76234034, -7.61123349,
       -8.2981323 ]), array([17.83769004, -1.79892821, 34.0524809 , -1.90987227, -5.62062696,
       -6.53579196]), array([16.03876184, -1.59722148, 32.14260862, -2.02789782, -3.82169875,
       -4.62591969]), array([14.44154036, -1.53373744, 30.11471081, -2.12231826, -2.22447727,
       -2.59802187]), array([12.90780292, -1.50386679, 27.99239255, -2.1978546 , -0.69073983,
       -0.47570361]), array([11.40393613, -1.47762168, 25.79453795, -2.25828368,  1.24018493,
        1.40985178]), array([ 9.92631445, -1.4293579 , 23.53625426, -2.30662695,  2.71780661,
        3.66813547]), array([ 8.49695655, -1.32206821, 21.22962732, -2.34530156,  4.14716451,
        5.97476241]), array([ 7.17488833, -0.55765457, 18.88432576, -2.11344041,  5.46923273,
        8.32006397]), array([ 6.61723376,  0.05387634, 16.77088535, -1.76490448,  6.0268873 ,
       10.43350438]), array([ 6.6711101 ,  0.54310107, 15.00598087, -1.37255756,  5.97301095,
       12.19840886]), array([ 7.21421118,  0.93448086, 13.63342331, -0.96672102,  5.42990988,
       13.57096642]), array([ 8.14869204,  1.24758469, 12.66670229, -0.55037208,  4.49542902,
       14.53768744]), array([ 9.39627673,  1.49806775, 12.11633021, -0.50378682,  3.24784433,
       15.08805952]), array([10.89434448,  1.6984542 , 11.6125434 , -0.74522037,  1.74977658,
       15.59184633]), array([12.59279868,  1.85876336, 10.86732302, -0.9697837 ,  0.05132238,
       16.33706671]), array([14.45156204,  1.98701069,  9.89753932, -1.17272259, -1.80744098,
       17.3068504 ]), array([16.43857273,  2.08960855,  8.72481674, -0.91373235, -3.79445167,
       18.47957299]), array([18.52818128,  2.17168684,  7.81108439, -0.34396445, -5.88406022,
       19.39330534]), array([20.69986812,  2.14137478,  7.46711993,  0.22482844, -8.05574706,
       19.7372698 ]), array([ 22.84124289,   2.0072527 ,   7.69194837,   0.67986275,
       -10.19712184,  19.51244136]), array([ 24.84849559,   1.58757352,   8.37181112,   1.0438902 ,
       -12.20437453,  18.83257861]), array([ 26.43606911,   0.90681863,   9.41570132,   1.33511216,
       -13.79194805,  17.78868841]), array([ 27.34288774,   0.23492309,  10.75081348,   1.56808973,
       -14.69876668,  16.45357625]), array([ 27.57781083,  -0.31206153,  12.31890321,   1.65117579,
       -14.93368977,  14.88548652]), array([ 27.2657493 ,  -0.74964922,  13.970079  ,   1.59702867,
       -14.62162824,  13.23431073]), array([ 26.51610008,  -1.09971938,  15.56710767,   1.47058971,
       -13.87197902,  11.63728206]), array([ 25.4163807 ,  -1.3797755 ,  17.03769737,   1.37972204,
       -12.77225965,  10.16669236]), array([ 24.0366052 ,  -1.6038204 ,  18.41741941,   1.31282482,
       -11.39248414,   8.78697032]), array([22.4327848 , -1.78305632, 19.73024423,  1.22781372, -9.78866374,
        7.4741455 ])]

Actions: [array([0.5       , 0.15614489]), array([0.5       , 0.15317485]), array([0.5       , 0.15659575]), array([0.5       , 0.16256613]), array([0.5       , 0.27982184]), array([0.5       , 0.45053402]), array([0.46285576, 0.5       ]), array([0.35447396, 0.5       ]), array([0.287635, 0.5     ]), array([0.23699814, 0.5       ]), array([0.18545513, 0.5       ]), array([-0.21225905, -0.5       ]), array([-0.23267067, -0.5       ]), array([-0.23267767, -0.5       ]), array([-0.23631659, -0.5       ]), array([ 0.00985483, -0.5       ]), array([ 0.01194756, -0.5       ]), array([ 0.0138908, -0.5      ]), array([ 0.04596118, -0.5       ]), array([ 0.13409923, -0.5       ]), array([ 0.19190155, -0.5       ]), array([ 0.28858566, -0.5       ]), array([ 0.35089434, -0.5       ]), array([ 0.22125032, -0.5       ]), array([ 0.23893336, -0.5       ]), array([ 0.23145853, -0.5       ]), array([-0.5       , -0.23625879]), array([-0.5       , -0.11135864]), array([-0.5       , -0.02161346]), array([-0.5       ,  0.07039176]), array([-0.5       ,  0.30946546]), array([-0.5       ,  0.41580882]), array([-0.47588902,  0.5       ]), array([-0.37457625,  0.5       ]), array([-0.30343293,  0.5       ]), array([-0.33624066,  0.5       ]), array([-0.31484155,  0.5       ]), array([-0.29470432,  0.5       ]), array([-0.25872144,  0.5       ]), array([-0.22999285,  0.5       ]), array([-0.19389044,  0.5       ]), array([-0.16188555,  0.5       ]), array([-0.10252058,  0.5       ]), array([-0.04263341,  0.5       ]), array([0.02999799, 0.5       ]), array([0.16347077, 0.5       ]), array([0.37009303, 0.5       ]), array([0.5       , 0.18487641]), array([ 0.5       , -0.02302697]), array([0.5       , 0.05131008]), array([0.5       , 0.14619285]), array([0.5       , 0.27706787]), array([0.5       , 0.25204402]), array([0.5       , 0.22088403]), array([0.5       , 0.17511862]), array([0.5       , 0.08419385]), array([-0.0421483, -0.5      ]), array([-0.24485103, -0.5       ]), array([-0.31300372, -0.5       ]), array([-0.41413243, -0.5       ]), array([-0.45823601, -0.5       ]), array([-0.5       , -0.49144312]), array([-0.5       , -0.45676269]), array([-0.5       , -0.34988341]), array([-0.5       , -0.25157984]), array([-0.5       , -0.21194297]), array([-0.5       , -0.17239987]), array([-0.5       , -0.14063613]), array([-0.5      , -0.3495938]), array([-0.42752549, -0.5       ]), array([-0.27176588, -0.5       ]), array([-0.20644298, -0.5       ]), array([-0.15807891, -0.5       ]), array([-0.25596025, -0.5       ]), array([-0.27687685, -0.5       ]), array([-0.27452824, -0.5       ]), array([-0.24726056, -0.5       ]), array([-0.17858189, -0.5       ]), array([ 0.5       , -0.23719916]), array([ 0.5       , -0.07415216]), array([0.5       , 0.03936603]), array([0.5       , 0.13132503]), array([0.5       , 0.22300474]), array([ 0.5       , -0.06348915]), array([ 0.5       , -0.34219092]), array([ 0.5      , -0.3736074]), array([ 0.5       , -0.39689563]), array([0.5       , 0.02444571]), array([0.5       , 0.38702143]), array([0.40402531, 0.5       ]), array([0.29415287, 0.5       ]), array([-0.01822864,  0.5       ]), array([-0.36324018,  0.5       ]), array([-0.49053181,  0.5       ]), array([-0.5       ,  0.39670401]), array([-0.5       ,  0.27608803]), array([-0.5       ,  0.19296677]), array([-0.5       ,  0.20325027]), array([-0.5       ,  0.20904719]), array([-0.5       ,  0.17755387])]

Trash Locations: [(27.289101167055144, 31.89562764556485), (25.743604491831384, 22.867982253502635), (12.21706308680809, 27.516688937546373)]
Bad
Feature: [28, 72, 1]

States: [array([13.68365263,  0.        , 32.14596209,  0.        , 15.40754417,
       -6.65944132]), array([13.68365263,  0.5       , 32.14596209, -0.35148792, 15.40754417,
       -6.65944132]), array([14.18365263,  0.9       , 31.79447417, -0.62660701, 14.90754417,
       -6.3079534 ]), array([15.08365263,  1.22      , 31.16786717, -0.82484062, 14.00754417,
       -5.68134639]), array([16.30365263,  1.476     , 30.34302655, -0.94521447, 12.78754417,
       -4.85650577]), array([17.77965263,  1.6808    , 29.39781208, -0.95146015, 11.31154417,
       -3.91129131]), array([19.46045263,  1.84464   , 28.44635193, -0.84375657,  9.63074417,
       -2.95983116]), array([21.30509263,  1.975712  , 27.60259536, -0.72329283,  7.78610417,
       -2.11607459]), array([23.28080463,  2.0805696 , 26.87930253, -0.59438863,  5.81039217,
       -1.39278176]), array([25.36137423,  2.16445568, 26.28491391, -0.51457787,  3.72982257,
       -0.79839313]), array([27.52582991,  2.23156454, 25.77033604, -0.49901336,  1.56536689,
       -0.28381527]), array([29.75739445,  2.20864083, 25.27132268, -0.89921069, -0.66619765,
        0.2151981 ]), array([ 31.96603529,   1.98803839,  24.37211199,  -1.21936855,
       -21.53655985,   2.23823965]), array([ 33.95407368,   1.57241569,  23.15274343,  -1.47549484,
       -23.52459824,   3.4576082 ]), array([ 35.52648937,   1.06454892,  21.67724859,  -1.68039587,
       -25.09701393,   4.93310304]), array([ 36.59103829,   0.50492274,  19.99685272,  -1.8443167 ,
       -26.16156285,   6.61349892]), array([ 3.70959610e+01,  1.32226090e-02,  1.81525360e+01, -1.97545336e+00,
       -2.66664856e+01,  8.45781561e+00]), array([ 37.10918364,  -0.39860315,  16.17708266,  -2.08036269,
       -26.6797082 ,  10.43326897]), array([ 36.71058049,  -0.81888252,  14.09671997,  -2.15664122,
       -26.28110505,  12.51363166]), array([ 35.89169797,  -1.15510602,  11.94007875,  -2.09834815,
       -25.46222253,  14.67027288]), array([ 34.73659195,  -1.42408481,   9.84173059,  -1.86086702,
       -24.30711651,  16.76862104]), array([ 33.31250713,  -1.63926785,   7.98086357,  -1.52975512,
       -22.88303169,  18.62948806]), array([ 31.67323928,  -1.81141428,   6.45110845,  -1.1835745 ,
       -21.24376384,  20.15924318]), array([ 29.861825  ,  -1.94913142,   5.26753396,  -0.79864118,
       -19.43234956,  21.34281768]), array([ 27.91269358,  -2.05930514,   4.46889277,  -0.40951633,
       -17.48321814,  22.14145886]), array([ 2.58533884e+01, -2.14744411e+00,  4.05937645e+00, -5.03469188e-03,
       -1.54239130e+01,  2.25509752e+01]), array([ 23.70594433,  -2.21795529,   4.05434175,   0.43954474,
       -13.27646888,  22.55600988]), array([ 21.48798904,  -2.18503523,   4.49388649,   0.85163579,
       -11.05851359,  22.11646514]), array([19.3029538 , -2.02531571,  5.34552228,  1.18130863, -8.87347836,
       21.26482935]), array([17.27763809, -1.76648028,  6.52683092,  1.44504691, -6.84816265,
       20.08352071]), array([15.51115781, -1.428188  ,  7.97187782,  1.65603753, -5.08168237,
       18.63847381]), array([14.08296981, -0.85093763,  9.62791535,  1.82483002, -3.65349437,
       16.98243628]), array([13.23203218, -0.18075011, 11.45274537,  1.72156697, -2.80255673,
       15.15760626]), array([13.05128207,  0.35539991, 13.17431234,  1.2129118 , -2.62180663,
       13.43603929]), array([13.40668198,  0.78431993, 14.38722415,  0.71456895, -2.97720654,
       12.22312748]), array([14.19100191,  1.12745594, 15.1017931 ,  0.27759166, -3.76152647,
       11.50855853]), array([15.31845786,  1.40196476, 15.37938476, -0.10573646, -4.88898242,
       11.23096687]), array([16.72042261,  1.6215718 , 15.2736483 , -0.44718815, -6.29094717,
       11.33670333]), array([18.34199442,  1.79725744, 14.82646015, -0.75126911, -7.91251898,
       11.78389148]), array([20.13925186,  1.93780595, 14.07519104, -1.01789837, -9.70977642,
       12.53516059]), array([ 22.07705782,   2.05024476,  13.05729267,  -1.23191475,
       -11.64758237,  13.55305896]), array([ 24.12730258,   2.14019581,  11.82537792,  -1.43571901,
       -13.69782714,  14.78497371]), array([ 26.26749839,   2.21215665,  10.38965891,  -1.50471706,
       -15.83802295,  16.22069272]), array([ 28.47965504,   2.26972532,   8.88494185,  -1.04935163,
       -18.0501796 ,  17.72540978]), array([ 30.74938036,   2.15651883,   7.83559022,  -0.3394813 ,
       -20.31990492,  18.77476141]), array([ 32.90589919,   1.63674956,   7.49610892,   0.22841496,
       -22.47642375,  19.11424271]), array([ 34.54264875,   1.13937452,   7.72452388,   0.68273197,
       -24.11317331,  18.88582775]), array([ 35.68202327,   0.69684181,   8.40725585,   1.04618557,
       -25.25254783,  18.20309578]), array([ 36.37886508,   0.31408104,   9.45344143,   1.33694846,
       -25.94938964,  17.15691021]), array([ 3.66929461e+01, -1.73812342e-02,  1.07903899e+01,  1.56955877e+00,
       -2.62634707e+01,  1.58199617e+01]), array([ 36.67556488,  -0.30544986,  12.35994865,   1.75564701,
       -26.24608944,  14.25040298]), array([ 36.37011503,  -0.46493219,  14.11559567,   1.90451761,
       -25.94063959,  12.49475597]), array([ 35.90518284,  -0.5264246 ,  16.02011328,   2.02361409,
       -25.4757074 ,  10.59023835]), array([ 35.37875824,  -0.54949075,  18.04372737,   2.11889127,
       -24.9492828 ,   8.56662427]), array([ 34.82926749,  -0.43743693,  20.16261864,   2.19511302,
       -24.39979205,   6.44773299]), array([ 34.39183056,  -0.24791335,  22.35773165,   2.25609041,
       -23.96235512,   4.25261998]), array([ 34.14391721,  -0.06997429,  24.61382207,   2.30487233,
       -23.71444177,   1.99652956]), array([ 34.07394292,   0.10313715,  26.9186944 ,   2.34389786,
       -23.64446748,  -0.30834277]), array([ 34.17708007,   0.27850904,  29.26259226,   2.37511829,
       -23.74760463,  -2.65224063]), array([ 34.45558911,   0.46181794,  31.63771056,   2.40009463,
       -24.02611367,  -5.02735892]), array([ 34.91740705,   0.73726849,  34.03780519,   2.42007571,
       -24.48793161,  -7.42745356]), array([ 35.65467554,   1.08981479,  36.4578809 ,   2.32502941,
       -25.2252001 ,  -9.84752926]), array([ 36.74449033,   1.37185183,  38.78291031,   1.79210731,
       -26.31501489, -12.17255867]), array([ 38.11634216,   1.18618495,  40.57501762,   0.93368585,
       -27.68686672, -13.96466599]), array([ 39.30252711,   0.95865128,  41.50870347,   0.24694868,
       -28.87305167, -14.89835184]), array([ 40.26117839,   0.73617161,  41.75565215,  -0.30244106,
       -29.83170295, -15.14530052]), array([ 40.99735   ,   0.52701396,  41.4532111 ,  -0.74195284,
       -30.56787456, -14.84285947]), array([ 41.52436396,   0.33360435,  40.71125825,  -1.09356228,
       -31.09488852, -14.10090662]), array([ 41.85796831,   0.15553717,  39.61769598,  -1.37484982,
       -31.42849286, -13.00734435]), array([ 4.20135055e+01, -9.12368225e-03,  3.82428462e+01, -1.59987986e+00,
       -3.15840300e+01, -1.16324945e+01]), array([ 42.00438179,  -0.15390248,  36.6429663 ,  -1.77990389,
       -31.57490635, -10.03261467]), array([ 41.85047931,  -0.28691306,  34.86306242,  -1.92392311,
       -31.42100387,  -8.25271078]), array([ 41.56356625,  -0.41531893,  32.93913931,  -2.03913849,
       -31.13409081,  -6.32878768]), array([ 41.14824732,  -0.54536946,  30.90000082,  -2.13131079,
       -30.71877188,  -4.28964919]), array([ 40.60287786,  -0.68858787,  28.76869003,  -2.20504863,
       -30.17340242,  -2.1583384 ]), array([ 39.91428999,  -0.87556558,  26.5636414 ,  -2.26403891,
       -29.48481455,   0.04671023]), array([ 39.03872441,  -1.20045247,  24.2996025 ,  -2.14628322,
       -28.60924897,   2.31074914]), array([ 37.83827194,  -1.46036197,  22.15331927,  -1.59497051,
       -27.4087965 ,   4.45703236]), array([ 36.37790997,  -1.39202311,  20.55834877,  -0.77597641,
       -25.94843453,   6.05200286]), array([ 34.98588686,  -1.26905529,  19.78237236,  -0.12078112,
       -24.55641142,   6.82797927]), array([ 33.71683156,  -1.11468754,  19.66159124,   0.4033751 ,
       -23.28735612,   6.9487604 ]), array([ 32.60214402,  -0.9269432 ,  20.06496634,   0.82270008,
       -22.17266858,   6.5453853 ]), array([ 31.67520083,  -0.72931995,  20.88766642,   1.15816006,
       -21.24572539,   5.72268522]), array([ 30.94588088,  -0.54106611,  22.04582648,   1.42652805,
       -20.51640544,   4.56452515]), array([ 30.40481477,  -0.36141008,  23.47235453,   1.64122244,
       -19.97533933,   3.1379971 ]), array([ 30.04340469,  -0.21559913,  25.11357697,   1.81297795,
       -19.61392925,   1.49677466]), array([ 29.82780555,  -0.11531428,  26.92655493,   1.95038236,
       -19.39833011,  -0.31620329]), array([ 29.71249127,  -0.06273847,  28.87693729,   2.06030589,
       -19.28301583,  -2.26658566]), array([ 2.96497528e+01, -1.83145504e-02,  3.09372432e+01,  2.14824471e+00,
       -1.92202774e+01, -4.32689155e+00]), array([ 2.96314383e+01,  5.35264172e-03,  3.30854879e+01,  2.21859577e+00,
       -1.92019628e+01, -6.47513626e+00]), array([ 2.96367909e+01, -1.54954735e-02,  3.53040837e+01,  2.27487662e+00,
       -1.92073155e+01, -8.69373203e+00]), array([ 29.62129542,  -0.31651486,  37.57896027,   2.31990129,
       -19.19181998, -10.96860864]), array([ 29.30478056,  -0.75321189,  39.89886157,   2.19868311,
       -18.87530512, -13.28850993]), array([ 28.55156867,  -1.10256951,  42.09754467,   1.94438889,
       -18.12209323, -15.48719304]), array([ 27.44899916,  -1.38205561,  44.04193357,   1.62657542,
       -17.01952372, -17.43158193]), array([ 26.06694356,  -1.60564449,  45.66850899,   1.24967415,
       -15.63746812, -19.05815736]), array([ 24.46129907,  -1.78451559,  46.91818313,   0.79836738,
       -14.03182363, -20.3078315 ]), array([ 22.67678348,  -1.92761247,  47.71655051,   0.2320702 ,
       -12.24730804, -21.10619888]), array([ 20.74917101,  -1.77542935,  47.94862071,  -0.31434384,
       -10.31969557, -21.33826908]), array([ 18.97374166,  -1.54932808,  47.63427688,  -0.75147507,
        -8.54426622, -21.02392525]), array([ 17.42441358,  -1.30331281,  46.88280181,  -1.10118006,
        -6.99493814, -20.27245018])]

Actions: [array([ 0.5       , -0.35148792]), array([ 0.5       , -0.34541667]), array([ 0.5       , -0.32355501]), array([ 0.5       , -0.28534197]), array([ 0.5       , -0.19528858]), array([ 0.5       , -0.08258845]), array([ 0.5       , -0.04828757]), array([ 0.5       , -0.01575437]), array([ 0.5       , -0.03906696]), array([ 0.5       , -0.08735107]), array([ 0.4233892, -0.5      ]), array([ 0.22112572, -0.5       ]), array([-0.01801502, -0.5       ]), array([-0.19338363, -0.5       ]), array([-0.34671639, -0.5       ]), array([-0.39071559, -0.5       ]), array([-0.40918124, -0.5       ]), array([-0.5       , -0.49235107]), array([-0.5       , -0.37303518]), array([-0.5      , -0.1821885]), array([-0.5      , -0.0410615]), array([-0.5      ,  0.0402296]), array([-0.5       ,  0.14821841]), array([-0.5       ,  0.22939662]), array([-0.5       ,  0.32257837]), array([-0.5       ,  0.44357249]), array([-0.410671,  0.5     ]), array([-0.27728753,  0.5       ]), array([-0.14622771,  0.5       ]), array([-0.01500377,  0.5       ]), array([0.29161276, 0.5       ]), array([0.5       , 0.26170296]), array([ 0.5       , -0.16434178]), array([ 0.5       , -0.25576049]), array([ 0.5       , -0.29406351]), array([ 0.5       , -0.32780978]), array([ 0.5       , -0.36259898]), array([ 0.5      , -0.3935186]), array([ 0.5       , -0.41688308]), array([ 0.5       , -0.41759605]), array([ 0.5       , -0.45018721]), array([ 0.5       , -0.35614186]), array([0.5       , 0.15442203]), array([0.34073857, 0.5       ]), array([-0.0884655,  0.5      ]), array([-0.17002513,  0.5       ]), array([-0.21465781,  0.5       ]), array([-0.24339241,  0.5       ]), array([-0.26864606,  0.5       ]), array([-0.29154487,  0.5       ]), array([-0.22057231,  0.5       ]), array([-0.15447885,  0.5       ]), array([-0.12835107,  0.5       ]), array([0.00215567, 0.5       ]), array([0.10203619, 0.5       ]), array([0.12835639, 0.5       ]), array([0.15911658, 0.5       ]), array([0.19599932, 0.5       ]), array([0.23901071, 0.5       ]), array([0.36781414, 0.5       ]), array([0.5       , 0.38896885]), array([ 0.5       , -0.06791622]), array([ 0.08870348, -0.5       ]), array([ 0.00970332, -0.5       ]), array([-0.03074942, -0.5       ]), array([-0.06192332, -0.5       ]), array([-0.08800682, -0.5       ]), array([-0.11134631, -0.5       ]), array([-0.13355342, -0.5       ]), array([-0.14660354, -0.5       ]), array([-0.16379108, -0.5       ]), array([-0.18578848, -0.5       ]), array([-0.21311431, -0.5       ]), array([-0.2522923, -0.5      ]), array([-0.32469529, -0.5       ]), array([-0.5      , -0.3350521]), array([-0.5       ,  0.12205607]), array([-0.22373354,  0.5       ]), array([-0.1554368,  0.5      ]), array([-0.09944331,  0.5       ]), array([-0.03519316,  0.5       ]), array([0.01223461, 0.5       ]), array([0.04238985, 0.5       ]), array([0.07144281, 0.5       ]), array([0.07352893, 0.5       ]), array([0.05716502, 0.5       ]), array([0.02951296, 0.5       ]), array([0.03187622, 0.5       ]), array([0.02000428, 0.5       ]), array([-0.01977759,  0.5       ]), array([-0.30411848,  0.5       ]), array([-0.5       ,  0.34276207]), array([-0.5       ,  0.18544241]), array([-0.5       ,  0.07106431]), array([-0.5       , -0.05158619]), array([-0.5       , -0.20137194]), array([-0.5      , -0.4066237]), array([-0.23333937, -0.5       ]), array([-0.1289846, -0.5      ]), array([-0.06385035, -0.5       ])]

Trash Locations: [(29.09119679956565, 25.48652077431173)]