
Good
Feature: [4, 97, 0]

States: [array([20.74766267,  0.        , 29.80825906,  0.        , -6.36633436,
       -0.85119626]), array([ 2.07476627e+01,  5.00000000e-01,  2.98082591e+01, -1.20610074e-02,
       -6.36633436e+00, -8.51196261e-01]), array([ 2.12476627e+01,  9.00000000e-01,  2.97961981e+01, -2.17098132e-02,
       -6.86633436e+00, -8.39135253e-01]), array([ 2.21476627e+01,  1.22000000e+00,  2.97744882e+01, -1.48838112e-02,
       -7.76633436e+00, -8.17425440e-01]), array([ 2.33676627e+01,  1.47600000e+00,  2.97596044e+01,  1.35601068e-02,
       -8.98633436e+00, -8.02541629e-01]), array([ 24.84366267,   1.6808    ,  29.77316454,   0.03918786,
       -10.46233436,  -0.81610174]), array([ 26.52446267,   1.84464   ,  29.81235239,   0.06262785,
       -12.14313436,  -0.85528959]), array([ 28.36910267,   1.975712  ,  29.87498025,   0.08459724,
       -13.98777436,  -0.91791745]), array([ 30.34481467,   2.0805696 ,  29.95957749,  -0.33247475,
       -15.96348636,  -1.00251469]), array([ 32.42538427,   2.0789702 ,  29.62710274,  -0.7659798 ,
       -18.04405596,  -0.67003994]), array([ 34.50435447,   1.92297288,  28.86112294,  -1.11278384,
       -20.12302616,   0.09593986]), array([ 36.42732735,   1.71351887,  27.7483391 ,  -1.39022707,
       -22.04599904,   1.2087237 ]), array([ 38.14084622,   1.5216168 ,  26.35811203,  -1.61218166,
       -23.75951791,   2.59895077]), array([ 39.66246302,   1.00142851,  24.74593037,  -1.78974533,
       -25.28113471,   4.21113243]), array([ 40.66389153,   0.30114281,  22.95618505,  -1.58799696,
       -26.28256322,   6.00087775]), array([ 40.96503433,  -0.25908576,  21.36818809,  -1.34810484,
       -26.58370602,   7.58887471]), array([ 40.70594858,  -0.7072686 ,  20.02008325,  -1.10837342,
       -26.32462027,   8.93697955]), array([ 39.99867997,  -1.06581488,  18.91170983,  -0.87700947,
       -25.61735167,  10.04535297]), array([ 38.93286509,  -1.35265191,  18.03470036,  -0.63763923,
       -24.55153678,  10.92236244]), array([ 37.58021318,  -1.58212153,  17.39706113,  -0.41285939,
       -23.19888488,  11.56000167]), array([ 35.99809166,  -1.76569722,  16.98420174,  -0.26165896,
       -21.61676335,  11.97286106]), array([ 34.23239444,  -1.91255778,  16.72254278,  -0.12885172,
       -19.85106613,  12.23452002]), array([ 3.23198367e+01, -2.03004622e+00,  1.65936911e+01, -7.94623162e-03,
       -1.79385084e+01,  1.23633717e+01]), array([ 30.28979044,  -2.12403698,  16.58574483,   0.09672377,
       -15.90846213,  12.37131797]), array([ 28.16575346,  -2.19922958,  16.6824686 ,   0.21070658,
       -13.78442516,  12.2745942 ]), array([ 25.96652388,  -2.25938367,  16.89317517,   0.48931953,
       -11.58519557,  12.06388763]), array([23.70714022, -2.30750693, 17.3824947 ,  0.77040623, -9.32581191,
       11.5745681 ]), array([21.39963329, -2.34600555, 18.15290093,  0.75905116, -7.01830498,
       10.80416187]), array([19.05362774, -2.37680444, 18.91195209,  0.53840318, -4.67229943,
       10.04511071]), array([16.6768233 , -2.40144355, 19.45035528,  0.19663944, -2.29549499,
        9.50670752]), array([14.27537975, -2.42115484, 19.64699472, -0.18039352,  0.10594855,
        9.31006808]), array([11.85422491, -2.43112597, 19.46660119, -0.64431482,  2.52710339,
        9.49046161]), array([ 9.42309895, -2.23933995, 18.82228638, -1.01545185,  4.95822936,
       10.13477642]), array([ 7.183759  , -1.80824478, 17.80683452, -0.31236148,  7.19756931,
       11.15022828]), array([ 5.37551421, -1.40113517, 17.49447304,  0.25011081,  9.00581409,
       11.46258976]), array([ 3.97437904, -1.03549787, 17.74458385,  0.70008865, 10.40694927,
       11.21247895]), array([ 2.93888118, -0.705521  , 18.4446725 ,  1.06007092, 11.44244713,
       10.5123903 ]), array([ 2.23336018, -0.40902315, 19.50474342,  1.34805674, 12.14796813,
        9.45231938]), array([ 1.82433702, -0.14226801, 20.85280016,  1.57844539, 12.55699129,
        8.10426264]), array([ 1.68206901,  0.09921965, 22.43124555,  1.76275631, 12.6992593 ,
        6.52581725]), array([ 1.78128866,  0.3203486 , 24.19400186,  1.91020505, 12.60003965,
        4.76306094]), array([ 2.10163726,  0.65674721, 26.10420691,  2.02816404, 12.27969105,
        2.85285589]), array([ 2.75838447,  1.02539777, 28.13237095,  2.05437733, 11.62294384,
        0.82469185]), array([ 3.78378224,  1.32031821, 30.18674827,  2.00868877, 10.59754607,
       -1.22968547]), array([ 5.10410045,  1.55625457, 32.19543705,  1.91784659,  9.27722786,
       -3.23837425]), array([ 6.66035502,  1.74500366, 34.11328364,  1.78589183,  7.72097329,
       -5.15622084]), array([ 8.40535868,  1.89600293, 35.89917547,  1.53329348,  5.97596963,
       -6.94211267]), array([10.30136161,  2.01680234, 37.43246895,  1.18780696,  4.0799667 ,
       -8.47540615]), array([12.31816395,  2.11344187, 38.62027591,  0.85061064,  2.06316436,
       -9.66321311]), array([ 14.43160582,   2.1907535 ,  39.47088655,   0.52358635,
        -0.05027751, -10.51382375]), array([ 16.62235932,   2.2526028 ,  39.99447289,   0.13949712,
        -2.24103101, -11.03741009]), array([ 18.87496211,   2.30208224,  40.13397001,  -0.25430611,
        -4.49363381, -11.17690721]), array([ 21.17704435,   2.34166579,  39.8796639 ,  -0.68279599,
        -6.79571604, -10.9226011 ]), array([ 23.51871014,   2.22216171,  39.19686791,  -1.04623679,
        -9.13738183, -10.23980511]), array([ 25.74087185,   2.05122601,  38.15063112,  -1.33698943,
       -11.35954355,  -9.19356832]), array([ 27.79209786,   1.83123128,  36.81364169,  -1.56959155,
       -13.41076955,  -7.85657889]), array([ 29.62332914,   1.55893776,  35.24405014,  -1.75567324,
       -15.24200083,  -6.28698734]), array([ 31.1822669 ,   1.29099749,  33.48837691,  -1.90453859,
       -16.8009386 ,  -4.53131411]), array([ 32.47326439,   1.02489649,  31.58383832,  -2.02363087,
       -18.09193608,  -2.62677552]), array([ 33.49816088,   0.75541554,  29.56020745,  -2.1189047 ,
       -19.11683257,  -0.60314465]), array([ 34.25357643,   0.46788083,  27.44130275,  -2.19512376,
       -19.87224812,   1.51576005]), array([ 34.72145726,  -0.12569534,  25.24617899,  -2.04876376,
       -20.34012895,   3.71088381]), array([ 34.59576192,  -0.60055627,  23.19741523,  -1.83760461,
       -20.21443361,   5.75964757]), array([ 33.99520565,  -0.98044502,  21.35981062,  -1.51085448,
       -19.61387734,   7.59725218]), array([ 33.01476064,  -1.28435601,  19.84895615,  -1.1586467 ,
       -18.63343233,   9.10810665]), array([ 31.73040462,  -1.52748481,  18.69030944,  -0.82804975,
       -17.34907631,  10.26675336]), array([ 30.20291981,  -1.72198785,  17.86225969,  -0.53411604,
       -15.8215915 ,  11.09480311]), array([ 28.48093197,  -1.87759028,  17.32814365,  -0.27551453,
       -14.09960366,  11.62891915]), array([ 26.60334169,  -2.00207222,  17.05262912,  -0.04687642,
       -12.22201338,  11.90443368]), array([ 24.60126946,  -2.10165778,  17.00575269,   0.15672079,
       -10.21994116,  11.95131011]), array([22.49961169, -2.18132622, 17.16247349,  0.33980094, -8.11828338,
       11.79458931]), array([20.31828546, -2.24506098, 17.50227443,  0.54901348, -5.93695716,
       11.45478837]), array([18.07322449, -2.29604878, 18.05128791,  0.76255389, -3.69189618,
       10.90577489]), array([15.7771757 , -2.33683903, 18.8138418 ,  0.96473522, -1.3958474 ,
       10.143221  ]), array([13.44033668, -2.36947122, 19.77857703,  1.11213535,  0.94099163,
        9.17848577]), array([11.07086546, -2.39557698, 20.89071238,  1.08478913,  3.31046285,
        8.06635042]), array([ 8.67528848, -2.41646158, 21.97550151,  1.00173518,  5.70603983,
        6.98156129]), array([ 6.2588269 , -2.43316927, 22.97723669,  0.91869482,  8.12250141,
        5.97982611]), array([ 3.82565763, -1.89580571, 23.89593152,  1.23495586, 10.55567067,
        5.06113128]), array([ 1.92985192, -1.35258706, 25.13088737,  1.48796469, 12.45147638,
        3.82617543]), array([ 0.57726486, -0.58206965, 26.61885206,  1.15833911, 13.80406344,
        2.33821074]), array([-4.80478459e-03,  3.43442813e-02,  2.77771912e+01,  8.35472116e-01,
        1.43861331e+01,  1.17987163e+00]), array([ 0.0295395 ,  0.52747543, 28.61266329,  0.53483479, 14.35178881,
        0.34439951]), array([ 0.55701492,  0.92198034, 29.14749808,  0.26023867, 13.82431339,
       -0.19043528]), array([ 1.47899526e+00,  1.23758427e+00,  2.94077367e+01,  1.05645088e-02,
        1.29023330e+01, -4.50673942e-01]), array([ 2.71657953,  1.49006742, 29.41830125,  0.27385986, 11.66474877,
       -0.46123845]), array([ 4.20664695,  1.69205393, 29.69216111,  0.52572137, 10.17468136,
       -0.73509831]), array([ 5.89870089,  1.85364315, 30.21788248,  0.79113958,  8.48262742,
       -1.26081968]), array([ 7.75234403,  1.98291452, 31.00902206,  1.04964823,  6.62898428,
       -2.05195926]), array([ 9.73525855,  2.08633161, 32.05867029,  1.30145038,  4.64606976,
       -3.10160749]), array([11.82159016,  2.14721753, 33.36012067,  1.54116031,  2.55973814,
       -4.40305787]), array([13.96880769,  2.18503635, 34.90128098,  1.73292825,  0.41252062,
       -5.94421818]), array([16.15384405,  2.24802908, 36.63420922,  1.45248546, -1.77251574,
       -7.67714642]), array([18.40187313,  2.29842327, 38.08669468,  0.99120739, -4.02054482,
       -9.12963188]), array([ 20.70029639,   2.33873861,  39.07790207,   0.43422027,
        -6.31896809, -10.12083927]), array([ 23.03903501,   2.34975237,  39.51212234,  -0.15262379,
        -8.6577067 , -10.55505954]), array([ 25.38878737,   2.23512163,  39.35949855,  -0.62209903,
       -11.00745906, -10.40243575]), array([ 27.623909  ,   2.04158198,  38.73739952,  -0.99767922,
       -13.24258069,  -9.78033672]), array([ 29.66549099,   1.79429898,  37.7397203 ,  -1.29814338,
       -15.28416268,  -8.7826575 ]), array([ 31.45978996,   1.50482047,  36.44157692,  -1.5385147 ,
       -17.07846165,  -7.48451412]), array([ 32.96461043,   1.19141515,  34.90306222,  -1.73081176,
       -18.58328212,  -5.94599942])]

Actions: [array([ 0.5       , -0.01206101]), array([ 0.5       , -0.01206101]), array([0.5       , 0.00248404]), array([0.5       , 0.02546716]), array([0.5       , 0.02833977]), array([0.5       , 0.03127757]), array([0.5       , 0.03449496]), array([ 0.5       , -0.40015255]), array([ 0.41451452, -0.5       ]), array([ 0.25979672, -0.5       ]), array([ 0.17514056, -0.5       ]), array([ 0.15080171, -0.5       ]), array([-0.21586493, -0.5       ]), array([-0.5      , -0.1562007]), array([-0.5       , -0.07770728]), array([-0.5       , -0.02988954]), array([-0.5       ,  0.00968926]), array([-0.5       ,  0.06396835]), array([-0.5       ,  0.09725199]), array([-0.5       ,  0.06862855]), array([-0.5       ,  0.08047545]), array([-0.5       ,  0.09513514]), array([-0.5       ,  0.10308075]), array([-0.5       ,  0.13332757]), array([-0.5       ,  0.32075426]), array([-0.5       ,  0.37895061]), array([-0.5       ,  0.14272618]), array([-0.5       , -0.06883775]), array([-0.5       , -0.23408311]), array([-0.5       , -0.33770508]), array([-0.4942021, -0.5      ]), array([-0.29443917, -0.5       ]), array([-0.01677283,  0.5       ]), array([0.04546066, 0.5       ]), array([0.08541027, 0.5       ]), array([0.12287729, 0.5       ]), array([0.15539365, 0.5       ]), array([0.18495051, 0.5       ]), array([0.21303406, 0.5       ]), array([0.24097288, 0.5       ]), array([0.40046833, 0.5       ]), array([0.5      , 0.4318461]), array([0.5       , 0.36518691]), array([0.5       , 0.31089557]), array([0.5       , 0.25161455]), array([0.5       , 0.10458001]), array([ 0.5       , -0.03882782]), array([ 0.5       , -0.09963493]), array([ 0.5       , -0.15690217]), array([ 0.5       , -0.27937196]), array([ 0.5       , -0.36590381]), array([ 0.5      , -0.4793511]), array([ 0.34882908, -0.5       ]), array([ 0.27349664, -0.5       ]), array([ 0.19025048, -0.5       ]), array([ 0.09395273, -0.5       ]), array([ 0.04384728, -0.5       ]), array([-0.0079015, -0.5      ]), array([-0.06450165, -0.5       ]), array([-0.13645161, -0.5       ]), array([-0.5       , -0.29266476]), array([-0.5      , -0.1985936]), array([-0.5       , -0.04077079]), array([-0.5       ,  0.05003688]), array([-0.5       ,  0.09886761]), array([-0.5       ,  0.12832377]), array([-0.5       ,  0.15177829]), array([-0.5      ,  0.1735352]), array([-0.5       ,  0.19422193]), array([-0.5       ,  0.21442431]), array([-0.5       ,  0.27717272]), array([-0.5       ,  0.32334311]), array([-0.5       ,  0.35469211]), array([-0.5       ,  0.34034717]), array([-0.5       ,  0.19508085]), array([-0.5       ,  0.13390388]), array([-0.5       ,  0.11730668]), array([0.0507297, 0.5      ]), array([0.16405751, 0.5       ]), array([ 0.5       , -0.03203264]), array([ 0.5       , -0.09119917]), array([ 0.5      , -0.1335429]), array([ 0.5       , -0.16762917]), array([ 0.5       , -0.19762642]), array([0.5       , 0.26540825]), array([0.5       , 0.30663349]), array([0.5       , 0.37056248]), array([0.5       , 0.41673656]), array([0.5      , 0.4617318]), array([0.47815224, 0.5       ]), array([0.46726233, 0.5       ]), array([0.5       , 0.06614286]), array([ 0.5       , -0.17078098]), array([ 0.5       , -0.35874564]), array([ 0.47876147, -0.5       ]), array([ 0.35531974, -0.5       ]), array([ 0.25348468, -0.5       ]), array([ 0.16103339, -0.5       ]), array([ 0.06938129, -0.5       ]), array([-0.01244122, -0.5       ])]

Trash Locations: []
Bad
Feature: [60, 41, 0]

States: [array([10.77327779,  0.        , 23.11410645,  0.        ,  8.46974111,
        5.37092264]), array([10.77327779,  0.0414387 , 23.11410645, -0.5       ,  8.46974111,
        5.37092264]), array([10.81471649,  0.18592493, 22.61410645, -0.9       ,  8.42830241,
        5.87092264]), array([11.00064142,  0.30538268, 21.71410645, -1.22      ,  8.24237748,
        6.77092264]), array([11.30602411,  0.42058009, 20.49410645, -1.476     ,  7.9369948 ,
        7.99092264]), array([11.72660419,  0.65049038, 19.01810645, -1.6808    ,  7.51641471,
        9.46692264]), array([12.37709457,  0.86762896, 17.33730645, -1.84464   ,  6.86592433,
       11.14772264]), array([13.24472353,  1.06247852, 15.49266645, -1.975712  ,  5.99829538,
       12.99236264]), array([14.30720205,  1.32984719, 13.51695445, -2.0805696 ,  4.93581686,
       14.96807464]), array([15.63704924,  1.56387775, 11.43638485, -2.06279264,  3.60596967,
       17.04864424]), array([17.20092699,  1.7511022 ,  9.37359222, -1.63948279,  2.04209191,
       19.11143688]), array([18.95202919,  1.90088176,  7.73410943, -1.24997364,  0.29098971,
       20.75091967]), array([20.85291095,  2.02070541,  6.48413579, -0.76798248, -1.60989205,
       22.0008933 ]), array([22.87361636,  2.11656433,  5.71615332, -0.28234576, -3.63059746,
       22.76887578]), array([24.99018069,  2.19325146,  5.43380756,  0.16099948, -5.74716179,
       23.05122154]), array([27.18343215,  2.22554519,  5.59480704,  0.62879959, -7.94041325,
       22.89022206]), array([ 29.40897734,   2.15757437,   6.22360662,   1.00303967,
       -10.16595844,  22.26142247]), array([ 31.56655171,   2.06439175,   7.22664629,   1.30243173,
       -12.32353281,  21.25838281]), array([ 33.63094346,   1.94882642,   8.52907803,   1.54194539,
       -14.38792455,  19.95595107]), array([ 35.57976987,   1.79592351,  10.07102341,   1.73355631,
       -16.33675097,  18.41400568]), array([ 37.37569339,   1.64572832,  11.80457972,   1.88684505,
       -18.13267448,  16.68044937]), array([ 39.02142171,   1.50301045,  13.69142477,   2.00947604,
       -19.77840281,  14.79360433]), array([ 40.52443216,   1.36490671,  15.70090081,   2.10758083,
       -21.28141326,  12.78412829]), array([ 41.88933886,   1.23247742,  17.80848164,   2.18606466,
       -22.64631996,  10.67654746]), array([ 43.12181629,   0.9208231 ,  19.9945463 ,   2.24885173,
       -23.87879739,   8.49048279]), array([ 44.04263939,   0.41084238,  22.24339804,   2.29908139,
       -24.79962049,   6.24163106]), array([ 44.45348177,   0.04819336,  24.54247942,   2.33926511,
       -25.21046287,   3.94254968]), array([ 44.50167513,  -0.27270813,  26.88174453,   2.37141209,
       -25.25865623,   1.60328457]), array([ 44.228967  ,  -0.55918173,  29.25315662,   2.39712967,
       -24.9859481 ,  -0.76812752]), array([ 43.66978528,  -0.82474537,  31.65028629,   2.41770374,
       -24.42676637,  -3.16525719]), array([ 42.8450399 ,  -1.06729868,  34.06799002,   2.43416299,
       -23.602021  ,  -5.58296092]), array([ 41.77774122,  -1.29620124,  36.50215301,   2.44733039,
       -22.53472232,  -8.01712391]), array([ 40.48153998,  -1.53696099,  38.9494834 ,   2.45563269,
       -21.23852108, -10.4644543 ]), array([ 38.94457899,  -1.72956879,  41.40511609,   2.40672455,
       -19.70156008, -12.920087  ]), array([ 37.21501019,  -1.88365504,  43.81184065,   2.2965065 ,
       -17.97199129, -15.32681155]), array([ 35.33135516,  -2.00692403,  46.10834715,   2.18085899,
       -16.08833625, -17.62331805]), array([ 33.32443113,  -2.10553922,  48.28920613,   2.0722605 ,
       -14.08141222, -19.80417703]), array([ 31.2188919 ,  -2.18443138,  50.36146663,   1.95458818,
       -11.975873  , -21.87643754]), array([ 29.03446053,  -2.2475451 ,  52.31605481,   1.44441844,
        -9.79144162, -23.83102571]), array([ 26.78691542,  -2.29803608,  53.76047325,   0.94118114,
        -7.54389652, -25.27544416]), array([ 24.48887934,  -2.33842887,  54.7016544 ,   0.41460773,
        -5.24586044, -26.2166253 ]), array([ 2.21504505e+01, -2.37074309e+00,  5.51162621e+01,  3.48200134e-03,
       -2.90743157e+00, -2.66312330e+01]), array([ 19.77970738,  -2.39659447,  55.11974413,  -0.35768027,
        -0.53668848, -26.63471503]), array([ 17.38311291,  -2.41727558,  54.76206385,  -0.67964318,
         1.85990599, -26.27703475]), array([ 14.96583733,  -2.32903108,  54.08242067,  -1.04371454,
         4.27718157, -25.59739158]), array([ 12.63680625,  -2.22136306,  53.03870613,  -1.33497163,
         6.60621265, -24.55367703]), array([ 10.41544319,  -2.11538472,  51.7037345 ,  -1.56797731,
         8.82757571, -23.2187054 ]), array([  8.30005847,  -2.00541083,  50.13575719,  -1.75438185,
        10.94296043, -21.65072809]), array([  6.29464764,  -1.8943879 ,  48.38137534,  -1.90350548,
        12.94837126, -19.89634624]), array([  4.40025974,  -1.71487951,  46.47786987,  -2.02280438,
        14.84275916, -17.99284077]), array([  2.68538023,  -1.54645815,  44.45506548,  -2.11824351,
        16.55763867, -15.97003639]), array([  1.13892209,  -1.38653638,  42.33682198,  -2.1945948 ,
        18.10409681, -13.85179288]), array([ -0.24761429,  -1.21882447,  40.14222717,  -2.25567584,
        19.4906332 , -11.65719808]), array([-1.46643877, -1.0627424 , 37.88655133, -2.30454067, 20.70945767,
       -9.40152223]), array([-2.52918116, -0.89642125, 35.58201066, -2.34363254, 21.77220007,
       -7.09698156]), array([-3.42560241, -0.72785401, 33.23837812, -2.37490603, 22.66862132,
       -4.75334902]), array([-4.15345642, -0.56009677, 30.86347208, -2.39992483, 23.39647533,
       -2.37844299]), array([-4.71355319e+00, -3.05715574e-01,  2.84635473e+01, -2.41993986e+00,
        2.39565721e+01,  2.14818382e-02]), array([-5.01926876, -0.07408678, 26.0436074 , -2.43595189, 24.26228767,
        2.4414217 ]), array([-5.09335554,  0.16332977, 23.60765551, -2.44876151, 24.33637445,
        4.87737359]), array([-4.93002577,  0.38112152, 21.158894  , -2.45900921, 24.17304467,
        7.3261351 ]), array([-4.54890424,  0.64511591, 18.69988479, -2.46720737, 23.79192315,
        9.78514431]), array([-3.90378833,  0.96390339, 16.23267742, -2.47376589, 23.14680723,
       12.25235167]), array([-2.93988494,  1.27112271, 13.75891153, -2.13600138, 22.18290385,
       14.72611757]), array([-1.66876224,  1.51689817, 11.62291015, -1.63576212, 20.91178114,
       16.86211895]), array([-0.15186407,  1.71351853,  9.98714803, -1.15381891, 19.39488297,
       18.49788107]), array([ 1.56165447,  1.87081483,  8.83332912, -0.70023715, 17.68136444,
       19.65169998]), array([ 3.43246929,  1.99665186,  8.13309197, -0.26770259, 15.81054961,
       20.35193713]), array([ 5.42912116,  2.09732149,  7.86538938,  0.1537918 , 13.81389775,
       20.61963971]), array([ 7.52644264,  2.17785719,  8.01918118,  0.61159248, 11.71657626,
       20.46584791]), array([ 9.70429984,  2.24228575,  8.63077366,  0.94869939,  9.53871907,
       19.85425543]), array([11.94658559,  2.2938286 ,  9.57947305,  1.17244936,  7.29643331,
       18.90555605]), array([14.24041419,  2.33506288, 10.75192241,  1.33095097,  5.00260471,
       17.73310669]), array([16.57547707,  2.36805031, 12.08287339,  1.26659972,  2.66754183,
       16.40215571]), array([18.94352738,  2.39444024, 13.3494731 ,  1.19734998,  0.29949152,
       15.135556  ]), array([21.33796762,  2.4155522 , 14.54682308,  0.80616266, -2.09494872,
       13.93820601]), array([23.75351982,  2.43244176, 15.35298574,  0.25316937, -4.51050092,
       13.13204336]), array([26.18596158,  2.42376766, 15.60615511, -0.29746451, -6.94294267,
       12.87887399]), array([28.60972923,  2.30863634, 15.3086906 , -0.73797161, -9.36671033,
       13.1763385 ]), array([ 30.91836558,   2.12517496,  14.570719  ,  -1.09037728,
       -11.67534667,  13.9143101 ]), array([ 33.04354054,   1.89460431,  13.48034171,  -1.37230183,
       -13.80052164,  15.00468739]), array([ 34.93814485,   1.84063487,  12.10803988,  -1.59784146,
       -15.69512595,  16.37698921]), array([ 36.77877972,   1.97250789,  10.51019842,  -1.46545416,
       -17.53576081,  17.97483068]), array([ 38.75128761,   2.07800631,   9.04474426,  -1.05044794,
       -19.50826871,  19.44028483]), array([ 40.82929392,   1.33335226,   7.99429633,  -0.34035835,
       -21.58627502,  20.49073277]), array([ 42.16264618,   0.68151928,   7.65393798,   0.22771332,
       -22.91962728,  20.83109112]), array([ 42.84416546,   0.13334278,   7.8816513 ,   0.68217066,
       -23.60114656,  20.6033778 ]), array([ 42.97750824,  -0.32711877,   8.56382196,   1.04573653,
       -23.73448934,  19.92120714]), array([ 42.65038947,  -0.57855078,   9.60955848,   1.33658922,
       -23.40737057,  18.87547061]), array([ 42.07183869,  -0.78424022,  10.9461477 ,   1.56927138,
       -22.82881979,  17.53888139]), array([ 41.28759847,  -0.95665558,  12.51541908,   1.7554171 ,
       -22.04457956,  15.96961002]), array([ 40.33094289,  -1.10224396,  14.27083618,   1.90433368,
       -21.08792399,  14.21419292]), array([ 39.22869894,  -1.22650595,  16.17516986,   2.02346694,
       -19.98568003,  12.30985923]), array([ 38.00219299,  -1.31573711,  18.19863681,   2.11877356,
       -18.75917409,  10.28639229]), array([ 36.68645587,  -1.26321434,  20.31741036,   2.19501884,
       -17.44343697,   8.16761873]), array([ 35.42324154,  -0.92665457,  22.51242921,   2.25601508,
       -16.18022264,   5.97259989]), array([ 34.49658697,  -0.58201505,  24.76844428,   2.30481206,
       -15.25356807,   3.71658481]), array([ 33.91457192,  -0.210245  ,  27.07325634,   2.34384965,
       -14.67155302,   1.41177275]), array([ 33.70432692,   0.30161042,  29.41710599,   2.37507972,
       -14.46130802,  -0.9320769 ]), array([ 34.00593734,   0.74128833,  31.79218571,   2.20098525,
       -14.76291843,  -3.30715661]), array([ 34.74722567,   1.09303067,  33.99317096,   1.90788689,
       -15.50420677,  -5.50814186])]

Actions: [array([ 0.0414387, -0.5      ]), array([ 0.15277397, -0.5       ]), array([ 0.15664274, -0.5       ]), array([ 0.17627394, -0.5       ]), array([ 0.31402631, -0.5       ]), array([ 0.34723665, -0.5       ]), array([ 0.36837536, -0.5       ]), array([ 0.47986437, -0.5       ]), array([ 0.5       , -0.39833696]), array([0.5       , 0.01075132]), array([0.5      , 0.0616126]), array([0.5       , 0.23199643]), array([0.5       , 0.33204022]), array([0.5       , 0.38687609]), array([0.47094402, 0.5       ]), array([0.37713821, 0.5       ]), array([0.33833225, 0.5       ]), array([0.29731302, 0.5       ]), array([0.23686238, 0.5       ]), array([0.20898952, 0.5       ]), array([0.18642779, 0.5       ]), array([0.16249835, 0.5       ]), array([0.14055206, 0.5       ]), array([-0.06515884,  0.5       ]), array([-0.3258161,  0.5      ]), array([-0.28048054,  0.5       ]), array([-0.31126282,  0.5       ]), array([-0.34101523,  0.5       ]), array([-0.37739999,  0.5       ]), array([-0.40750238,  0.5       ]), array([-0.4423623,  0.5      ]), array([-0.5       ,  0.49776838]), array([-0.5       ,  0.44221839]), array([-0.5       ,  0.37112686]), array([-0.5       ,  0.34365378]), array([-0.5       ,  0.32757331]), array([-0.5       ,  0.29677978]), array([-0.5      , -0.1192521]), array([-0.5       , -0.21435361]), array([-0.5       , -0.33833719]), array([-0.5       , -0.32820418]), array([-0.5       , -0.36046588]), array([-0.5       , -0.39349896]), array([-0.39521061, -0.5       ]), array([-0.3581382, -0.5      ]), array([-0.33829428, -0.5       ]), array([-0.31310305, -0.5       ]), array([-0.29005924, -0.5       ]), array([-0.19936918, -0.5       ]), array([-0.17455454, -0.5       ]), array([-0.14936987, -0.5       ]), array([-0.10959537, -0.5       ]), array([-0.08768282, -0.5       ]), array([-0.04622733, -0.5       ]), array([-0.01071701, -0.5       ]), array([ 0.02218644, -0.5       ]), array([ 0.14236184, -0.5       ]), array([ 0.17048568, -0.5       ]), array([ 0.2225992, -0.5      ]), array([ 0.2504577, -0.5      ]), array([ 0.34021869, -0.5       ]), array([ 0.44781066, -0.5       ]), array([ 0.5       , -0.15698867]), array([0.5       , 0.07303899]), array([0.5       , 0.15479079]), array([0.5       , 0.22281797]), array([0.5       , 0.29248714]), array([0.5       , 0.36795387]), array([0.5       , 0.48855904]), array([0.5       , 0.45942541]), array([0.5       , 0.41348985]), array([0.5       , 0.39299149]), array([0.5       , 0.20183894]), array([0.5       , 0.18407021]), array([ 0.5       , -0.15171733]), array([ 0.5       , -0.39176076]), array([ 0.47781425, -0.5       ]), array([ 0.36962222, -0.5       ]), array([ 0.27826589, -0.5       ]), array([ 0.19446434, -0.5       ]), array([ 0.32495142, -0.5       ]), array([ 0.5       , -0.18718099]), array([0.5       , 0.12191539]), array([-0.32905279,  0.5       ]), array([-0.38516253,  0.5       ]), array([-0.41187264,  0.5       ]), array([-0.43379299,  0.5       ]), array([-0.31685576,  0.5       ]), array([-0.3213996,  0.5      ]), array([-0.3292634,  0.5      ]), array([-0.3369195,  0.5      ]), array([-0.34471078,  0.5       ]), array([-0.33453236,  0.5       ]), array([-0.21062465,  0.5       ]), array([0.0839169, 0.5      ]), array([0.1593086, 0.5      ]), array([0.25536704, 0.5       ]), array([0.46980642, 0.5       ]), array([0.5       , 0.30092147]), array([0.5       , 0.14709869])]

Trash Locations: []