-49491.98793622043
-35060.00261339392
-23888.490421481823
-21581.619760255755
-26802.788745031477
-27929.115972775984
-31704.61459358862
-32493.811185842533
-31448.408089001015
-26352.563758805765
-20092.40718449369
-17191.544921186935
-18043.72908763462
-17270.563494973183
-17515.86147967605
-16800.728028972248
-16670.716489454797
-15703.817390462926
-15080.19724382857
-14979.431128246939
-14720.504031255818
-14700.877784230359
-14518.096259627971
-14199.109438541835
-14029.92257942897
-13970.533891397881
-13706.769163227897
-13571.37448173595
-13501.67453410965
-13197.486668332824
-13293.788563776345
-13394.533743315755
-13496.522081053776
-13319.874199993807
-13120.925704064817
-13084.327805127774
-13135.749876739812
-13160.532792117001
-13228.05956676527
-13020.170193019516
-12975.833095709808
-12950.381404749436
-13097.655393857327
-13091.98172359565
-13253.218619702151
-12957.568842625506
-12991.415771280499
-13137.69189099722
-12938.047832065
-13186.80775457412
-12967.316848302336
-13019.743977366157
-13006.028863396128
-13044.170303275601
-13100.533636579072
-13046.70782956075
-13001.84899268385
-12981.808331711833
-12968.345304102353
-12938.326641797017
-13034.275627745566
-12963.03601150344
-13167.882567241799
-13043.746080115245
-13125.785043882031
-13102.062628627964
-13086.083258978688
-13112.225797785528
-12917.021803243853
-12804.195677646923
-13093.466819400484
-12951.195982745594
-12900.193742855996
-13323.359301086564
-13151.94099729431
-12775.397541138696
-12885.522456039793
-13120.170995603248
-13146.29448114566
-13052.8502959055
