-49491.98046874998
-29366.009765624993
-22738.476562499996
-23130.861328124996
-27376.740234374993
-28498.175781249993
-32268.878906249985
-30589.29687499999
-23902.771484374993
-18510.046874999993
-18338.505859374993
-18355.759765624993
-18806.294921874993
-16810.707031249993
-16652.128906249993
-15905.599609374993
-14886.546874999995
-14389.229492187495
-13913.931640624996
-13330.581054687495
-13398.338867187495
-13246.190429687495
-12909.923828124996
-12561.638671874995
-12316.042968749996
-11907.818359374996
-11689.222656249996
-11420.338867187496
-11248.963867187496
-11047.355468749996
-11087.092773437496
-11256.662109374996
-11234.085937499996
-11127.874999999996
-11004.828124999996
-11138.449218749996
-11007.001953124996
-11140.708007812496
-10920.132812499996
-10998.185546874996
-10975.025390624996
-11061.149414062496
-11082.426757812496
-10900.113281249996
-11104.488281249996
-11036.904296874996
-11009.793945312496
-11070.173828124996
-10987.640624999996
-11192.364257812496
-11052.322265624996
-11025.970703124996
-11135.723632812496
-11128.695312499996
-11160.083984374996
-11212.029296874996
-11299.404296874996
-11085.158203124996
-11077.408203124996
-11103.691406249996
-11262.695312499996
-11175.040039062496
-11284.884765624996
-11254.185546874996
-11280.858398437495
-11308.216796874995
-11372.287109374996
-11384.378906249996
-11385.409179687496
-11278.542968749996
-11326.512695312495
-11215.236328124996
-11384.205078124995
-11444.869140624996
-11427.361328124996
-11299.375976562496
-11403.150390624996
-11407.363281249995
-11519.432617187496
-11453.826171874996
