-22254.487936220437
-20831.48684420212
-19504.67257579925
-18348.729268752977
-17354.491303937666
-16734.23430412993
-17159.332085365913
-15862.676066606446
-14017.724511359096
-12400.526821892863
-10992.390260181526
-10531.951673738524
-11075.919420663746
-10611.96755531356
-10956.670295481113
-10906.32407131904
-10944.86213037857
-9680.960273189561
-9909.694637081604
-10388.090914133645
-9163.112478638417
-9246.252325864356
-9166.822007364357
-8983.472782503253
-8840.738157742933
-8900.770542607828
-8547.55364532966
-8630.320193209045
-8405.793696731358
-8490.649569467092
-7663.734182864719
-8415.54874151541
-8455.323787612788
-7760.343390805865
-8076.745160774752
-7808.176454392013
-8111.449007342101
-7979.567831932849
-7774.807564568279
-7909.619910860789
-7664.054425981893
-7681.566787325761
-7986.59402037797
-7784.466853397045
-7337.45643671994
-7730.102496263879
-7726.269059425074
-7548.997600927146
-7475.965583413895
-7553.122167272892
-7592.332663132956
-7505.585885080482
-7593.9597209048125
-7542.589065912483
-7497.246138571555
-7604.3874996323375
-7547.851132522094
-7576.881986651053
-7391.070109393624
-7417.057867358014
-7509.470769280801
-7395.150029262508
-7442.86355656367
-7232.396097076115
-7646.318741535183
-7276.919895565518
-7477.930948190209
-7562.346781842409
-7307.519751852521
-7272.567811765121
-7402.595894210458
-7359.075581048468
-7397.346562439356
-7379.935555873308
-7406.261099049077
-7248.490080980215
-7150.131891276394
-7326.207804424358
-7365.59044693519
-7279.249391204093
