-19530.73793622042
-19975.01186871377
-19153.60093608472
-17928.66823228226
-16552.28180659939
-15604.97978419922
-15669.40089675849
-13507.553015648187
-12421.642562962228
-11022.592769485205
-10091.111122617185
-9529.84782426745
-9655.070860149051
-8639.645764757586
-8111.3035956525955
-7323.723518943797
-7574.864622090684
-6752.895127674512
-6394.286297433931
-6507.793770659945
-6156.915994839627
-6133.803916308787
-5936.778114531864
-5971.438339313059
-5983.544013672739
-5977.59472055479
-5869.492710624234
-5860.6478511790065
-5705.193935374549
-5695.596707959261
-5551.290519727193
-5575.440807044479
-5539.785499893146
-5581.264721571117
-5447.286901397607
-5310.526088014867
-5390.131307591248
-5338.911718405919
-5454.783786864044
-5371.640398274447
-5356.526597507354
-5242.448761465627
-5285.614179849529
-5297.998019678261
-5321.161821118508
-5209.022644792992
-5183.344261741985
-5294.167063897095
-5197.134579121212
-5242.367927750913
-5217.762651995976
-5205.95079092949
-5209.058418114561
-5205.3244258038985
-5151.635340321988
-5164.600282867173
-5150.147318870343
-5243.332270589506
-5208.5544941912285
-5192.923342552901
-5198.307988255607
-5189.707110462421
-5321.548876995201
-5231.874209239224
-5265.933251567807
-5244.472372814592
-5286.788440819802
-5273.5490223422985
-5236.435930025035
-5161.34801550002
-5200.443270452701
-5170.9754710875395
-5162.9070633386
-5210.473506644494
-5270.312292082664
-5193.5427308302815
-5057.426578498982
-5164.608192050746
-5257.7989920112495
-5170.036544474469
