-49491.98046874998
-29293.962890624993
-22879.648437499996
-23061.201171874996
-26616.978515624993
-28384.207031249993
-28971.791015624993
-28325.134765624993
-22905.177734374993
-19775.492187499993
-19504.851562499993
-17769.427734374993
-17375.886718749996
-16324.437499999996
-14856.643554687496
-13418.793945312498
-13282.333007812498
-13893.440429687496
-12009.666015624998
-12163.057617187498
-12563.082031249998
-11996.226562499998
-10891.792968749998
-10708.451171874998
-10240.714843749998
-10763.244140624998
-9947.531249999998
-10130.298828124998
-9255.7705078125
-9390.626953125
-10313.712890624998
-9878.028320312498
-9492.8017578125
-9860.322265624998
-8951.7236328125
-9033.154296875
-8673.9267578125
-8729.546875
-8587.287109375
-8547.0966796875
-8726.533203125
-8244.044921875
-8474.07421875
-8259.4443359375
-8949.935546874998
-8180.0810546875
-8113.7470703125
-8386.478515625
-8138.4443359375
-8228.1015625
-8092.3125
-7968.0654296875
-7831.4384765625
-8042.5693359375
-7972.2255859375
-7829.3671875
-7785.32958984375
-7714.36083984375
-7778.54931640625
-7692.03662109375
-7634.4482421875
-7607.62890625
-7705.3427734375
-7807.3759765625
-7783.79833984375
-7789.3994140625
-7652.90869140625
-7649.8271484375
-7669.9990234375
-7535.0478515625
-7615.0771484375
-7509.0556640625
-7484.82666015625
-7517.4150390625
-7581.24072265625
-7485.97021484375
-7500.11328125
-7526.1884765625
-7553.0703125
-7479.2294921875
