-49491.98046874998
-29322.302734374993
-23006.380859374996
-22872.193359374996
-26241.791015624993
-25994.595703124993
-25599.376953124993
-23819.681640624993
-22663.777343749993
-21213.115234374993
-21364.566406249993
-20058.074218749993
-20097.964843749996
-19096.490234374993
-18466.818359374993
-16295.158203124996
-17189.857421874996
-16009.374999999996
-14905.734374999996
-17275.613281249996
-14219.896484374996
-14949.260742187496
-14207.107421874998
-12739.685546874998
-12738.464843749998
-13393.312499999998
-12342.195312499998
-12050.217773437498
-11124.9765625
-11323.423828124998
-10774.567382812498
-11145.359374999998
-11744.762695312498
-10538.964843749998
-10033.15625
-10534.045898437498
-9555.982421875
-9460.6103515625
-9125.2451171875
-9244.68359375
-9245.388671875
-8676.990234375
-9205.263671875
-8926.5849609375
-9280.039062499998
-8758.6396484375
-8634.2333984375
-8657.484375
-8586.994140625
-8491.6240234375
-8466.849609375
-8207.9111328125
-8224.76171875
-8429.033203125
-8206.6923828125
-8151.6611328125
-8253.0
-8114.76171875
-8443.0283203125
-8041.97412109375
-7936.328125
-7929.45166015625
-7926.79833984375
-7988.55615234375
-8137.20703125
-7979.29541015625
-7875.8056640625
-7887.3896484375
-7767.3583984375
-7661.85693359375
-7756.0478515625
-7656.3994140625
-7635.39697265625
-7662.7568359375
-7756.8037109375
-7564.5029296875
-7593.5146484375
-7616.12353515625
-7639.22509765625
-7563.1240234375
