-49491.98793622043
-29325.011868713704
-22769.850936084753
-23126.168232282253
-27346.03180659937
-28639.979784199222
-29598.15089675847
-27175.053015648096
-21537.892562962246
-19726.342769485098
-19647.361122617207
-18522.347824267454
-18785.070860149022
-16820.895764757595
-16911.30359565261
-16123.723518943836
-15082.364622090638
-14576.64512767453
-14053.036297433917
-13327.793770659942
-13251.9159948396
-13008.803916308787
-12674.278114531839
-12048.938339313
-11799.794013672703
-11615.094720554811
-11383.242710624218
-11168.147851179
-11122.693935374537
-10893.096707959268
-10927.540519727134
-11047.940807044495
-10984.78549989311
-10902.514721571124
-10727.286901397587
-10920.526088014927
-10835.131307591317
-10811.411718405923
-10721.033786864069
-10637.89039827447
-10760.276597507373
-10797.44876146563
-10799.364179849536
-10674.248019678298
-10793.661821118492
-10750.272644792964
-10752.094261742011
-10752.917063897085
-10642.13457912122
-10769.867927750869
-10580.262651995932
-10582.200790929508
-10750.308418114559
-10719.074425803925
-10706.635340321975
-10719.600282867152
-10718.897318870342
-10605.832270589515
-10612.30449419127
-10610.423342552856
-10753.307988255603
-10579.707110462416
-10629.048876995197
-10594.37420923921
-10669.683251567836
-10538.222372814573
-10608.03844081983
-10691.049022342331
-10585.185930025016
-10455.098015500052
-10576.693270452686
-10519.725471087502
-10649.157063338595
-10737.973506644506
-10632.812292082668
-10487.2927308303
-10653.676578498951
-10692.108192050717
-10771.54899201125
-10683.786544474504
