-19530.73793622042
-19999.82178639711
-19183.8981416256
-17867.219767980125
-16025.55178443779
-15998.35966685292
-16978.15364014368
-15280.961505436644
-14702.546319460447
-13746.902235675288
-11478.35930288432
-11038.107000018328
-12659.252003012001
-11410.282229098746
-11289.348603451179
-11853.936196715757
-12267.387968867693
-10468.159711418124
-9983.260231781233
-11706.893589524821
-10507.429753946568
-9985.543110320858
-11250.888442924286
-10800.960412905313
-10222.24970664395
-10602.088363081011
-10142.223606179361
-9891.494798988551
-9557.501557798332
-9755.955358293848
-9165.849154123738
-9124.134783156504
-9819.788794612321
-8902.741303248815
-8878.180274099675
-8127.824239156593
-8744.757050059197
-8580.631012294425
-8492.767725742078
-8323.45702257268
-8021.662549214173
-8388.26307069145
-8449.037356009383
-8294.108816650793
-7561.313578567746
-8016.158636028934
-8125.505605031916
-7970.006533208609
-7775.7666356937025
-7941.645718941069
-8013.120779734078
-7726.682202451106
-7936.034843030199
-8016.553298677904
-7835.463825205361
-7794.182728441365
-8019.270474050337
-7991.0332059595585
-7274.299258363404
-7546.993998581251
-7785.099778938575
-7805.724369689419
-7610.570097480141
-7397.326899016167
-7972.226251042552
-7511.816097553254
-7697.074119168174
-7804.911141923112
-7561.129349338048
-7441.877461563095
-7577.317720268569
-7532.668603142927
-7456.666947848362
-7525.278857744021
-7509.324422722653
-7454.5233038554825
-7277.2859469332425
-7478.644027142278
-7501.744401238777
-7480.643470782193
