-22254.487936220437
-20828.52889186345
-19475.997498214972
-18418.390245060677
-17589.25757653034
-16860.70694847156
-16668.91468188173
-15501.836651020258
-13827.80809992873
-12297.586251960553
-11126.045300997761
-10205.783043277926
-10406.324031172826
-9235.734539946154
-8689.660480295172
-7868.126848338007
-7924.070404019078
-7114.256403873222
-6788.9514999018065
-6743.100849214842
-6398.3607443150395
-6296.207745601076
-6109.942805774397
-6024.160111727329
-6003.561901821585
-5982.836911398902
-5851.741532797442
-5882.856690398429
-5873.982929141558
-5822.376222944798
-5774.610429766736
-5794.181043827188
-5746.604326699009
-5815.391885808719
-5704.847813360983
-5613.468242790823
-5694.519464903223
-5628.226030818963
-5695.152489634505
-5610.702968727802
-5637.545570630535
-5573.667995434753
-5607.44480680126
-5587.630613385444
-5617.008125060673
-5524.422417144602
-5522.3107398382745
-5595.193165800569
-5487.658741241913
-5542.381526973845
-5527.342183218516
-5488.48859895725
-5510.743174581468
-5503.715601519659
-5447.601827242784
-5449.548317848502
-5424.422110318972
-5497.677096465606
-5452.424861150068
-5428.707850784342
-5437.712601257048
-5375.059119281612
-5459.902680868081
-5379.203106044939
-5405.877941563851
-5383.235029621594
-5409.804691712766
-5396.896850099985
-5347.927624603356
-5266.0587580166075
-5326.530077571091
-5290.253283582848
-5296.72090932662
-5369.888690949196
-5377.378749133733
-5299.393896925169
-5203.167471421092
-5319.881798927344
-5381.949927793807
-5303.844555785405
