-22254.487936220437
-20825.011868713755
-19482.35093608473
-18401.16823228226
-17533.531806599396
-16789.979784199226
-16935.650896758496
-14750.05301564819
-13250.39256296222
-11813.842769485198
-10959.86112261718
-10347.347824267446
-10485.07086014905
-9383.39576475759
-8911.303595652595
-8123.723518943787
-8257.364622090692
-7464.145127674505
-7090.536297433928
-7127.79377065995
-6801.915994839629
-6758.80391630878
-6549.27811453186
-6523.93833931306
-6512.294013672742
-6490.094720554795
-6370.742710624233
-6343.1478511790065
-6197.693935374554
-6168.096707959261
-6040.0405197271975
-6072.940807044481
-6034.785499893148
-6065.014721571114
-5927.286901397608
-5820.526088014862
-5885.131307591248
-5836.411718405919
-5933.533786864038
-5850.3903982744405
-5847.776597507354
-5747.448761465625
-5786.864179849528
-5786.748019678259
-5818.661821118518
-5712.772644792986
-5689.5942617419805
-5790.417063897092
-5692.134579121212
-5744.867927750912
-5705.262651995972
-5694.700790929492
-5712.808418114564
-5706.574425803892
-5656.635340321995
-5669.600282867179
-5656.397318870337
-5730.832270589501
-5699.8044941912285
-5685.423342552893
-5703.307988255613
-5679.707110462422
-5804.048876995209
-5719.374209239225
-5757.183251567807
-5725.722372814594
-5770.538440819802
-5766.049022342296
-5722.685930025031
-5642.598015500013
-5689.193270452701
-5657.225471087541
-5661.6570633385945
-5712.973506644499
-5757.812292082661
-5674.7927308302815
-5566.176578498982
-5667.108192050744
-5759.04899201125
-5671.286544474473
