-22254.487936220437
-21522.502613393837
-19600.990421481834
-18356.619760255784
-17827.78874503151
-17391.61597277597
-16829.61459358864
-15431.311185842507
-14360.908089001057
-13302.563758805754
-12404.90718449368
-11191.544921186929
-10756.229087634569
-9320.563494973132
-8040.861479676093
-7000.728028972238
-6933.216489454762
-6278.817390462952
-5917.697243828534
-5716.931128246933
-5458.004031255841
-5413.377784230337
-5305.596259627984
-5161.609438541873
-5092.422579428973
-5033.033891397892
-4906.769163227926
-4908.874481735938
-4826.674534109664
-4822.486668332804
-4743.788563776334
-4794.533743315767
-4734.022081053782
-4769.874199993762
-4695.92570406477
-4659.327805127783
-4698.249876739817
-4660.532792116981
-4653.059566765276
-4670.17019301951
-4688.333095709807
-4650.381404749449
-4647.655393857303
-4591.981723595642
-4628.218619702174
-4607.568842625524
-4566.415771280534
-4637.691890997207
-4588.04783206499
-4611.807754574147
-4579.816848302369
-4557.243977366212
-4631.028863396141
-4631.670303275597
-4563.0336365790745
-4584.207829560781
-4589.34899268386
-4606.808331711845
-4580.84530410238
-4588.326641797016
-4609.275627745522
-4538.036011503463
-4592.882567241814
-4568.746080115276
-4575.785043882043
-4539.562628627987
-4598.58325897869
-4587.225797785535
-4642.021803243865
-4579.195677646958
-4543.46681940049
-4538.69598274562
-4587.69374285598
-4510.85930108655
-4601.940997294326
-4612.897541138687
-4535.522456039815
-4557.670995603234
-4608.794481145658
-4540.350295905534
