-49491.98793622043
-29873.01380880633
-23288.93320182737
-22934.995966144365
-26923.594941889176
-28545.886444860353
-32389.58992502172
-29519.9248624486
-22610.045337913863
-17978.116212052635
-18226.63635817012
-18227.398293689177
-18780.002057137703
-17066.634383533685
-16847.328065021775
-16329.2817960625
-15891.063394749834
-15136.050136616735
-14744.494602104018
-14480.808363881402
-14350.463629500626
-14316.407164134467
-13998.823171577431
-13911.35301661179
-13822.884369458305
-13713.376403711756
-13466.773695320604
-13266.421120365641
-13419.585599484859
-12992.050027731219
-13210.787053265629
-13319.057648190676
-13337.020254234643
-13213.849303611827
-13051.211073906608
-13010.49457802351
-13050.29764176162
-13086.027961885424
-13223.619091653924
-13003.883014884485
-12978.988111836166
-12949.309884564975
-13087.349409067863
-13119.519153291209
-13255.871284277757
-12950.392383239916
-12973.334042953444
-13094.544914198565
-12935.046889200148
-13182.468434226717
-12966.129191533708
-13018.051064454183
-13005.644158197014
-13054.73923792403
-13087.519489753866
-12997.119028786123
-13000.821930002166
-12994.44933144221
-12967.8568009736
-12950.962671435362
-13060.096166311105
-12975.088049606371
-13155.368475531377
-13043.229209182397
-13099.83165042057
-13102.283192659486
-13086.177641993181
-13112.722435037029
-12916.952657410988
-12803.132407204992
-13092.3549731278
-12925.909364776684
-12900.175850530704
-13323.711817420044
-13127.439199085497
-12775.38891837406
-12885.220187393204
-13121.262773735676
-13147.00264680418
-13053.993067826228
