-49491.98046874998
-35059.999999999985
-23888.468749999996
-21581.595703124996
-26802.775390624993
-27929.093749999993
-31704.57421874999
-32493.769531249985
-31448.371093749985
-26352.51562499999
-20092.369140624993
-17191.509765624993
-18043.693359374993
-17270.535156249993
-17515.839843749993
-16800.697265624993
-16670.691406249993
-15703.799804687493
-15080.179687499993
-14979.412109374993
-14720.4873046875
-14700.859374999993
-14518.078124999993
-14199.09375
-14029.909179687493
-13970.517578124993
-13706.751953124993
-13571.359374999993
-13501.659179687493
-13197.470703124993
-13293.773437499993
-13394.517578124993
-13496.505859374993
-13319.856445312493
-13120.911132812493
-13084.311523437493
-13135.734374999993
-13160.515624999993
-13228.043945312493
-13020.155273437493
-12975.815429687493
-12950.365234374993
-13097.642578124993
-13091.966796874993
-13253.203124999993
-12957.551757812493
-12991.400390624993
-13137.679687499993
-12938.031249999993
-13186.791992187493
-12967.302734374993
-13019.727539062493
-13006.014648437493
-13044.154296874993
-13100.517578124993
-13046.691406249993
-13001.832031249993
-12981.792968749993
-12968.329101562493
-12938.312499999993
-13034.259765624993
-12963.021484374993
-13167.867187499993
-13043.732421874993
-13125.770507812493
-13102.047851562493
-13086.067382812493
-13112.208984374993
-12917.004882812493
-12804.180664062493
-13093.451171874993
-12951.180664062493
-12900.177734374995
-13323.343749999993
-13151.926757812493
-12775.380859374993
-12885.507812499993
-13120.154296874993
-13146.279296874993
-13052.836914062493
