-19530.73793622042
-20168.752613393848
-19172.240421481845
-18034.119760255784
-16930.288745031496
-16337.86597277596
-15342.11459358866
-13725.06118584251
-12652.15808900106
-11997.563758805754
-11636.15718449368
-10591.544921186936
-10027.479087634558
-8525.563494973147
-7093.361479676103
-6020.728028972231
-5959.466489454764
-5336.317390462953
-5001.447243828547
-4790.681128246935
-4531.75403125584
-4484.627784230333
-4384.346259627995
-4257.859438541867
-4198.672579428984
-4139.283891397895
-4026.7691632279157
-4042.6244817359393
-3959.1745341096625
-3984.98666833281
-3888.7885637763297
-3934.533743315761
-3857.772081053784
-3914.874199993765
-3853.4257040647744
-3816.827805127782
-3854.4998767398233
-3810.532792116994
-3795.5595667652683
-3835.170193019507
-3859.583095709799
-3820.3814047494443
-3802.6553938573174
-3741.9817235956457
-3765.718619702174
-3772.5688426255206
-3723.9157712805268
-3787.6918909972046
-3753.0478320649913
-3754.3077545741494
-3741.066848302364
-3710.9939773662104
-3793.528863396138
-3790.420303275586
-3709.2836365790668
-3737.9578295607703
-3748.0989926838556
-3769.3083317118326
-3742.0953041023704
-3753.326641797025
-3766.7756277455314
-3695.5360115034464
-3735.382567241818
-3721.246080115276
-3720.785043882033
-3683.312628627972
-3749.8332589786937
-3734.7257977855343
-3814.521803243862
-3756.6956776469538
-3688.4668194004794
-3697.4459827456144
-3756.443742855984
-3629.6093010865516
-3746.940997294325
-3796.647541138688
-3700.522456039818
-3701.4209956032255
-3755.044481145659
-3689.100295905531
