-19530.73793622042
-19985.236844202132
-19167.17257579925
-17877.479268752973
-16428.241303937688
-15569.234304129914
-15978.082085365919
-14616.426066606422
-13128.97451135907
-11663.02682189286
-10141.140260181524
-9808.201673738518
-10445.919420663746
-10040.717555313557
-10566.67029548111
-10655.07407131904
-10711.112130378566
-9259.710273189545
-9699.694637081604
-10210.590914133649
-8823.112478638412
-8971.252325864352
-8994.322007364357
-8810.972782503251
-8700.738157742928
-8714.520542607826
-8407.553645329657
-8480.320193209041
-8320.793696731354
-8400.64956946709
-7398.734182864719
-8269.298741515408
-8351.573787612797
-7550.343390805875
-7989.245160774745
-7685.67645439201
-8055.199007342095
-7904.567831932851
-7693.557564568286
-7845.869910860788
-7557.804425981893
-7625.316787325761
-7937.844020377966
-7736.966853397049
-7176.20643671994
-7685.102496263877
-7687.519059425077
-7465.247600927146
-7409.715583413893
-7485.622167272892
-7542.332663132953
-7459.335885080482
-7570.209720904813
-7492.589065912483
-7449.746138571552
-7581.887499632336
-7524.101132522097
-7563.131986651051
-7352.320109393622
-7389.557867358014
-7496.970769280801
-7373.9000292625105
-7416.61355656367
-7174.896097076118
-7632.568741535184
-7225.669895565518
-7460.430948190211
-7553.596781842409
-7271.269751852521
-7246.317811765116
-7381.345894210458
-7344.075581048468
-7388.596562439356
-7366.185555873308
-7388.761099049077
-7224.740080980216
-7115.131891276394
-7306.207804424356
-7346.84044693519
-7259.249391204093
