-8810.10917783124
-10424.96175019004
-3702.3347750289386
-2154.23344714785
-1938.981588825773
-1891.75969270021
-1846.5626492030292
-1804.6796190663688
-1783.7730620010764
-1732.5007380202926
-1698.3275683677607
-1677.1617768560452
-1623.197477054951
-1608.9223207292275
-1587.5203028176697
-1550.095346237857
-1542.2316118440845
-1508.397802386975
-1509.000824846344
-1483.907747400853
-1460.370626337638
-1465.4852847876214
-1460.3353598780484
-1453.1135945819549
-1456.7301867446433
-1446.5759950865752
-1429.666794418534
-1451.7133363939352
-1416.0952463175092
-1455.891612517797
-1423.2541028298958
-1449.0045049329028
-1421.679180149617
-1451.3876946040446
-1450.7688116836641
-1434.9490553433664
-1463.0846587262051
-1444.5987378353802
-1433.233243397097
-1461.6357410270346
-1470.2372898156368
-1456.4468748541992
-1454.4459783516945
-1430.78597106167
-1437.7744544358684
-1450.6239394221311
-1435.0927242446905
-1461.0517991585657
-1465.1300835203417
-1462.879506735484
