-10679.109177831237
-12227.93710664926
-18890.31619667423
-24185.323062668802
-29086.217877421404
-31584.68572904027
-32538.14673369786
-33016.50671623053
-33872.97813123035
-34611.07439561815
-34672.38380526046
-34682.76216463574
-33944.13337954397
-33181.95490327326
-32498.518732890785
-31420.16038720331
-30869.92003430786
-29253.49397723139
-27753.73325930906
-26049.552790231894
-21832.26867838753
-18049.88629825243
-13704.60450083472
-12267.502886261704
-6835.319527587589
-5011.723257500548
-3869.6628078537988
-3580.397473464902
-3508.5849470201415
-3586.7486789919703
-3496.4914189078067
-3524.648176072698
-3432.8000637933897
-3412.8297241725295
-3338.766374772811
-3320.7587296839715
-3331.9205994037707
-3308.3718734348013
-3246.8085206206756
-3284.4878147480003
-3285.47322712783
-3265.909879437837
-3222.888653075683
-3196.2872291604403
-3213.244276480138
-3232.45770936894
-3428.6417206890546
-3648.226969456335
-3257.508960437608
-3143.742555099393
