-10679.109177831237
-5614.329334710126
-5292.347080950162
-4183.747984623815
-3611.903139423601
-3398.9758494239104
-3446.887516863388
-3445.673430385312
-3400.2810753138992
-3340.0098143285622
-3232.848651317042
-3224.4555355135494
-3192.520677919628
-3186.619624013052
-3163.477634344875
-3125.197300325948
-3096.695467381711
-3052.1924238286347
-3035.4916576148053
-3007.701245014154
-2995.486490805514
-3002.555391902406
-2985.5888362529768
-2966.425612061988
-2986.548712534377
-2960.3602512615244
-2972.498282411529
-2970.8683847919074
-2953.8144645744933
-3009.2690664542724
-2971.779284406489
-2984.1186725293874
-2948.0790867646783
-3006.085098369692
-2973.414128048941
-2969.2371832829335
-2993.382342044547
-2979.8725736387546
-2966.9636426731904
-3008.4392361049604
-3012.3126148139336
-3011.461578421075
-2992.011460031682
-2964.2119201110604
-2988.4910241667844
-2994.5170652613665
-2957.988471551759
-2992.555305573384
-2993.214985103169
-2987.087800817732
