-8810.10917783124
-40545.51657587641
-42221.291929290026
-42405.0798998452
-41247.7894436405
-42507.19562092242
-42371.54949987446
-42423.752288082294
-42337.707883215255
-42481.83562131103
-42407.09660438017
-42385.248146758815
-42395.65016699552
-42416.633077151455
-42551.79703509248
-42428.19201507513
-42451.2656317495
-42497.00744803225
-42460.174791278885
-42042.3968882458
-38131.293533306234
-31333.378797355494
-29575.876315081252
-28210.47676558456
-28090.50621939306
-28540.74227714229
-28937.6465079378
-29746.15587343587
-29152.169804351703
-28868.81288759417
-28671.657454341366
-28937.95116234715
-29579.718805342993
-30422.606238911823
-29888.467025928247
-29871.70228629762
-34262.27975843662
-32564.69418542351
-38532.45651797585
-42217.496481189686
-37517.190325967174
-15302.642453001294
-4522.358986877813
-2416.822097395701
-1914.3993575910795
-2009.078292283844
-2009.714969337095
-2072.049267039444
-2090.8274380433713
-2213.29997436214
