-9277.359177831235
-7405.0832110414485
-6553.012438510689
-5861.3683034962605
-4790.410459204572
-3586.089965389749
-3099.606504765341
-2711.2672925694487
-2534.3320100279893
-2483.1057833919176
-2406.4742846890067
-2355.219035475616
-2288.6176339009166
-2237.299250470381
-2174.3389761815947
-2113.23133015049
-2105.035871503679
-2046.3249809687763
-2032.9485235442917
-1999.5929414766256
-1968.1920763059697
-1948.8295637269669
-1913.6669909393822
-1891.8166137254339
-1896.994075246423
-1868.2255809155245
-1855.0795824593174
-1868.1493865224943
-1832.644855984597
-1871.47603960362
-1830.6127798118669
-1849.0070487547841
-1815.7332223295512
-1844.8917999706096
-1825.8973917884366
-1810.7565964373275
-1833.5776471032564
-1812.8201420234614
-1799.967294583558
-1827.1102407532956
-1834.1403254842826
-1819.0768150002496
-1807.6438879526474
-1781.9034741603894
-1791.675690933986
-1799.5305370806914
-1775.7438160421414
-1800.1895041058287
-1796.9748290704367
-1788.0720739089452
