-9978.2421875
-11349.361328125
-4873.58837890625
-3157.80322265625
-2969.598876953125
-2902.0394287109375
-2787.53076171875
-2789.6978759765625
-2771.3734130859375
-2690.1251220703125
-2667.6866455078125
-2660.5814208984375
-2583.7612915039062
-2535.3817749023438
-2504.6531982421875
-2467.322265625
-2461.640869140625
-2434.8148803710938
-2435.2060546875
-2408.6975708007812
-2404.2867431640625
-2404.292724609375
-2397.6754150390625
-2386.8965454101562
-2403.8447875976562
-2390.7936401367188
-2392.2289428710938
-2402.307373046875
-2376.4484252929688
-2423.7356567382812
-2389.0571899414062
-2407.7455444335938
-2372.3696899414062
-2418.6777954101562
-2397.0535888671875
-2386.3197021484375
-2409.9581909179688
-2393.9271240234375
-2379.3766479492188
-2417.5582275390625
-2425.5393676757812
-2422.0636596679688
-2406.6294555664062
-2381.639404296875
-2397.5943603515625
-2407.0020751953125
-2377.6240844726562
-2403.47705078125
-2401.6603393554688
-2393.7603759765625
