-9277.359177831235
-6908.330457312977
-5834.363280392173
-5023.922602415197
-4176.213960096548
-3305.0204300302203
-2903.260430545012
-2606.4661615569194
-2481.927084646723
-2441.441771416887
-2382.807472003113
-2339.5169503893067
-2275.9047989866203
-2216.5568660808185
-2168.497761533218
-2116.80244417559
-2102.063594154103
-2050.2319038195355
-2036.5878251689162
-2008.1457706255064
-1975.1611973762651
-1950.9680801514974
-1916.378318290082
-1894.0825638976482
-1898.9020099832192
-1870.7304142150963
-1856.9552660387974
-1868.5939965686543
-1832.776601262453
-1870.3307416385537
-1829.4893676756706
-1848.8057714620995
-1815.491467288774
-1844.2567347641063
-1825.4169993408777
-1809.4307013831901
-1831.368012753169
-1810.8457831318294
-1798.4550321539568
-1825.8582752628768
-1832.4894461726471
-1817.7031203509807
-1806.3895325467115
-1778.8070375193543
-1788.78805148477
-1796.8177598027573
-1773.4173268901243
-1798.083943732053
-1794.6021687438165
-1786.074689064586
