-8810.10917783124
-13416.64938135526
-10476.432767262257
-16591.058669258848
-21948.748413086952
-25068.059101317336
-22676.113611120643
-18293.181188470226
-7786.250598490519
-3349.237909219604
-2464.5692539601755
-2123.805674888532
-1868.618432198933
-1834.316441112334
-1834.8784332599425
-1802.9226855678783
-1772.5712242512714
-1732.6673304445314
-1704.2324399646345
-1653.9221837863693
-1610.732067562581
-1580.8935813285277
-1540.2482840979526
-1494.3711260411271
-1482.1838493051703
-1461.9689489191974
-1440.3813209746518
-1459.319561482307
-1419.624261112917
-1459.5764049424592
-1426.4240449666972
-1460.6657155266535
-1438.4361916862558
-1468.4182706287133
-1467.0855702941928
-1445.7542801329882
-1470.9508701422706
-1449.2341890345783
-1435.606467586527
-1461.5584771632907
-1472.402258762459
-1457.493878449308
-1448.9066593130412
-1424.6192657863169
-1431.1469209352858
-1444.1519332815633
-1430.106245913524
-1452.7461737429576
-1450.672446355216
-1444.2526234402865
