-10679.109177831237
-4209.319834205731
-3784.696072756935
-3815.297869912424
-4014.1667385360597
-4040.1912091325185
-3544.0362140737443
-3516.258468020492
-3613.7732516780693
-3100.887970379102
-2918.834623487651
-2911.0815560354013
-3015.522599022713
-3521.7375089501957
-3471.4279630166793
-3437.364085393231
-3399.1660906899197
-3364.619680068731
-3379.4104511264004
-3358.401430699066
-3406.2268989738586
-3500.9328610909274
-3561.3680419073003
-3672.3442834813018
-3827.3235927574087
-4093.6753311748785
-4404.900483898493
-4237.1472172068725
-3992.7049724579547
-4108.973876264174
-4226.7927751616935
-3901.1401686972326
-3898.649599407435
-4008.054342099314
-3932.422731520014
-3884.020963253309
-3710.1677252479844
-3691.119029321371
-3630.6241932597427
-3676.26030438908
-3655.0043859979946
-3671.055961122456
-3575.450190054952
-3494.691852831553
-3478.1318191097866
-3440.7187322435457
-3487.575864637315
-3188.600941103882
-2962.7335317604347
-3144.0124911062467
