-8810.10917783124
-10830.841713900427
-2718.5864144478346
-2030.0981087001928
-2450.1820293896276
-1957.0250741417742
-1947.9663689650286
-1996.5377453652902
-2125.421812746651
-1978.986538772852
-2095.474248886501
-2309.548435896926
-3919.708057841788
-4492.725059834066
-3025.025745108203
-3092.1610660790575
-1897.5850106016715
-1813.8328775983741
-1789.6273641831128
-1736.8614332746972
-1726.2400476736486
-1681.4593867425895
-1679.9368533730612
-1661.8935481972555
-1672.1593820300288
-1663.7519436777584
-1655.6697075201816
-1707.6667378800298
-1651.9651380453856
-1605.6346434170666
-1564.2527983159378
-1593.4011434839963
-1565.3015817905712
-1565.2378325382047
-1620.355128265627
-1563.3694834640742
-1614.3834932124478
-1580.3414614862427
-1548.32438252808
-1573.7252702611845
-1583.7890141546766
-1585.1565234592215
-1587.972050432596
-1594.2165907409258
-1662.983606853575
-1630.265870527427
-1771.8516084613864
-1679.5040379491886
-1708.9860085688008
-1724.5185371200946
