-10679.109177831237
-9867.613735971794
-8569.280727628347
-7131.684224100971
-6119.182863697313
-4946.435094444487
-4392.503363809438
-4015.7707423526167
-3785.3289400086514
-3742.417915204825
-3612.3805675096037
-3529.8168053626687
-3466.7825567239224
-3435.552686992755
-3397.328148159983
-3342.920111909863
-3320.3698711400766
-3271.758681263119
-3276.4955222618655
-3228.195517849833
-3216.8527463248056
-3194.3792891001017
-3140.1044566030405
-3101.419599716475
-3114.9431185492667
-3057.797213415273
-3052.534683898555
-3043.058321880536
-3011.6695819787756
-3059.7871449844947
-3013.0419845625893
-3024.7507893458405
-2986.7375786179277
-3028.9357128446745
-2990.514985301491
-2979.2472311406027
-2997.6060108439515
-2975.03887398099
-2959.126133531237
-2997.138026018692
-2999.459540935526
-2991.519866211073
-2971.787480219914
-2945.2536006694877
-2971.36033641974
-2978.1151540117926
-2932.132794225674
-2967.4969199984425
-2966.6990081427202
-2960.065738703841
