-9277.359177831235
-7326.455894288473
-6027.489586863105
-5131.008337695241
-4174.902102502138
-3312.6464560336995
-2940.190883098156
-2641.4106863870616
-2499.8142275711616
-2458.3513718462514
-2390.887065229577
-2347.261723271418
-2281.7865756787833
-2255.166771120726
-2220.2835621920176
-2139.6935480527686
-2131.581802899229
-2075.969799793443
-2071.0900212641873
-2047.1359703664434
-2017.7390309630944
-1988.3991152074445
-1943.2372972415037
-1920.828457284138
-1924.6059048655038
-1889.7859822812504
-1873.6820596444636
-1883.4416216876714
-1847.1528699115522
-1882.869273713215
-1841.9550273772606
-1859.3879783739583
-1826.7488004502588
-1853.259525937304
-1833.382658016718
-1817.4622432193478
-1840.0521299507636
-1818.4528090960562
-1805.9124732094774
-1833.3208056532906
-1839.8914625454636
-1823.6867505562864
-1812.0463704023223
-1784.2943983302375
-1794.1902030430435
-1802.0027818909316
-1777.833542976016
-1802.5685089603292
-1799.6274223514345
-1790.9417531468848
