-10679.109177831237
-24923.60084684394
-32376.039967201068
-34940.99508732352
-35697.822495866596
-36121.551313622986
-35968.32504602782
-35719.45135844479
-35274.67950258557
-35546.645829197354
-35042.46804886498
-34235.46644511484
-33921.04663928492
-33887.546588855075
-35401.1848713566
-36593.65304529964
-38046.96452292339
-37696.912374332984
-36961.771020385706
-36497.30067214102
-35120.13814142449
-33766.39677104935
-32603.162428615655
-29106.632259684044
-25161.964928945097
-21169.94466672316
-17535.128240022845
-15616.051627645074
-13006.826808221755
-11793.682975175148
-8340.844004779101
-5165.010324847165
-4000.2690771616662
-3475.07383586676
-3124.192201746012
-3675.9230079366657
-3923.638934771146
-3886.4418024797415
-3432.341737335216
-3420.410245667711
-3414.097987146739
-3341.887347650554
-3327.86846305927
-3312.8479042767185
-3292.634495182187
-3311.847780167501
-3168.4015191787703
-3095.407358948719
-3113.9216790311975
-3042.9977386269616
