-9978.2421875
-8335.96728515625
-7185.464111328125
-6040.8984375
-5163.946533203125
-4134.12109375
-3653.62109375
-3298.328125
-3120.914306640625
-3072.5516357421875
-2986.9193115234375
-2926.7525634765625
-2860.8900146484375
-2803.7962646484375
-2754.612548828125
-2704.0421142578125
-2683.6771240234375
-2629.5938720703125
-2617.075439453125
-2584.1331787109375
-2557.899169921875
-2534.8307495117188
-2496.866455078125
-2468.9457397460938
-2477.140380859375
-2443.34375
-2436.3197631835938
-2438.9584350585938
-2408.7653198242188
-2449.6949462890625
-2407.728271484375
-2421.4195556640625
-2388.10498046875
-2424.745849609375
-2398.0307006835938
-2384.2946166992188
-2406.2317504882812
-2383.459716796875
-2368.81884765625
-2401.8475341796875
-2405.1035766601562
-2394.8170166015625
-2377.8783569335938
-2350.2962036132812
-2367.0272216796875
-2372.8067626953125
-2342.6560668945312
-2372.9481201171875
-2370.5912475585938
-2363.1886596679688
