-9277.359177831235
-6300.5787982787115
-6040.790556513296
-5033.686541324652
-4503.28604716104
-3757.911469092242
-3205.1824025453666
-2730.7270203849007
-2547.231204203627
-2431.732868250926
-2356.7673950509484
-2305.641560685395
-2206.0426727355125
-2158.79589814986
-2115.336147953046
-2049.472983239147
-2031.0662576173315
-1992.5292530108538
-1978.7060893099024
-1947.8111571788208
-1929.162458422344
-1917.207929131532
-1894.3290031314293
-1869.1126470863012
-1874.952011210718
-1848.9585815322084
-1837.0410303456647
-1849.7253562773665
-1815.2555530054408
-1854.6440508718958
-1813.5130058950974
-1833.3230582476572
-1801.591929631401
-1831.2912497650989
-1814.4244162095151
-1799.9406739914698
-1822.0199253676885
-1803.0791377321516
-1790.3016795797412
-1818.7695151332969
-1825.0587165798308
-1811.9508183606008
-1800.915458849438
-1773.532762755022
-1783.5961807765766
-1792.4552920403487
-1768.9375430530436
-1793.3485662989847
-1789.6619159316674
-1781.0243148323189
