-9277.359177831235
-38060.61858849228
-42304.564716209585
-42405.59287720309
-37211.897030703825
-32386.025506635757
-31948.690038279055
-31536.78230181476
-32435.207610715774
-32943.866793365116
-33456.48528689022
-33555.512575617715
-33405.15751261001
-32901.95521320049
-32071.058152272402
-27558.77639910835
-24520.020771895546
-10753.57342670315
-21765.489074125868
-27413.447385272342
-29525.14028147161
-28734.317789596018
-29652.287333518507
-27453.80026659451
-32308.650807960086
-26061.103057174194
-30665.568723817432
-33507.67445603256
-32566.553509492405
-32380.575417522457
-29941.02963846044
-35069.30916769495
-34462.35985429366
-36135.84909777254
-37719.166695801294
-37972.93437397198
-37774.93784801512
-36046.03126826587
-33224.0625971463
-30304.072524985793
-20554.696714183774
-15492.28206824981
-2246.822552596436
-2197.9291363802636
-2375.1438278696614
-2263.1212699449643
-2280.550099819513
-2115.4624000520107
-2119.498239945752
-2092.66557978358
