-10679.109177831237
-9491.013625120426
-9645.485756948437
-9436.466210173003
-8229.79691095711
-6690.197449681727
-5185.483973405305
-4430.667959717346
-4028.375013741372
-4033.7064492220024
-3807.5358744886253
-3665.6548555736454
-3529.0607230076844
-3220.1222422862547
-3057.2975238912977
-2927.1740272196844
-2805.05086309688
-2669.6631055254766
-2613.781549561438
-2572.8183757098955
-2556.914891813219
-2523.747518609289
-2502.91297639506
-2461.2544391016004
-2474.9198856090507
-2445.718175984262
-2407.6890997426412
-2440.075015877407
-2388.2106849387337
-2425.7692843280997
-2396.2916597629096
-2400.3555495270452
-2372.0396757959147
-2418.2612081320217
-2384.997851613064
-2366.07088534455
-2387.2042511575646
-2371.7698690635093
-2342.7272874528217
-2377.216786518936
-2382.9843268865525
-2369.4334196834798
-2347.267227589952
-2317.948761812237
-2342.1176349389066
-2348.2210532247154
-2304.12624156507
-2380.344515756996
-2333.9753468091444
-2323.954955289224
