-10679.107421875
-9356.111328125
-10077.6103515625
-7982.45068359375
-6786.17041015625
-5491.0673828125
-4753.49365234375
-4179.65771484375
-3885.581298828125
-3737.08642578125
-3595.772705078125
-3509.188232421875
-3416.678955078125
-3338.89013671875
-3297.10107421875
-3248.546630859375
-3219.910888671875
-3174.0283203125
-3155.24267578125
-3104.495849609375
-3101.132568359375
-3097.595458984375
-3066.89208984375
-3026.595458984375
-3039.25830078125
-2998.431884765625
-3000.27392578125
-2994.2939453125
-2970.33740234375
-3015.961181640625
-2973.29833984375
-2981.90771484375
-2951.48486328125
-2994.791015625
-2955.26904296875
-2949.392822265625
-2970.262939453125
-2948.0390625
-2930.73291015625
-2969.98193359375
-2969.88525390625
-2967.983642578125
-2942.861083984375
-2916.952392578125
-2940.032470703125
-2944.04296875
-2906.90576171875
-2942.61572265625
-2940.9296875
-2932.291259765625
