-10679.109177831237
-9514.043739447774
-8921.839689678238
-7671.884092120391
-6542.731607866657
-5179.091321722235
-4570.068242211668
-4187.622914708067
-3906.6104070023184
-3832.949858467822
-3676.094359008441
-3597.2929039801375
-3503.8805167296764
-3438.992817693333
-3415.4403213703786
-3341.5434487985685
-3317.5753487484535
-3255.4237452323614
-3249.478749691731
-3200.6639226984207
-3178.4681160623522
-3152.6023186193893
-3101.1562190747873
-3067.8717057414665
-3083.6005364918983
-3034.7875603189923
-3036.584104049306
-3023.9190836141615
-2997.6701051841465
-3041.08918456775
-2998.747858932714
-3007.406599049976
-2969.221579581401
-3014.184001431361
-2977.174465645597
-2965.4870799647933
-2987.6943904594236
-2962.1626437490604
-2945.27355206126
-2982.589470741642
-2983.186981134699
-2976.4667011370448
-2953.7157934660377
-2928.1435079644725
-2951.716947346017
-2954.535632862522
-2917.1032190446927
-2953.157702857346
-2952.4504012913485
-2945.5289886642563
