-8810.10917783124
-12826.150328737502
-12056.21377760817
-14624.337750095783
-16468.342175137506
-12778.022606950517
-7262.266897750067
-6324.611797757838
-5206.731333453541
-4280.341786108789
-3608.721448053592
-2988.5115246101586
-2336.3649675753777
-2100.4736234411253
-2148.961837418437
-2131.949036584694
-2119.810052314867
-2036.4147208776274
-2035.6903611140217
-1951.8195651535402
-1878.7807822453556
-1831.5176984605812
-1754.7579885079972
-1708.3249368669815
-1706.4615936517682
-1671.7381910023626
-1643.6306685930745
-1634.9521057884547
-1565.6306449803146
-1580.249998061367
-1539.9108017974654
-1561.6523309916774
-1525.0924713831803
-1531.7364524161007
-1510.089589086725
-1476.6932650507192
-1492.1552110921343
-1468.9428774634052
-1452.1335518710096
-1477.460074150094
-1488.7939852633028
-1472.2835654457544
-1465.867666300818
-1436.8068864909733
-1439.3725098769476
-1448.3195448594956
-1433.9528122963868
-1471.6197885480367
-1489.3207259439164
-1492.8254801398546
