-10679.109177831237
-5614.329334710126
-5317.2124012675895
-4556.327612957229
-4034.767720864402
-3497.2091878284373
-3440.215138135686
-3475.5526502868647
-3497.288697168124
-3469.1873623037145
-3414.155025821223
-3384.4493751075897
-3324.6386620204585
-3313.093401828641
-3282.9796913616656
-3224.948731385008
-3206.2701329055035
-3154.920696893307
-3124.2457028609056
-3052.992719348199
-3024.2457475523943
-3024.8912331448864
-3004.702826088719
-2975.391073428946
-2989.7450493440656
-2956.7761820500587
-2965.6351679330523
-2961.993252389938
-2949.0619585784066
-2998.709303876026
-2964.965391591301
-2980.3908915441525
-2948.39872986172
-2998.14661574663
-2973.3855655786147
-2964.3583188206308
-2989.255291816443
-2972.4465892916155
-2955.5774444390972
-2997.970553185959
-3000.775765043494
-2998.37070684535
-2977.617960489461
-2954.424369942737
-2979.220054093718
-2988.319744849248
-2956.614311879073
-2995.8746748885214
-3000.167878522189
-3000.4189828996577
