-10679.109177831237
-21075.05973415437
-27240.678223298193
-31288.183425047966
-36439.11818306574
-39289.221145327225
-40204.809237630994
-40702.80298033869
-40944.54491923531
-41404.5674199968
-41419.50204349554
-41114.957078204345
-40619.95754951001
-39592.43576537508
-38264.07066381182
-36534.25807652293
-35494.90537754863
-32774.45778097959
-30729.79719264946
-30202.2054274411
-23895.18150759001
-18459.092968368608
-13204.732294703947
-11390.619929450011
-4996.2397104325355
-3792.14466795096
-3496.3478004869407
-3488.7631590673495
-3446.200549758875
-3455.9208464581716
-3333.6201407838953
-3281.4122406079573
-3249.273570845643
-3275.891662432032
-3268.4717270508086
-3296.059708754486
-3238.4785525429274
-3204.7478269528397
-3163.2939757507256
-3170.5841597571616
-3146.833854132882
-3166.7960081707574
-3119.2383716109985
-3091.8318872973928
-3040.5067299869725
-3070.277876106159
-3031.587501013216
-3007.83793643612
-3050.517021327508
-3008.703266833348
