-8810.10917783124
-9381.655785045004
-10166.25883434843
-10311.20309505925
-8188.308037270741
-5972.354941112675
-4422.922325839863
-3448.4237285654394
-3209.2197732637615
-3232.8727807757296
-3145.546828487508
-3162.4306410122795
-3053.864854276353
-2971.147301197578
-2937.2116540378306
-2844.7881805726397
-2760.6487569738197
-2686.341697988189
-2744.9635431925067
-2659.165131153414
-2606.2523700400097
-2647.030140477402
-2583.763785213085
-2548.752525826211
-2516.264543201882
-2488.4169591946015
-2471.0593144699837
-2449.1279215387945
-2422.2124430078093
-2484.6205608879472
-2420.4237184472595
-2426.934863881792
-2365.493968567568
-2487.6562085461464
-2429.781353141837
-2393.571331299707
-2450.6764329045213
-2403.7973165195344
-2369.3762460992243
-2415.325687333198
-2426.102853756312
-2390.4867132204117
-2358.9846343220274
-2329.172309412007
-2345.513932228979
-2349.4236236832967
-2326.8024053402232
-2331.3240716625037
-2324.052343735632
-2323.0745236498033
