-9978.2421875
-20605.2255859375
-4146.609619140625
-24683.44140625
-30780.44921875
-31982.880859375
-31865.8046875
-32014.46484375
-31845.16015625
-31987.51953125
-31919.171875
-31829.91796875
-31832.884765625
-31853.38671875
-31925.109375
-31825.849609375
-31761.15234375
-31989.53515625
-31854.943359375
-31986.18359375
-31816.234375
-31793.03125
-31863.73046875
-31859.78125
-31844.87890625
-31804.7578125
-31876.63671875
-31940.98046875
-31933.91796875
-31993.552734375
-31891.595703125
-31812.28125
-31800.68359375
-31778.97265625
-31900.73046875
-32011.26953125
-31846.40234375
-31875.18359375
-31830.30859375
-31854.724609375
-31787.74609375
-31891.662109375
-31815.150390625
-31911.087890625
-31700.833984375
-31886.740234375
-31908.412109375
-31762.537109375
-31945.28125
-31754.4404296875
