-8810.10917783124
-6566.583211041429
-5278.372085208491
-4587.428431521383
-3582.412853420413
-2781.811572026277
-2463.1762912198037
-2179.7518140328584
-2067.121707618251
-2032.2948971584278
-1988.7418375747468
-1954.1845319310446
-1888.6143464109925
-1841.6551542674083
-1782.5694701724835
-1726.2545592141716
-1720.593715777982
-1667.921176245838
-1656.3391816039596
-1629.7309412979782
-1591.3931735599533
-1566.816910645146
-1533.202405799626
-1515.5339466465375
-1517.3617758526732
-1491.8579783740563
-1471.9738424305688
-1490.5468888760943
-1450.496613705646
-1486.3846687764953
-1447.036830220423
-1469.7965713359815
-1437.8363834004922
-1460.2765917323622
-1446.071352802191
-1428.237990303563
-1450.9039199887163
-1431.661582952503
-1420.2605017863941
-1443.399178777584
-1453.3746221960846
-1435.0236770738975
-1427.7830968886617
-1400.0452594784351
-1406.4323384894092
-1415.5447362992445
-1396.5580839909035
-1417.7559775105462
-1413.5678807768995
-1404.2624314121708
