-10679.109177831237
-24614.649670295003
-31236.62959720636
-34642.203775615904
-36382.570619023456
-37349.84308303906
-37955.25030941052
-37887.57215472784
-37627.278412391825
-37918.53351351891
-35854.606564047965
-34234.27740327609
-32462.035392795464
-30243.591985859104
-29342.710284880344
-28726.94796513566
-28406.76360303932
-28094.205666746322
-27379.895577038616
-26854.38246802251
-25150.871509572724
-23016.36659114932
-18663.119868318536
-13626.861884710324
-9756.8581596009
-6804.9342627185415
-5513.799855951923
-4304.041489482647
-3936.3565737785525
-3387.187391453608
-3092.3921498837444
-3192.451774288183
-3112.4441949509064
-3068.389709222421
-2956.6247616714
-2881.985014758033
-2878.859533769764
-2812.589288367501
-2775.080938874469
-2787.42631155153
-2794.735824937843
-2771.276425993257
-2741.7239034892946
-2696.2703921206094
-2698.9819309674813
-2698.9429081165267
-2651.7685521200087
-2676.6170986862953
-2675.5934134092854
-2635.483144049464
