-9277.359177831235
-9549.665451201448
-9398.466843901668
-10538.195596109457
-10033.928577334667
-8084.684855371233
-6123.278221208467
-4391.204893726227
-3608.682734802574
-3391.5678020755768
-3212.40985671206
-3128.0083375457866
-3056.623707212674
-3089.1604892546566
-3044.52509019599
-2900.368446222853
-2813.5670385617027
-2685.141909810324
-2706.107519040006
-2626.0490871606758
-2531.9995356794457
-2494.1713121915122
-2498.2035345814857
-2475.1744407648866
-2452.167752960273
-2417.484851475591
-2373.282536307598
-2386.133707682319
-2360.872443136529
-2413.716545805136
-2360.6847806796295
-2373.96539026126
-2301.206421289463
-2390.6210471536624
-2328.3600768814854
-2302.243635512785
-2331.5949926444146
-2314.7629392825997
-2288.145639106614
-2336.8174455828917
-2345.3126316171392
-2335.664098946463
-2307.300505972721
-2275.624358845006
-2285.987385337951
-2290.1340410645507
-2273.054902423895
-2297.3703145917325
-2277.906736699439
-2298.1100152450554
