-10679.109177831237
-9491.013625120426
-9598.34630013436
-9661.416901605151
-8504.725994571321
-6953.399516243869
-5433.87934632625
-4516.451005965662
-4065.8019255663085
-4122.473513713808
-3832.706548237938
-3809.043502961803
-3660.6296435949553
-3598.5285372297776
-3509.3372177124447
-3468.646033995773
-3424.957157650565
-3318.4637148452794
-3289.3727039385567
-3260.316009635835
-3245.299715594422
-3192.0381642578905
-3142.5510813385245
-3095.46194070375
-3102.4759863704335
-3062.802936017946
-3053.8822942103843
-3051.097116059401
-3011.3052297355935
-3055.2776536000115
-3012.6021484541657
-3024.1461105346743
-2984.8859408852563
-3028.7952170064973
-2989.333274750343
-2982.0921315876544
-2991.5367275909834
-2968.7529911950764
-2951.7624781882632
-2991.3485134975194
-2994.6737600262604
-2988.7924843105616
-2968.8423489928873
-2936.613727072646
-2962.7578120693656
-2965.706449696643
-2922.8638173798277
-2962.8276596254896
-2963.4061838276466
-2955.372100399595
