-8810.10917783124
-5401.297646486927
-3781.2038116204267
-3131.341945842635
-2522.804130840268
-1970.2578467397313
-1915.505861625083
-1955.1918310985282
-1957.6420754567625
-1917.688716302042
-1888.6371706123798
-1856.1569734678735
-1809.0490865627703
-1790.8221478933563
-1767.314885451708
-1709.0763549802537
-1687.652615228645
-1654.7474348026215
-1641.0432013288657
-1566.21877396601
-1509.8912068288982
-1497.4029091175594
-1486.641605377482
-1467.6698568700565
-1465.2176487312527
-1442.849387424243
-1425.8148251264904
-1449.6755110739055
-1416.402052028977
-1458.0916305196383
-1427.7809068951676
-1458.8496941802227
-1429.9513712440073
-1458.168754353125
-1458.2483562468526
-1440.6090801171702
-1464.2649256434029
-1445.065680536051
-1432.0600757559357
-1458.1479170281914
-1467.0971125121855
-1453.2296031805085
-1446.7295795319387
-1420.9041416643158
-1425.1988860327012
-1437.9165266354214
-1421.2025662891922
-1446.1888074673361
-1446.7423865510232
-1443.4813356463696
