-10679.107421875
-9356.134765625
-10178.533203125
-8147.6767578125
-6908.52587890625
-5616.421875
-4858.9423828125
-4179.724609375
-3876.97802734375
-3716.43603515625
-3578.41748046875
-3491.43359375
-3403.15380859375
-3340.32080078125
-3294.80712890625
-3239.83544921875
-3207.976318359375
-3176.11279296875
-3159.582275390625
-3110.786376953125
-3107.407470703125
-3088.791259765625
-3064.334716796875
-3026.68798828125
-3039.70556640625
-3000.9873046875
-3003.774658203125
-2994.418701171875
-2973.24462890625
-3016.71728515625
-2970.9765625
-2984.09033203125
-2947.64306640625
-2992.9990234375
-2960.100341796875
-2950.34521484375
-2972.6982421875
-2948.829833984375
-2931.40869140625
-2971.115234375
-2970.33544921875
-2966.128662109375
-2943.78466796875
-2916.15185546875
-2939.80322265625
-2946.357666015625
-2907.267822265625
-2942.5830078125
-2941.07666015625
-2934.80322265625
