-9277.359177831235
-18262.552840763754
-17341.87817495227
-18301.21254750024
-21781.635680311923
-20998.5676164991
-16086.250926765308
-11771.706909016997
-9986.016337454546
-6738.208607230932
-5101.604825611204
-4380.6774993028985
-3543.649716014055
-2956.9433509757628
-2411.172764831926
-2317.371729584958
-2342.501335251783
-2344.5220011880974
-2372.5561400454935
-2383.3964805913156
-2397.3732581409295
-2409.659508249425
-2376.2486173676525
-2335.775384240752
-2342.0914933650793
-2335.2755765254337
-2307.942631830844
-2313.892716028431
-2286.313074176743
-2315.2729338328586
-2269.1764695169904
-2279.2364629452195
-2235.463518079153
-2251.5057237313163
-2242.90544888722
-2217.9325203620506
-2241.8195646999156
-2193.088090709543
-2157.832081844416
-2165.1228684907755
-2151.0349696542917
-2113.3278996992
-2087.565020703329
-2033.868579842315
-2029.5930952304093
-2025.888192190135
-1981.4150936175422
-1977.779980244782
-1956.7173487000625
-1937.8566963835426
