-10153.45849609375
-20150.335205078125
-24125.90234375
-26577.666015625
-31675.818359375
-35441.4140625
-36903.8671875
-36896.765625
-37429.5986328125
-37950.01953125
-37689.0234375
-36298.1171875
-33899.0078125
-29278.171875
-24410.232421875
-19016.908203125
-15394.3779296875
-11124.802124023438
-10849.999511718752
-13883.0341796875
-15521.0126953125
-17346.005859375
-19262.865234375
-20480.900390625
-20510.412109375
-19665.21484375
-19522.5859375
-20640.259765625
-18545.56494140625
-17995.28369140625
-15060.2060546875
-12893.815063476562
-8862.985961914062
-7619.93115234375
-7178.35302734375
-7099.3515625
-6872.7119140625
-6590.9375
-6293.848327636719
-5624.790344238281
-5133.169860839844
-4969.3746337890625
-4967.563659667969
-4845.40673828125
-4799.548828125
-4603.964904785156
-4290.306640625
-3853.0401000976562
-3451.925048828125
-3274.0484313964844
