-10679.109177831237
-9844.87693074583
-8539.88052149851
-7111.4412558651675
-6158.997919346999
-4973.100541242949
-4413.238695494454
-4011.3522841138024
-3781.7100259956255
-3725.124019350881
-3604.97961761264
-3520.0541022636908
-3456.946075034164
-3392.4304784364854
-3343.944125472698
-3297.186977751521
-3276.650170258384
-3215.432322728465
-3199.7020428960705
-3157.900339231033
-3135.6124852001512
-3121.9442480789817
-3074.140501582333
-3043.384840503775
-3058.7397360727655
-3014.715390864104
-3014.347953104615
-3006.743158387081
-2985.4821579154386
-3030.2395241503555
-2986.454813427243
-2997.5615146271307
-2958.4329990232586
-3005.839268275532
-2970.5288165849606
-2959.2089268723075
-2979.0112151524377
-2956.3034069895875
-2939.479856322424
-2977.349529697495
-2977.288507487087
-2971.357214599755
-2948.8427416995937
-2923.2957444390613
-2946.5196116390175
-2952.700770946397
-2912.8098787676367
-2948.691032240028
-2947.8406441513057
-2941.196624864495
