-9978.2421875
-8518.722412109375
-7343.0048828125
-6246.28515625
-5232.6640625
-4157.786865234375
-3675.862060546875
-3329.5091552734375
-3142.9385986328125
-3101.1527099609375
-3004.8670654296875
-2938.051513671875
-2876.1453857421875
-2848.2977294921875
-2811.1890869140625
-2755.6590576171875
-2738.73095703125
-2690.119384765625
-2691.4832763671875
-2652.18115234375
-2634.08984375
-2608.242431640625
-2558.4664306640625
-2525.4074096679688
-2533.306884765625
-2482.9111328125
-2472.0228881835938
-2472.6719970703125
-2436.7833251953125
-2479.2762451171875
-2434.7808837890625
-2449.86474609375
-2414.1004028320312
-2448.4249267578125
-2417.8743896484375
-2404.3603515625
-2423.8460083007812
-2402.4025268554688
-2388.7398681640625
-2421.1278076171875
-2426.822021484375
-2414.3834838867188
-2400.27685546875
-2373.742431640625
-2391.9745483398438
-2399.853271484375
-2362.871826171875
-2392.6112670898438
-2390.6873779296875
-2382.929443359375
