-10679.109177831237
-40995.100478536566
-40618.21658824022
-36479.87354603339
-33236.86971543587
-32252.82652173882
-29114.784565126047
-31606.149684023218
-32365.914632221444
-32505.521674096635
-33006.74247091844
-33305.329487689494
-33567.505806792855
-33384.114249811755
-33659.070367546905
-34098.73507120372
-34939.81507076268
-36427.769846526775
-37555.31013720659
-42501.4560321212
-42350.089896067584
-42399.5870739317
-42440.63170874615
-42413.87758392807
-42452.60312556308
-42390.585284265675
-42398.48413972009
-42501.89195666089
-42412.104222980335
-42637.22537590987
-42407.83920801316
-42506.18120702812
-42342.88343291277
-42471.871398186384
-42506.57007828583
-42466.38724900987
-42534.1014362083
-42465.45257348216
-42394.090388939934
-42534.58479528759
-42555.14776214123
-42555.15949167636
-42482.77117780388
-42443.08325836859
-42374.31362874995
-42498.52396869727
-42407.76994208797
-42433.426085229985
-42538.213836868315
-42404.09144576285
