-10679.109177831237
-9764.400198757849
-8894.008614279319
-7752.016005059959
-6283.922240850171
-5116.000255235661
-4619.293712346745
-4235.688667555503
-3924.8289751920156
-3859.7995836501373
-3679.9558988756735
-3588.247685315011
-3562.359995182919
-3472.2738842972076
-3392.4359854111544
-3313.3902120035864
-3278.785616083579
-3209.175965083693
-3204.925765834155
-3156.4304048526674
-3146.5234607524785
-3128.053662935511
-3092.0976139044405
-3058.3187714427363
-3063.4833031132644
-3035.6850641125884
-3026.852998278739
-3032.038662645279
-2999.3233733051798
-3040.8112911036087
-2993.162406891847
-3005.64854468334
-2973.3036387854313
-3016.11022251921
-2978.9355975923845
-2971.4402354644576
-2988.4317429316316
-2965.0353245898245
-2950.639112065055
-2991.1770928956275
-2996.963349555472
-2998.876944722269
-2977.242052047076
-2943.4712811677364
-2966.716860433037
-2978.683589855106
-2928.34049548046
-2964.413237002588
-2969.4260676830663
-2955.9560239791554
