-10679.107421875
-5609.818359375
-5287.13720703125
-4273.826171875
-3760.715576171875
-3435.244140625
-3479.693359375
-3508.053466796875
-3493.206298828125
-3418.53955078125
-3331.169921875
-3317.37158203125
-3263.32861328125
-3264.91064453125
-3241.926513671875
-3204.235595703125
-3191.082763671875
-3155.79638671875
-3155.22900390625
-3120.550048828125
-3101.08544921875
-3105.18017578125
-3074.642333984375
-3025.78662109375
-3033.802734375
-3001.275146484375
-3002.880615234375
-2998.513671875
-2974.93603515625
-3027.156494140625
-2988.893310546875
-3002.25537109375
-2965.69384765625
-3027.0400390625
-3000.387939453125
-3001.83251953125
-3030.043212890625
-2998.06396484375
-2968.943115234375
-3003.964111328125
-3001.78857421875
-2999.51220703125
-2975.04150390625
-2950.18115234375
-2972.4453125
-2978.23779296875
-2943.92138671875
-2981.466064453125
-2982.023193359375
-2975.350830078125
