-8810.10917783124
-5282.086666500958
-4661.545419223929
-3995.6936869943274
-3701.538357981453
-3138.4219365650606
-2653.940901696314
-2247.732506256596
-2103.984233701286
-2003.4833995427075
-1949.5191681442461
-1910.3950791782386
-1807.0406726140416
-1765.0497654637536
-1722.3666200104144
-1652.65968096201
-1638.63793266945
-1597.9436765326998
-1584.7751645153685
-1559.4174092274031
-1535.7336441655898
-1526.9632373801805
-1504.9992122176343
-1485.0908700587856
-1486.5278137752234
-1465.9165039276784
-1447.6347505124747
-1469.5661774501536
-1430.671954992397
-1468.6247595378195
-1428.925009554624
-1451.293972918469
-1420.573691181653
-1445.2731902053708
-1433.633944574008
-1417.4624314693551
-1439.8832798741894
-1422.0658940457859
-1410.7548557952764
-1435.4137266404093
-1444.0750573831556
-1427.3199523009039
-1420.2986190622546
-1392.831983507373
-1398.5875039847217
-1408.2950626800905
-1390.0370278114813
-1410.5702439579968
-1406.2474466157823
-1396.8850221139603
