-10679.109177831237
-23925.422161677758
-12890.438735833412
-19208.244054684183
-22083.41823846302
-31917.704408377023
-12006.321955405117
-4659.017477697954
-4171.688915821773
-4934.187357075829
-7004.16216936336
-7590.081862593905
-7780.2667028730375
-7829.4364378768005
-8190.292885513144
-8214.60002873693
-8752.55943428363
-7590.847250329219
-7906.162141052313
-8027.998069423345
-8352.772995139172
-8233.221560949223
-8454.803881023927
-8845.420219717871
-9031.996237427022
-7942.455283496664
-7513.723616927722
-7700.760911013764
-7777.0069910500515
-7465.916151838736
-6939.2119851753905
-6434.379338905611
-5987.78374138194
-5880.62302656774
-5853.502764312862
-5817.293535554834
-5799.100077635447
-5689.44409991184
-5416.841004703745
-5293.663031678503
-4962.859740576172
-4130.3015408545525
-3883.8562234481783
-3565.389659714813
-3566.0370857259595
-3459.268469647086
-3420.587261076066
-3475.68456197881
-3450.726397893593
-3434.7784334396347
