-10679.107421874998
-18165.45703125
-21634.89453125
-23518.78125
-29222.150390625
-32449.98828125
-33444.1015625
-33567.5859375
-33597.49609375
-33403.609375
-33284.2734375
-33081.6015625
-32837.59375
-32657.556640625
-32675.02734375
-32535.125
-32580.49609375
-32380.61328125
-32415.958984375
-32378.390625
-32426.203125
-32374.021484375
-31949.93359375
-31217.84375
-29785.681640625
-26479.384765625
-20896.9921875
-13000.9052734375
-8073.059570312497
-5025.575195312498
-3951.667480468749
-3701.188720703124
-3585.209472656249
-3533.829345703124
-3428.097656249999
-3363.545654296874
-3321.878906249999
-3290.318847656249
-3275.906982421874
-3252.925781249999
-3164.165039062499
-3134.071777343749
-3135.110107421874
-3105.780761718749
-3043.304199218749
-3016.190673828124
-2994.442626953124
-2967.410644531249
-3030.308105468749
-3024.462402343749
