-9277.359177831235
-6908.330457312977
-5788.8790117628605
-4833.340435508233
-4244.016656028696
-3378.0036299963954
-2935.7734745872763
-2630.4256339787544
-2503.4560133253244
-2458.8610030854766
-2395.5220078800075
-2352.5159510931826
-2277.314898455602
-2218.2894618965997
-2162.7432163605313
-2116.8575848343085
-2103.0542636414757
-2051.887154948089
-2039.92874940704
-2010.237541035633
-1976.5520369833478
-1954.0104091163394
-1919.0924870584452
-1896.047796626794
-1901.7679129552337
-1873.2438771871737
-1858.7431867117234
-1869.1008478228784
-1833.3223377718793
-1871.137619277994
-1830.7266830460962
-1849.5988328538544
-1817.0676184871536
-1845.3491895192117
-1825.3106327911162
-1809.5607495424676
-1831.6891581245823
-1811.0689614467137
-1798.5077214064277
-1825.5295842519558
-1832.3654620022219
-1817.600554933527
-1806.1519353553856
-1778.8140178864028
-1788.4196286314432
-1796.9692385737399
-1772.981979923154
-1797.538726036862
-1794.0547424680958
-1785.3615233374614
