-9277.359177831235
-20150.30810114002
-24125.899264748972
-26577.66089885374
-31675.8153376427
-35441.409929759146
-36903.86554968586
-36896.7610668571
-37429.590668324745
-37950.01893861381
-37689.02233644911
-36298.114811103456
-33899.006335926526
-29278.168441029597
-24410.228283166525
-19016.906743371153
-15394.376298124896
-9333.237001218997
-9099.21896147358
-13883.03351444258
-15521.012027590967
-17346.006536037974
-19262.86069316467
-20480.886729111306
-20510.408095277227
-19665.21851691688
-19522.58371041671
-20640.23403518295
-18545.56216603209
-17995.280911522794
-15060.203372674776
-12893.812473949169
-8862.954274662556
-7619.953547687188
-7178.373072051084
-7099.372395651539
-6872.732398132856
-6590.957477302933
-6288.244389239235
-5624.810077581429
-5110.688086018397
-4831.581403664504
-4824.146012034258
-4761.055871037989
-4770.03210845831
-4584.296144213624
-4255.168327445409
-3815.0899053986477
-3451.9408948672726
-3274.0643043012924
