-9277.359177831235
-12871.150328737502
-12059.96377760817
-14624.337750095783
-16468.342175137506
-12957.272606950517
-7372.5168977500625
-6338.861797757838
-5300.481333453541
-4519.591786108789
-3952.9714480535927
-3280.261524610158
-2656.6149675753745
-2421.473623441123
-2486.461837418434
-2502.449036584698
-2502.31005231487
-2396.4147208776258
-2366.440361114023
-2287.0695651535348
-2217.0307822453556
-2187.0176984605796
-2128.257988508004
-2087.8249368669804
-2089.7115936517675
-2051.9881910023632
-2029.1306685930729
-2013.702105788457
-1948.88064498031
-1966.4999980613745
-1925.4108017974645
-1943.4023309916752
-1904.5924713831787
-1918.7364524161003
-1890.3395890867228
-1859.193265050718
-1873.9052110921286
-1850.6928774634075
-1832.3835518710068
-1861.4600741500842
-1870.5439852632994
-1857.0335654457526
-1846.8676663008137
-1817.8068864909699
-1824.8725098769514
-1832.319544859499
-1813.4528122963868
-1854.8697885480408
-1874.8207259439102
-1874.5754801398514
