-8810.10917783124
-5401.992466017901
-3268.6518274428645
-2501.080587007539
-1961.4133132562579
-1923.116776848238
-1914.4643600151605
-1805.5991547890821
-1758.3530656588948
-1745.1136244966096
-1737.226029642286
-1701.74358724839
-1627.4805199344987
-1584.1245243252054
-1562.8050846243243
-1521.8433397178528
-1520.5017940089178
-1482.2267392845592
-1483.1653924790457
-1452.195892140224
-1436.1273910490659
-1443.158779609448
-1442.0575266891308
-1435.181765631052
-1441.2773939734254
-1432.5475204281745
-1422.9010199034246
-1450.860501187592
-1415.5583169504046
-1454.786044528822
-1422.0354587803126
-1450.4868551029006
-1422.4437740490391
-1453.2476375474434
-1453.755907001962
-1440.8821249972607
-1469.6771904513337
-1452.7016440534455
-1439.0654638613203
-1466.2808723135113
-1475.7316682392561
-1463.2602715399664
-1456.3216903576126
-1429.0069363931227
-1433.465057695626
-1444.3119033308235
-1427.8051818425436
-1450.1643896334099
-1445.6451008060626
-1440.6813342928347
