-8810.10917783124
-5401.297646486927
-3807.337873287267
-2781.0365618155292
-2118.6101564919636
-1884.13423981355
-1954.3082725020226
-1943.5716728850452
-1916.4326727683147
-1819.8458934663759
-1761.0601244986235
-1740.6275556344
-1701.0294457263299
-1713.3904406657584
-1712.7968536307005
-1669.395343698081
-1643.8178324967878
-1618.9441141444145
-1601.7100897342361
-1546.8614310661653
-1502.1149373167807
-1496.0879058067208
-1482.2370056429804
-1468.2341895244706
-1465.4214308672301
-1448.3763273694042
-1432.9886035639472
-1456.5493399351358
-1421.419961443902
-1463.577796683643
-1431.5210495305703
-1461.093881699316
-1435.2706243687603
-1461.6128254798919
-1458.1597105423139
-1441.9865660109313
-1474.4706947797463
-1456.7688465561835
-1444.3131250704714
-1470.9372734527478
-1479.237351583624
-1466.0361423118075
-1457.9595958757714
-1431.0324254921718
-1435.902458300005
-1446.0589433992404
-1427.4938237500753
-1447.8029601163764
-1444.8096845441773
-1438.3099496803297
