-9277.359177831235
-6983.8857090096335
-5780.316140304518
-4922.912215292332
-4239.186836703038
-3373.086471868518
-2962.5072041148146
-2648.183010458112
-2512.901641764215
-2471.8394225934717
-2403.3616228695946
-2356.950162504013
-2284.596066072557
-2227.880189728191
-2172.114471433005
-2123.2870151990705
-2110.3759387562436
-2055.1717360364523
-2044.391811615731
-2013.6087968124066
-1979.150814871348
-1955.9521081271273
-1920.9665357253912
-1898.0641113642282
-1902.2867965509079
-1872.8927509715297
-1856.8353906869202
-1868.286861296029
-1831.2192595069675
-1869.3039898834031
-1828.8303957680826
-1848.0333150374543
-1814.5247652526782
-1843.297056412758
-1823.0929125072544
-1807.8773455965652
-1830.5398378464597
-1809.8488993060334
-1797.0260793320704
-1824.1130171498753
-1831.1994996710414
-1816.7676399221186
-1805.0595016354614
-1777.938306446316
-1787.76117879525
-1796.2653690017632
-1772.324284527765
-1797.0134484498292
-1793.5400972583648
-1785.0225867731697
