-10679.109177831237
-9356.102731833522
-10077.65597893846
-7982.490251606736
-6785.842690667394
-5482.383861682942
-4751.957034554033
-4174.710131975289
-3883.7883145035057
-3733.466092176961
-3592.9742873278715
-3503.2887246666637
-3415.665782499228
-3335.7221236043915
-3297.0227654918917
-3251.437614224419
-3219.1819999039944
-3175.164261355395
-3157.4529383008994
-3110.3110871587696
-3099.249208527077
-3094.9183521395385
-3063.75561529791
-3029.9378226647345
-3045.665763069107
-3002.3630766651577
-3004.9719370232547
-2994.5895168287343
-2971.802443544552
-3019.9727338070106
-2973.9998239391252
-2982.73588549529
-2951.9165307185563
-2995.3289214192714
-2958.6514940191223
-2950.533784723975
-2972.582138091801
-2948.6387753162912
-2931.7003660421783
-2971.039665322639
-2970.7147384954305
-2968.5804788429527
-2943.9574336028572
-2916.3941347407463
-2940.1168496081173
-2946.700619542637
-2907.6091422044633
-2943.4864207188684
-2943.8456105584255
-2936.35738247534
