-8810.10917783124
-6043.3857090096435
-5032.63720964369
-4472.811300354419
-3560.7101750584065
-2766.0751362997075
-2420.971833324157
-2153.470763793465
-2061.066215086688
-2024.432523004721
-1983.8006657301219
-1948.4529675077974
-1888.0376545008996
-1829.188805108134
-1775.7246619913105
-1724.1271627555986
-1714.444818109924
-1663.20836901542
-1648.770739338516
-1624.6783102737893
-1588.7317591411902
-1562.570292868049
-1528.8204828866935
-1509.9420485506157
-1512.4520960763825
-1488.1705541986814
-1468.9676260438528
-1488.0926972443635
-1448.1110749250256
-1484.023368145041
-1444.0173739090137
-1467.551971867977
-1433.9964254003185
-1457.4571501096502
-1444.2140870671844
-1426.2365823029209
-1447.9847382036564
-1429.0947899064838
-1418.3901409508546
-1441.7238458494467
-1450.6686144335772
-1432.8800014991516
-1425.4596998746729
-1397.852806704789
-1403.1886573226016
-1412.9157751596313
-1393.9673383330187
-1414.8730042834022
-1410.6912047431526
-1401.3516167533412
