-8810.10917783124
-9381.655785045004
-9233.175663175247
-10504.065206278374
-9971.48355106254
-7955.125605072838
-5904.941294564699
-4080.225107213918
-3322.7568077477617
-3107.2975872368015
-3051.9294377186493
-3028.611888243984
-2988.3577361075936
-3025.582474161394
-2994.9646924725375
-2857.5807861837484
-2752.31921312981
-2652.71986836633
-2705.3299373853465
-2630.256184801224
-2535.1393899021105
-2471.7547901637363
-2454.4515220189933
-2443.7816497152116
-2406.483924089553
-2410.275718185807
-2377.3769983055063
-2377.71519122882
-2338.3441086407984
-2392.842798379828
-2340.7360294726313
-2325.5408980736293
-2285.3248228852235
-2412.927336216807
-2352.497781036325
-2312.360087106409
-2328.0411633735484
-2282.4242648491313
-2268.2177930554144
-2344.067485578632
-2358.9672673725063
-2338.541580645587
-2295.5740108051377
-2245.449619626229
-2254.182075047516
-2283.305298556656
-2264.509974260508
-2282.373936843073
-2282.244458390235
-2263.389753225757
