-10679.109177831237
-13509.649381355255
-12102.432767262264
-16591.058669258848
-21948.748413086952
-25068.059101317336
-22676.113611120643
-18293.181188470226
-12577.2505984905
-5920.237909219604
-4258.569253960191
-3734.8056748885297
-3440.618432198936
-3373.31644111234
-3370.8784332599325
-3329.922685567876
-3299.5712242512745
-3259.6673304445344
-3228.2324399646286
-3177.9221837863665
-3146.732067562577
-3119.893581328523
-3067.248284097958
-3012.371126041126
-3015.1838493051746
-2982.968948919196
-2982.3813209746613
-2974.3195614823107
-2952.6242611129123
-3004.576404942468
-2968.4240449666872
-2993.6657155266453
-2980.436191686254
-3016.4182706287093
-2991.085570294208
-2975.75428013299
-2997.9508701422665
-2976.2341890345647
-2956.6064675865227
-2997.5584771632925
-2999.4022587624545
-2996.493878449308
-2972.906659313034
-2948.6192657863294
-2973.1469209352886
-2980.1519332815546
-2948.1062459135273
-2985.74617374296
-2986.6724463552146
-2980.2526234402862
