-8810.10917783124
-20605.212714527872
-2584.445734067787
-5079.49929841856
-10825.592544606377
-11797.977331822487
-21652.942432225856
-10360.503145885932
-9068.235559842398
-8237.214032412627
-7271.984629674864
-6541.626029730809
-5998.544848796963
-5586.897690112586
-5278.6203545165945
-4746.923474838245
-4633.834536767956
-4399.826283374663
-4048.801740393022
-3489.7660215474402
-2675.254704761427
-1847.8944707871092
-1876.5983855321883
-1970.0180784399697
-1972.91209949801
-1955.8380907818275
-1936.8507672861028
-1963.3473983944382
-1916.7479686805066
-2057.1065788935075
-2502.7837456156476
-2730.1017950339774
-2082.1400544227417
-2163.106416623849
-2215.021779658332
-2251.6921875404046
-2281.928278918507
-2304.380391321033
-2292.6143525834113
-2348.750430683435
-2384.2554881190854
-3010.7349665402826
-3658.7273415389345
-3611.713234822004
-2511.051297760068
-2327.2424647935763
-2341.36733299926
-2310.490785895044
-2351.0524224565434
-2370.2749816358923
