-10679.109177831237
-9805.385709009613
-8536.637209643715
-7094.811300354418
-6125.710175058395
-4956.075136299688
-4403.971833324158
-3995.47076379347
-3771.0662150866897
-3710.432523004702
-3597.800665730122
-3517.452967507799
-3451.0376545008994
-3392.1888051081346
-3341.7246619913167
-3296.127162755606
-3274.4448181099206
-3214.208369015415
-3199.770739338516
-3160.6783102738036
-3139.7317591411884
-3122.570292868061
-3079.820482886706
-3045.9420485506134
-3060.4520960763803
-3015.1705541986794
-3019.967626043849
-3009.0926972443567
-2984.1110749250256
-3029.02336814504
-2986.017373909014
-2994.551971867976
-2960.996425400321
-3005.457150109647
-2968.214087067185
-2959.236582302931
-2980.984738203647
-2956.094789906495
-2939.390140950854
-2977.7238458494508
-2977.6686144335836
-2971.880001499148
-2949.4596998746806
-2921.8528067048005
-2945.188657322605
-2948.915775159625
-2911.9673383330214
-2947.8730042833968
-2946.6912047431565
-2940.351616753345
