-10679.109177831237
-9764.400198757849
-8819.445832890306
-7438.71228145035
-6333.795067207126
-5053.662188120819
-4509.1374417518655
-4121.177920584261
-3865.24095160819
-3807.915524535377
-3652.4297781932605
-3567.0358778942586
-3489.537255144697
-3434.0177550039575
-3377.15158658817
-3321.1560963829347
-3293.3213899922753
-3226.577941435179
-3221.8436380097296
-3184.0622890897885
-3156.954045162597
-3135.3387855298824
-3092.387622985374
-3057.1821085256774
-3071.330975187214
-3025.357787329011
-3026.860190360032
-3016.112083272459
-2989.9842406526873
-3033.9171311142213
-2991.3506155739005
-3001.358614908332
-2966.187508507701
-3009.4584240133554
-2970.8181222635617
-2964.84354467445
-2981.737008879689
-2958.2877392479118
-2941.1519650451132
-2979.055105820088
-2979.756517101663
-2973.033575793982
-2950.299513920213
-2925.4837128513786
-2948.885074701925
-2952.4068245903973
-2914.820295953895
-2950.707111280129
-2950.22783868244
-2943.6372959473074
