-10679.107421874998
-24923.626953125
-32376.037109375
-34941.0
-35697.82421875
-36121.55078125
-35968.3203125
-35719.4453125
-35274.6875
-35546.6484375
-35042.46484375
-34235.46484375
-33921.0546875
-33887.546875
-35401.1796875
-36593.6484375
-38046.9765625
-37696.91796875
-36961.7734375
-36497.3046875
-35120.13671875
-33766.3984375
-32603.16796875
-29106.666015625
-25161.96484375
-21169.97265625
-17535.12890625
-15616.076171875
-13006.8251953125
-11793.68359375
-8340.844726562498
-5164.99072265625
-4000.249267578125
-3475.056640625
-3124.17626953125
-3675.905029296874
-3923.626220703124
-3886.431640624999
-3432.353515624999
-3420.399658203124
-3414.085205078124
-3341.875732421874
-3327.855468749999
-3312.840332031249
-3292.620361328124
-3311.835205078124
-3168.388916015624
-3095.394775390624
-3113.909667968749
-3042.985351562499
