-8810.10917783124
-39899.07714862353
-42075.2362414034
-42405.59287720309
-34682.07313300438
-32463.360865579896
-32028.568994899233
-31984.386533028377
-32624.870859829913
-33055.04178109199
-33428.106625423396
-33666.24258659112
-34820.019163214936
-36597.10342707541
-37205.52396960113
-36975.57460251799
-35930.76739684859
-33192.61902246108
-30141.981552577246
-27083.368431961193
-20276.13239036089
-15024.884632894149
-13186.549805486842
-12344.784772015028
-11585.798394333042
-8704.195819161054
-8848.143616322373
-8130.871146826695
-6947.12344366296
-6420.611666908879
-6092.919206290519
-5792.244404435953
-5318.587036569009
-5261.759502426504
-5063.069254073398
-4666.358950425336
-2567.931574959203
-2357.943426517695
-2167.7072376539
-2133.302715445378
-2090.4715511124946
-2041.5181053354995
-1979.4307023328406
-1894.6985598440024
-1897.8772781292969
-1933.6861687454686
-1893.208273507956
-1889.9539726212035
-1886.1540524040313
-1829.6733425743628
