-10679.109177831237
-10362.592721374129
-10585.422382077359
-10796.578031022324
-10772.180424170836
-10631.734362727673
-10898.949439770373
-10561.160708964193
-10757.305929745487
-10400.619571487205
-10535.85569974351
-10723.602759540436
-10725.623572352553
-10905.049729634424
-10338.086356159145
-10594.788807391244
-10530.636920907262
-10863.467505548217
-10400.436989152695
-10563.079926123235
-10872.415684527945
-10529.683335434298
-10559.003906633297
-10468.884668579243
-10920.859040092706
-10545.244136369114
-10717.683789513498
-10812.589131716228
-10449.93961143045
-10464.540972581031
-10597.831769593078
-10806.607425075625
-10594.746401205322
-10649.848852106901
-10497.93705944435
-10525.927278059795
-10466.176731822483
-10628.418266797404
-10814.344029305328
-10519.309941530302
-10546.766342289015
-10440.786794177322
-10635.898547079336
-10551.128822479399
-10547.395596600372
-10766.947520553056
-10720.055719680593
-10530.738967247968
-10723.436123889582
-10839.691063237513
