-8810.10917783124
-8424.662756926933
-9166.50545625204
-9209.106882505404
-7146.922661352006
-4464.460673180071
-3403.9976359870097
-2718.6307766010823
-2540.825315215156
-2495.1710737472486
-2408.1848539884813
-2403.182078698065
-2375.988182635533
-2454.2040838753737
-2556.2817086602595
-2580.0527134419885
-2533.689692897263
-2453.648099358385
-2500.494959637136
-2426.981797604047
-2393.9107697426416
-2400.7921406583637
-2395.3374604744345
-2389.340598347383
-2339.047393238838
-2349.1030176757836
-2316.1638214150094
-2329.848776982866
-2283.2010611603823
-2356.4633127188335
-2293.7755336694745
-2306.3491396112468
-2228.1070950624585
-2337.162997497271
-2317.5961907732
-2287.424218019674
-2299.63713944386
-2281.0537039699107
-2243.9414409486317
-2290.4399536824844
-2304.6992072410167
-2292.0026537594154
-2256.385415483581
-2209.0979174007725
-2230.701134752862
-2232.60584026764
-2216.6244099941946
-2240.92621332234
-2244.53923341523
-2245.332846948388
