-9277.359177831235
-7405.0832110414485
-6459.703458970611
-5622.398789533436
-4559.725662359218
-3468.4194916713946
-3061.6002173100323
-2701.638956225677
-2527.3041740943495
-2479.0728884084256
-2410.377517830444
-2359.688538591566
-2303.667879039861
-2273.548439068374
-2236.3536424429717
-2174.5881403067865
-2165.7625354677543
-2107.840451210251
-2115.848885645167
-2079.628959166521
-2062.6694814894845
-2032.9104144628132
-1984.210383865872
-1960.5735973175313
-1965.1831766257965
-1929.1902857416117
-1910.0995625791068
-1921.2654639880602
-1878.56665444714
-1914.4037003803337
-1870.635609435179
-1887.4203337997976
-1852.9055862001921
-1881.0379325357353
-1852.0982857696229
-1836.8009375795687
-1858.6649350986452
-1836.266331266234
-1825.9838974837828
-1851.5577851097205
-1861.8772530812334
-1844.8947290130993
-1834.8987607707902
-1806.4100787472187
-1816.8108524103523
-1824.900656248158
-1800.856572335189
-1822.7160230728773
-1820.3522836531843
-1809.071003195869
