-8810.10917783124
-16116.40000251505
-21850.41193814641
-26354.990490667908
-27020.070429307554
-28714.262866185123
-25464.78584138217
-12870.380156383402
-4933.178756230715
-3309.5880498978695
-2494.4219546104764
-2091.8508475881213
-1864.6578436275581
-1882.0708728919883
-1911.3705390490802
-1930.3230564656035
-1881.9623028533829
-1784.9955062927486
-1740.7221884049281
-1682.2383758768126
-1666.7885727171245
-1667.0500150987184
-1622.6220884992163
-1587.5407588261842
-1566.417145387707
-1518.1210601751839
-1494.1668840058098
-1507.6679744688906
-1464.4122534719447
-1499.8985247379683
-1461.9362653299493
-1491.2505417417808
-1465.1660431439311
-1485.9223014915383
-1480.0268822670625
-1456.3318915904824
-1481.3070426770014
-1462.830617152797
-1450.0581046555294
-1472.8040338311
-1484.5079186192293
-1468.0107654532803
-1459.387665030278
-1431.4533828926167
-1432.908971215074
-1445.8055523411588
-1431.0176191541973
-1451.4334407887484
-1449.9073305087372
-1442.8416724515523
