-9978.2421875
-11988.33544921875
-5663.046875
-3208.6505126953125
-2983.5435791015625
-2963.6083984375
-2936.0535888671875
-2897.3487548828125
-2899.955322265625
-2892.10546875
-2867.973388671875
-2847.8525390625
-2838.578125
-2802.923583984375
-2788.9266357421875
-2740.2608642578125
-2722.8173828125
-2705.72998046875
-2683.447509765625
-2631.147705078125
-2615.7802124023438
-2623.41845703125
-2611.9163818359375
-2586.9525146484375
-2603.0252685546875
-2564.9138793945312
-2543.9327392578125
-2536.9526977539062
-2499.2264404296875
-2523.7269287109375
-2463.7954711914062
-2477.8524169921875
-2438.722412109375
-2478.315673828125
-2450.5867309570312
-2437.04736328125
-2456.8419189453125
-2429.9258422851562
-2412.1102294921875
-2450.33544921875
-2456.6715087890625
-2448.6417846679688
-2435.5799560546875
-2410.7092895507812
-2427.79443359375
-2433.379638671875
-2406.4644775390625
-2439.9434204101562
-2435.4843139648438
-2426.8587036132812
