-10679.109177831237
-9356.08666650097
-10077.632740800962
-7982.476442027449
-6786.186680021952
-5491.089008484733
-4753.511914492439
-4179.673047580787
-3885.595038783941
-3737.100021620624
-3595.7867205534612
-3509.201422016465
-3416.693733186524
-3338.9026471946368
-3297.1137476910953
-3248.5578387024266
-3219.92305576834
-3174.040630491865
-3155.2543591876793
-3104.508042117977
-3101.144344200918
-3097.6064414378498
-3066.9040067103183
-3026.6073611430743
-3039.26992938121
-2998.4428022060865
-3000.28487201301
-2994.3049938844415
-2970.348920328004
-3015.972110860893
-2973.3092601828425
-2981.9195726677744
-2951.495997995995
-2994.802342301228
-2955.2802972340887
-2949.403797682538
-2970.274107240981
-2948.0500118625173
-2930.7446490917796
-2969.99263686209
-2969.8965516224507
-2967.9945244850132
-2942.872462228664
-2916.963448890599
-2940.0437294240546
-2944.054351455655
-2906.916968356635
-2942.626068464258
-2940.9411180751854
-2932.302410056817
