-10153.45849609375
-40995.2421875
-40618.32421875
-36479.9921875
-33236.984375
-32252.87890625
-31745.490234375
-31861.208984375
-31530.880859375
-31494.46533203125
-19143.67578125
-12533.410522460938
-3563.1672363281255
-3444.8078308105473
-3236.0522460937505
-3151.566101074219
-3313.314544677735
-3172.02133178711
-3251.2388305664067
-3233.8808898925786
-3241.974517822266
-3148.208648681641
-3097.6781921386723
-3059.960632324219
-3083.163238525391
-3016.78451538086
-3051.4280090332036
-2994.4274597167973
-2961.7388305664067
-2980.0907897949223
-2932.9467773437505
-2920.898101806641
-2888.703552246094
-2899.7502441406255
-2880.658386230469
-2880.9753112792973
-2881.0419921875005
-2887.988677978516
-2910.0259399414067
-2937.19027709961
-2933.748229980469
-2932.752075195313
-2939.6101379394536
-2870.8880004882817
-2929.2602233886723
-2926.0408325195317
-2916.7336120605473
-2946.8521118164067
-3004.8151855468755
-2986.986236572266
