-10679.109177831237
-9920.583211041449
-8662.3720852085
-7107.428431521401
-6075.412853420426
-4935.811572026294
-4416.176291219816
-4042.751814032872
-3801.121707618254
-3748.29489715842
-3605.7418375747534
-3532.1845319310437
-3466.614346411002
-3404.6551542674197
-3348.5694701724956
-3307.254559214175
-3280.5937157779927
-3221.9211762458385
-3213.3391816039702
-3165.730941297983
-3142.3931735599695
-3123.816910645138
-3084.2024057996205
-3051.5339466465416
-3065.361775852656
-3018.857978374058
-3019.973842430577
-3011.546888876092
-2986.4966137056376
-3031.3846687764963
-2989.0368302204247
-2999.7965713359745
-2961.8363834004967
-3008.2765917323622
-2970.071352802192
-2961.237990303554
-2983.903919988722
-2958.6615829524926
-2941.260501786389
-2979.3991787775744
-2980.3746221960687
-2974.023677073908
-2951.7830968886637
-2924.045259478436
-2948.4323384894037
-2954.5447362992527
-2914.558083990892
-2950.7559775105415
-2949.567880776898
-2943.2624314121645
