-10679.109177831237
-11481.049232107896
-5533.991787877137
-4134.819913074032
-3689.1763721330753
-3482.328323585766
-3434.472062836464
-3405.099664461498
-3412.68475992202
-3360.1356514040153
-3293.8195742038893
-3283.042796827928
-3230.1325243557794
-3200.2991733379263
-3180.6525914114836
-3127.9828160189195
-3120.8607024594944
-3086.3305101087644
-3074.251815158493
-3038.166737782258
-3024.7057266301335
-3023.1673172035244
-2992.8708179244395
-2971.1006551045575
-2985.4777201175957
-2963.1533469057895
-2972.198917353935
-2971.974613412227
-2953.3959216357034
-3005.5279831125035
-2972.095466583101
-2980.270004754665
-2942.037746796872
-3001.0130395429555
-2971.4995974122503
-2964.6652376541883
-2989.2541351881177
-2971.8461907989818
-2953.056959867159
-2997.020886291777
-2998.338741429642
-2996.617997685954
-2973.72295724989
-2949.455692738742
-2972.8543033218275
-2979.59150207782
-2947.7339186537356
-2984.658962515589
-2988.2131295387926
-2981.4804629130535
