-8810.10917783124
-5282.152769203223
-4693.02800889383
-4061.061168341045
-3761.1821880162233
-3250.057476312171
-2739.8554570486385
-2311.0717366826966
-2131.9007673121578
-2010.6565442441486
-1963.2252472687105
-1913.3732246332333
-1806.091536359537
-1760.0498505018484
-1720.0066795001815
-1663.6043531085772
-1647.7686584910302
-1608.299269310897
-1599.7979308868332
-1573.1817215138071
-1550.3448663635381
-1545.3648804596346
-1522.9158237424813
-1501.3763285015752
-1502.8451189343355
-1482.0335866012676
-1463.2429767965582
-1486.8103402335369
-1449.495769800827
-1487.4047854114337
-1448.7099218070266
-1470.3516997443216
-1436.6201012746565
-1460.131327512554
-1445.9942974065957
-1430.3356077879453
-1454.6982045265906
-1435.674647506788
-1424.784246552109
-1448.5101360743652
-1458.1645425940944
-1441.3650116356935
-1433.7991433125023
-1406.173990808277
-1410.8116456986818
-1420.7668922890548
-1402.0997855960081
-1422.5373018540918
-1418.6171351676455
-1410.1020011335734
