-10679.109177831237
-10622.826087813632
-3582.967246110301
-4822.445202019321
-3721.3186147656697
-3813.501408451573
-3959.4637197158627
-3987.047897677801
-4017.575520291609
-4046.847036420923
-3903.9378181990423
-4025.988926804069
-4106.893155285654
-4113.5808733957
-4104.9687089753625
-4167.864294150919
-4347.225268451535
-4579.586514295281
-4399.603753645163
-4287.782448363154
-4128.922649381864
-4064.537892984978
-4233.2133186614765
-4126.7215210461845
-3956.163525074747
-3898.2912298153706
-3822.952981157071
-3806.7758425732127
-3773.0719460365826
-3755.968959967785
-3710.456689548756
-3700.625400243537
-3627.290763732469
-3620.6355291621066
-3624.0670548286644
-3644.0021660938924
-3574.418237511452
-3549.0846917818526
-3524.9501444324087
-3528.096208759712
-3512.8279681913978
-3534.124241962236
-3518.9360811914244
-3505.596008784444
-3475.344983785287
-3501.6372163439346
-3483.77186912166
-3450.540382157874
-3511.3600712879424
-3451.698131843478
