-8810.10917783124
-7058.40019875785
-6230.008614279305
-5985.016005059939
-4429.922240850177
-3058.0002552356605
-2705.293712346748
-2318.688667555488
-2133.8289751920156
-2083.7995836501495
-1996.9558988756635
-1956.2476853150122
-1873.3599951829196
-1846.2738842971999
-1781.4359854111667
-1696.3902120035866
-1685.78561608358
-1631.175965083701
-1623.9257658341517
-1596.4304048526733
-1571.5234607524758
-1553.0536629355029
-1532.0976139044326
-1513.3187714427281
-1512.4833031132716
-1496.685064112582
-1472.8529982787315
-1499.0386626452776
-1457.3233733051818
-1492.8112911036
-1454.162406891845
-1472.6485446833399
-1440.3036387854365
-1465.1102225192012
-1448.935597592386
-1435.4402354644621
-1458.4317429316366
-1438.0353245898264
-1429.6391120650528
-1455.1770928956225
-1466.963349555473
-1447.8769447222776
-1441.2420520470682
-1416.471281167723
-1421.7168604330404
-1430.6835898551083
-1410.3404954804605
-1431.4132370025839
-1427.426067683065
-1416.9560239791474
