-9277.359177831235
-8390.102874775492
-8757.798230247688
-9168.00639071954
-8365.710792813963
-6288.057867577847
-4535.688044096295
-3462.1736649269574
-3060.0615741845995
-2973.8077749548875
-2699.25418826939
-2559.962235655131
-2419.6741783911943
-2366.1256127900024
-2327.239262860755
-2260.218687761673
-2184.615023637806
-2088.0850923937937
-2064.0606932555274
-2015.1937326047396
-1989.1522056018566
-1967.5087763188344
-1938.3551198494656
-1912.699487340933
-1910.7640570403141
-1888.8495217760424
-1868.481676844068
-1880.2417175536425
-1841.6687413959899
-1879.5912498938196
-1840.1985286121494
-1859.8845601369903
-1828.1174778988109
-1855.564981902159
-1836.2295313906511
-1819.7394488569084
-1843.0504519162653
-1820.5069631028393
-1807.9419062949576
-1837.11555347929
-1845.6679363128023
-1828.131801535593
-1816.8523722234393
-1791.4246939408972
-1801.1269483696392
-1809.5167174063954
-1783.7842051315165
-1808.410324464571
-1805.6936406754835
-1797.0728607738267
