-10679.109177831237
-37119.138045363616
-42432.82769325486
-42405.59287720309
-42455.57184374468
-42507.19562092242
-42371.54949987446
-42423.752288082294
-42337.707883215255
-42481.83562131103
-42407.09660438017
-42385.248146758815
-42395.65016699552
-42416.633077151455
-42551.79703509248
-42428.19201507513
-42451.2656317495
-42497.00744803225
-42467.892967327134
-42453.91882624118
-41898.86496492459
-39124.491262758274
-34856.656426055226
-21502.343360093197
-17829.529895636162
-15463.58234668949
-7241.475287740764
-5851.310098715745
-4766.636613973342
-4206.147186364126
-3645.1322186432117
-3588.888685742387
-3563.766410523088
-3609.5886660762976
-3540.5045015380797
-3568.3428032467564
-3586.1577874004956
-3533.394063988112
-3488.5681379593466
-3463.116922656158
-3463.102911479881
-3752.549959694591
-3890.276873314638
-4142.6846419163285
-3791.4308336466784
-3627.144474381438
-3494.6455550702585
-3379.4683721143833
-3379.477940226216
-3217.813739048014
