-9277.359177831235
-6983.8857090096335
-5908.637209643688
-5128.311300354418
-4201.960175058398
-3313.575136299701
-2916.7218333241603
-2613.970763793458
-2488.566215086691
-2445.932523004717
-2387.30066573012
-2340.7029675078
-2278.787654500905
-2219.938805108132
-2167.224661991312
-2117.127162755599
-2104.4448181099265
-2050.9583690154127
-2036.5207393385165
-2008.6783102737968
-1976.4817591411859
-1952.5702928680516
-1916.5704828866972
-1893.9420485506162
-1899.4520960763828
-1869.9205541986776
-1856.7176260438525
-1868.3426972443606
-1832.1110749250286
-1870.273368145044
-1829.5173739090092
-1849.3019718679766
-1815.7464254003214
-1844.4571501096495
-1825.2140870671806
-1809.4865823029238
-1831.2347382036526
-1810.8447899064856
-1798.640140950857
-1825.7238458494426
-1832.4186144335806
-1817.6300014991489
-1806.4596998746752
-1778.8528067047912
-1788.6886573226025
-1796.9157751596292
-1773.467338333018
-1798.1230042834043
-1794.6912047431554
-1786.1016167533385
