-10679.109177831237
-16116.40000251505
-22504.756498151954
-30439.837515222822
-32662.208428999536
-33196.20015224525
-33270.16845277934
-33773.36586863796
-34845.24090028608
-35302.50892352623
-34975.41791019298
-34610.69155316519
-33976.82934896265
-33495.81666463249
-32751.044391854248
-32500.805177919967
-32847.18235709955
-33670.85284500706
-33770.93333773895
-33714.71667961044
-33578.961720912666
-32861.44789457217
-28467.174068766297
-17509.410404454604
-8127.423078435117
-5669.817899988376
-3916.0417916203855
-3585.3814095543903
-3453.4732631185034
-3443.8910560779937
-3404.636421216995
-3459.153476098755
-3359.308188835332
-3344.005719947534
-3337.001135143044
-3367.444445787557
-3286.7653039779266
-3302.9974197995602
-3233.503012035834
-3237.1468373862335
-3211.3005523630845
-3197.09736518669
-3147.5476827406083
-3155.4525737490058
-3088.820009154197
-3105.474859683542
-3084.921664782518
-3063.2493114713907
-3110.644458625506
-3044.9707258289054
