-10153.45849609375
-38060.6640625
-42379.89453125
-40180.64453125
-28684.662109375
-28181.59375
-28097.6875
-29351.98681640625
-31842.34375
-31987.51806640625
-31919.169677734375
-31829.92041015625
-31832.884521484375
-31853.388427734375
-31925.10791015625
-31825.848876953125
-31761.150390625
-31989.52978515625
-31854.942626953125
-31986.18359375
-31816.177001953125
-31781.80078125
-31846.060302734375
-31751.025390625
-31530.697021484375
-30108.3515625
-29187.822021484375
-28624.306396484375
-28400.770751953125
-28887.93017578125
-28573.31640625
-28425.025390625
-28284.35791015625
-28466.75390625
-28864.43994140625
-29602.82666015625
-29135.134765625
-28876.884521484375
-28600.994140625
-28414.07080078125
-28321.917236328125
-28370.46875
-28115.67578125
-24439.421875
-11773.571411132812
-7424.38006591797
-4449.543701171875
-3496.5246582031255
-3773.824432373048
-2999.929290771485
