-9277.359177831235
-7169.863735971786
-5871.69291017812
-4964.000525921522
-4154.559009904722
-3305.030918958438
-2925.6975233344374
-2631.213584609917
-2493.757565908791
-2453.7479593625367
-2386.7688421176995
-2348.0823550891755
-2276.544934906379
-2219.1635826927914
-2166.3062530851766
-2117.942550689723
-2109.105144455046
-2054.3035554819903
-2045.794291657458
-2013.846419325174
-1981.7611330978993
-1957.8126431523847
-1922.878055735639
-1901.1534338499605
-1905.2607424922662
-1876.3468281005794
-1861.220820289004
-1872.2699644638353
-1835.53840432056
-1874.2265421429559
-1833.8620224307033
-1853.4968400177306
-1819.9394405538437
-1848.146136317174
-1827.327043144794
-1810.9122979083593
-1834.159224060701
-1812.7976725412304
-1800.0512664723476
-1827.1277104745927
-1834.3010541875606
-1818.6751575985145
-1807.4224278076376
-1781.6622332220104
-1791.8424143360874
-1800.045440237956
-1775.8259233384547
-1800.2858381309738
-1797.4233534726823
-1788.4618616908301
