-8810.10917783124
-6566.583211041429
-5809.762438510688
-5316.1183034962705
-4245.160459204566
-3067.089965389756
-2630.8565047653387
-2253.017292569452
-2101.582010027989
-2053.3557833919203
-1999.9742846890065
-1959.969035475618
-1893.3676339009166
-1844.2992504703766
-1781.3389761815968
-1717.231330150492
-1714.2858715036775
-1657.8249809687688
-1644.448523544288
-1615.5929414766342
-1580.4420763059659
-1559.5795637269632
-1526.6669909393784
-1507.8166137254332
-1509.9940752464324
-1486.4755809155265
-1468.0795824593156
-1488.6493865224948
-1448.644855984601
-1485.2260396036177
-1445.112779811867
-1467.257048754785
-1434.7332223295527
-1457.8917999706105
-1444.8973917884343
-1427.5065964373257
-1450.327647103261
-1431.0701420234593
-1419.717294583559
-1443.110240753294
-1452.390325484282
-1434.3268150002436
-1426.643887952648
-1400.9034741603905
-1406.1756909339797
-1415.5305370806952
-1396.2438160421402
-1416.9395041058287
-1412.97482907043
-1403.3220739089431
