-10679.107421875
-4205.7080078125
-3331.13671875
-3889.178466796875
-3381.18115234375
-3344.40771484375
-3229.888916015625
-3182.3759765625
-3134.24755859375
-3096.51611328125
-3050.808349609375
-3082.787353515625
-3092.076904296875
-3101.583251953125
-3121.382080078125
-3054.552978515625
-3031.97021484375
-3014.09619140625
-3032.24609375
-3016.211181640625
-2992.04443359375
-3011.00634765625
-3006.86962890625
-2995.6796875
-3025.111572265625
-3016.1943359375
-3037.708740234375
-3055.237548828125
-3008.9697265625
-3059.866943359375
-3033.17724609375
-3046.207763671875
-3019.006591796875
-3123.251708984375
-3068.62255859375
-3068.71923828125
-3090.384033203125
-3061.48876953125
-3040.76708984375
-3108.869384765625
-3121.360595703125
-3141.304443359375
-3126.3740234375
-3116.266357421875
-3124.07861328125
-3194.556884765625
-3039.84033203125
-2951.02392578125
-3032.920654296875
-3094.39208984375
