-10679.107421875
-4209.072265625
-3281.897216796875
-3309.141845703125
-3278.346923828125
-3278.264404296875
-3345.33251953125
-3280.96240234375
-3515.717529296875
-3416.79248046875
-6625.4306640625
-4676.0439453125
-5755.92578125
-4503.763671875
-4371.3486328125
-4661.07958984375
-4184.91455078125
-4116.0615234375
-4189.6064453125
-3947.2265625
-3588.004638671875
-3384.78369140625
-3629.047607421875
-4056.23291015625
-3524.50048828125
-3149.638427734375
-3214.34228515625
-3215.310546875
-3198.152587890625
-3207.17626953125
-3160.34521484375
-3121.43115234375
-3078.912109375
-3144.053955078125
-3150.6005859375
-3199.84912109375
-3356.4765625
-3661.10791015625
-3624.074951171875
-3193.901611328125
-3123.584228515625
-3125.74755859375
-3119.89306640625
-3109.861083984375
-3112.887939453125
-3112.65478515625
-3084.927978515625
-3123.264404296875
-3105.80908203125
-3091.52978515625
