-8810.10917783124
-9381.665451201448
-10428.450599094684
-10189.822969884113
-8326.137471018857
-5622.229989573891
-3964.9575023976963
-3046.6982201641213
-2815.90290247477
-2878.05825928214
-2818.8848452588454
-2861.7020984256496
-2774.5315292552577
-2866.3130663686397
-2859.594370665833
-2765.457814034012
-2623.1495178480427
-2575.0470118398907
-2623.85922256493
-2550.747934297618
-2448.3574513731523
-2423.187283566728
-2437.457375494003
-2442.185644614072
-2398.352060139554
-2357.3322654830017
-2337.178861078054
-2363.9431387472455
-2342.7910630236665
-2381.2474840443024
-2330.8532539744174
-2330.802056504467
-2293.652296831252
-2393.5088535489244
-2309.622146628103
-2319.2778375100834
-2363.4131821088613
-2311.9315925484066
-2280.8783428745523
-2334.3644882150943
-2344.709151031595
-2330.2988662023336
-2303.122102478574
-2259.7888121457077
-2281.9003547942375
-2301.0531636971536
-2272.681362896191
-2299.4621197713286
-2284.980088793407
-2286.658184836384
