-8810.10917783124
-7685.826087813676
-1962.4367161484079
-1967.8142396918
-1984.1018783767304
-2039.9954831674233
-2002.4802703699359
-2075.563180959264
-2050.945873661283
-2008.4233595843866
-2038.9837152232135
-2042.0236866276362
-2027.4607058339807
-2029.344833191171
-2109.739370963991
-2230.9471460558075
-2353.1352396543284
-2392.1008058433235
-2452.0623899805864
-2433.9810015785583
-2360.1313300933866
-2370.306550041513
-2350.937632112934
-2371.9389830924692
-2522.4792565300404
-2227.4331589571784
-2096.0918316876196
-2075.415306399445
-1973.1080205676813
-2013.5042096035218
-1956.0562476170012
-1946.7068593895442
-1937.8406707654187
-1958.7896936901216
-1968.5490228815768
-1897.058031849731
-1933.6575069780877
-1943.9945380598244
-1928.7587713927119
-1939.8516204483487
-1985.505715794458
-1935.9977182394698
-1969.0963558440512
-3857.5385964383213
-2546.384992255441
-2455.2254215213516
-2335.1990868816097
-2545.944622649783
-2032.5925487643344
-1916.0821092208669
