-9277.359177831235
-8140.744636040738
-8445.597863628664
-8586.01656024253
-7242.633750699252
-5051.79464642826
-3827.7420650338863
-3097.0112816952214
-2818.4055091435944
-2778.6064557075724
-2601.1087983718485
-2501.451722372008
-2354.240107333694
-2317.4731816142425
-2228.2981143406696
-2196.4234843836393
-2128.262068800746
-2054.843836137607
-2039.506597245927
-1992.945339611228
-1979.572204274814
-1962.1999938595152
-1934.6447635293437
-1911.091037605914
-1911.4566825956977
-1886.9861749087527
-1867.7497648951933
-1880.314260153517
-1841.7895757159029
-1880.1960618152466
-1841.8939322845958
-1859.5652283876593
-1826.6323618082538
-1857.2623674140207
-1836.679598825084
-1821.8077403751777
-1846.368243005331
-1822.6376099384738
-1811.1988473912775
-1840.2754298037912
-1848.6993323794231
-1830.5347865889016
-1818.76294606284
-1791.8119537521015
-1802.6532880122875
-1809.8108486678543
-1785.0076108353521
-1810.7383292006539
-1805.726388946942
-1798.3565865190471
