-10679.107421875
-5614.2841796875
-5317.1845703125
-4556.3193359375
-4034.7890625
-3497.221435546875
-3439.490234375
-3473.18212890625
-3490.630859375
-3453.67529296875
-3394.623046875
-3383.14404296875
-3336.03564453125
-3329.809814453125
-3312.302734375
-3257.06396484375
-3238.64013671875
-3190.734619140625
-3165.03076171875
-3096.206298828125
-3045.879150390625
-3036.3916015625
-3013.63037109375
-2985.658447265625
-2998.20654296875
-2963.838134765625
-2970.80419921875
-2964.663818359375
-2952.390625
-3003.080322265625
-2969.769775390625
-2988.83837890625
-2959.93994140625
-3006.157470703125
-2982.236572265625
-2970.597412109375
-2991.25341796875
-2972.05419921875
-2953.049560546875
-2994.136962890625
-2994.0859375
-2992.217529296875
-2970.71826171875
-2944.89306640625
-2967.188720703125
-2973.9052734375
-2939.19140625
-2979.177978515625
-2982.73095703125
-2979.47021484375
