-10679.107421875
-9356.1083984375
-10178.513671875
-8147.6494140625
-6908.5166015625
-5616.38427734375
-4858.9130859375
-4179.70556640625
-3876.96630859375
-3716.46875
-3578.504638671875
-3491.37646484375
-3403.01171875
-3340.080810546875
-3294.339111328125
-3239.7177734375
-3208.136474609375
-3176.060302734375
-3159.780029296875
-3115.887939453125
-3110.4833984375
-3089.2900390625
-3062.259033203125
-3021.34814453125
-3042.77587890625
-2998.884765625
-3007.451904296875
-2993.23291015625
-2972.413818359375
-3016.06689453125
-2970.602294921875
-2983.8369140625
-2947.138427734375
-2992.591796875
-2960.1357421875
-2950.146240234375
-2969.91259765625
-2948.90234375
-2931.45458984375
-2971.175048828125
-2970.7138671875
-2966.66064453125
-2944.15185546875
-2916.760009765625
-2940.58251953125
-2947.02880859375
-2907.89013671875
-2943.25537109375
-2941.96044921875
-2935.53857421875
