-9978.2421875
-8599.962158203125
-7585.725830078125
-6545.208251953125
-5469.094970703125
-4277.0924072265625
-3759.0084228515625
-3365.96435546875
-3168.4742431640625
-3109.9656982421875
-3006.458984375
-2933.949462890625
-2875.2171630859375
-2817.395751953125
-2756.3265380859375
-2703.360107421875
-2686.8106689453125
-2626.9119873046875
-2608.7380981445312
-2571.7733764648438
-2546.2216796875
-2530.9860229492188
-2491.1788940429688
-2465.5350341796875
-2476.546875
-2440.2978515625
-2432.7711181640625
-2434.4047241210938
-2406.1651611328125
-2448.2288208007812
-2405.743896484375
-2419.3942260742188
-2385.8909912109375
-2423.267333984375
-2395.259765625
-2383.4318237304688
-2405.9637451171875
-2383.4559326171875
-2369.0752563476562
-2401.5409545898438
-2405.1552124023438
-2394.9169311523438
-2378.1370849609375
-2350.654296875
-2367.264892578125
-2374.8834228515625
-2343.0658569335938
-2373.328857421875
-2370.8373413085938
-2363.2865600585938
