-10679.109177831237
-9356.078798278733
-10178.54055651334
-8147.6865413246605
-6908.536047161024
-5616.411469092251
-4858.932402545359
-4179.727020384904
-3876.981204203633
-3716.4828682509274
-3578.5173950509634
-3491.3915606853943
-3403.042672735507
-3340.0458981498655
-3294.336147953044
-3239.722983239158
-3207.8162576173427
-3176.029253010861
-3159.9560893099015
-3115.561157178818
-3110.412458422344
-3089.4579291315285
-3064.329003131442
-3021.1126470862964
-3042.7020112107193
-2998.708581532201
-3007.0410303456597
-2992.725356277371
-2971.7555530054333
-3015.6440508718993
-2970.0130058950917
-2983.073058247664
-2949.0919296313973
-2992.2912497651005
-2959.67441620951
-2949.690673991466
-2969.5199253676883
-2948.329137732154
-2931.051679579743
-2970.7695151332955
-2970.3087165798343
-2966.2008183605994
-2943.915458849441
-2916.532762755013
-2940.0961807765757
-2946.705292040355
-2907.437543053041
-2943.098566298986
-2941.661915931671
-2935.274314832319
