-9978.2421875
-14281.5888671875
-5348.57373046875
-4147.0645751953125
-3733.7318115234375
-3107.6864013671875
-2901.4849853515625
-2887.829833984375
-2930.5360107421875
-2877.5592041015625
-2821.8331298828125
-2796.56640625
-2761.7781982421875
-2739.499755859375
-2706.04296875
-2660.90087890625
-2634.044921875
-2581.1531372070312
-2550.05126953125
-2491.6355590820312
-2462.1474609375
-2455.5250854492188
-2442.556640625
-2413.7081909179688
-2416.8878784179688
-2411.533203125
-2395.207763671875
-2409.6967163085938
-2385.4967041015625
-2432.70361328125
-2399.7528686523438
-2423.1176147460938
-2393.2815551757812
-2437.33544921875
-2419.82958984375
-2405.3765869140625
-2429.33203125
-2408.5458984375
-2390.9474487304688
-2426.1441040039062
-2429.9488525390625
-2421.870849609375
-2404.6221923828125
-2378.3309326171875
-2395.4298706054688
-2403.1077270507812
-2376.5594482421875
-2407.818359375
-2406.0464477539062
-2398.3637084960938
