-10153.45849609375
-38060.64453125
-42304.5625
-42405.59228515625
-37211.8984375
-32386.083984375
-31948.69140625
-31536.787109375
-32435.203125
-32943.8671875
-33456.4765625
-33555.5078125
-33405.16015625
-32901.953125
-32071.0625
-27558.77734375
-24520.01953125
-11806.8408203125
-21765.525390625
-27413.453125
-29525.13671875
-28734.31640625
-29652.291015625
-27453.796875
-32308.65234375
-26061.1015625
-30665.568359375
-33507.671875
-32566.552734375
-32380.57421875
-29941.03125
-35069.30859375
-34462.359375
-36135.86328125
-37719.15625
-37972.94140625
-37774.93994140625
-36046.02734375
-33224.06640625
-30304.072265625
-20554.70849609375
-15492.281372070312
-3014.6062622070317
-2912.294372558594
-3036.069763183594
-2940.919799804688
-2955.538513183594
-2834.042846679688
-2839.485931396485
-2812.6543579101567
