-9277.359177831235
-4129.542198469311
-2226.6097940496506
-2320.868705434315
-2380.5314238042583
-2539.8527297854084
-2100.5384274004296
-2078.2663431743067
-2100.989329597587
-2012.6897243860699
-2038.6947845457707
-2051.627728354301
-2054.495016810156
-2067.1273356996235
-2093.8055999107187
-2118.0107165747054
-2120.2258852941823
-2021.5772435878876
-2122.3212290548618
-2128.245648983476
-2140.131903592199
-2107.411088688027
-2083.330750316538
-2068.910187607948
-2108.826893915378
-2111.832995245042
-2149.6050143219536
-2177.562610448119
-2159.662910288659
-2217.081911662229
-2186.313896752972
-2219.8597967419546
-2194.5687289218913
-2208.1581723694744
-2192.7253442164724
-2177.834813205367
-2189.976275089411
-2191.199459893028
-2161.201652265913
-2189.4947183615864
-2216.1645770039977
-2193.1869072141276
-2191.617196936967
-2180.8365688180725
-2359.558942981538
-2265.1197132261555
-2320.2250891355325
-2425.076821715974
-2418.1122968348277
-2270.9720243662277
