-8810.10917783124
-4103.721750257949
-2282.7788721412667
-2602.567432306306
-2120.828007572735
-2035.5719564750846
-2034.1493259095175
-1940.3302094018268
-1845.323533581151
-1827.2448183286774
-1785.4984936898393
-1765.3919601304065
-1685.1633734566344
-1685.8440442161943
-1712.408065337105
-1692.3811391690651
-1675.1850612312123
-1608.0342266799362
-1585.4378030374405
-1570.7028724910533
-1554.6725115104311
-1573.0993680243478
-1580.5462158365644
-1568.8247239708203
-1557.616134184706
-1567.0502031907395
-1600.739177866896
-1638.109011398535
-1594.9712071360889
-1615.4546552624602
-1578.1235238068175
-1591.648867919717
-1562.2296899770613
-1567.2489028393222
-1547.046208245606
-1516.8535548066268
-1529.4935781692302
-1510.0807673255817
-1505.25397096599
-1532.6855383385023
-1538.6544928457454
-1499.170308111802
-1498.518877510614
-1489.9690992203762
-1634.7608480701233
-2448.7780176708925
-2543.141662517792
-2727.307703729527
-2905.5024762409657
-3028.054661878401
