-8810.10917783124
-5282.086666500958
-4692.9621125033345
-4025.7085140414324
-3748.772147494302
-3188.918068030736
-2688.976560155975
-2275.915165979626
-2131.084108008475
-2016.774467402104
-1966.623020751625
-1919.8102998293555
-1816.827307178051
-1785.3273650788615
-1728.8942622569714
-1676.5686028801701
-1667.2919509610467
-1620.2697490758017
-1606.3311941794166
-1577.3016410393777
-1550.9972236247563
-1534.6846356761157
-1512.6616762132737
-1493.8720746981212
-1495.465897445856
-1471.3096934091886
-1454.2340713214362
-1476.247025305915
-1437.8546722562726
-1475.3042505510161
-1436.4856748865254
-1461.3406180722236
-1429.4924826272434
-1454.183815622598
-1440.3648732323834
-1423.9514133524892
-1447.059963186891
-1429.055749447657
-1418.6035897314293
-1442.0174717565192
-1453.2506075146434
-1436.67497932047
-1430.8660446273507
-1403.624282699188
-1409.844862316709
-1418.9029476454439
-1400.0983100896742
-1421.6393431800784
-1417.0540589415655
-1408.4010587526584
