-9978.2421875
-8460.0107421875
-7283.2314453125
-6173.164794921875
-5207.230712890625
-4154.075927734375
-3672.9739990234375
-3317.21435546875
-3138.1971435546875
-3088.3583984375
-2998.592041015625
-2931.66552734375
-2869.6807861328125
-2808.545654296875
-2756.68408203125
-2706.5521240234375
-2691.6387939453125
-2632.6695556640625
-2618.0650634765625
-2581.8878173828125
-2553.9758911132812
-2536.9324340820312
-2494.7536010742188
-2468.498046875
-2479.3527221679688
-2442.0781860351562
-2434.9620361328125
-2437.4825439453125
-2409.4711303710938
-2450.853515625
-2408.193115234375
-2423.80029296875
-2386.921630859375
-2425.3283081054688
-2397.8924560546875
-2384.3228759765625
-2405.25
-2383.6672973632812
-2369.09375
-2401.3385009765625
-2404.6527709960938
-2394.2210693359375
-2377.331787109375
-2351.78466796875
-2368.258544921875
-2375.5650024414062
-2343.5488891601562
-2373.8051147460938
-2371.8294067382812
-2364.0604248046875
