-9978.2421875
-20605.2138671875
-4090.09521484375
-9120.174072265625
-12259.94677734375
-12874.212890625
-21652.9404296875
-11063.5693359375
-9454.4609375
-8690.9365234375
-8057.587890625
-7434.10302734375
-6926.651123046875
-6507.501220703125
-6217.97509765625
-5650.6513671875
-5455.049560546875
-5095.435791015625
-4566.284912109375
-4033.50048828125
-3599.618408203125
-2809.751953125
-2830.9595947265625
-2918.765869140625
-2931.02294921875
-2906.4522705078125
-2900.587890625
-2910.2083740234375
-2874.8671875
-3073.3404541015625
-3535.8961181640625
-4185.0849609375
-3094.6239013671875
-3138.09228515625
-3165.6409912109375
-3207.928466796875
-3236.2896728515625
-3258.740478515625
-3243.2249755859375
-3308.7374267578125
-3338.6181640625
-3710.091796875
-3669.9593505859375
-3679.1961669921875
-3474.7869873046875
-3287.2379150390625
-3290.1021728515625
-3268.60791015625
-3311.0386962890625
-3330.273681640625
