-10153.45849609375
-36862.81884765625
-42410.23046875
-42405.58984375
-42455.580078125
-42507.19140625
-42371.5546875
-42423.76123046875
-42337.7265625
-42481.84375
-42407.09765625
-42385.2421875
-42395.65625
-42416.63671875
-42551.8017578125
-42428.1875
-42451.265625
-42497.0078125
-42467.8984375
-42501.4609375
-42350.09765625
-42399.59375
-42440.6328125
-42413.875
-42452.60546875
-42390.5986328125
-42398.48828125
-42501.8984375
-42412.10546875
-42637.22509765625
-42407.83984375
-42506.1796875
-42342.875
-42471.8671875
-42506.5703125
-42466.38671875
-42534.1015625
-42465.44921875
-42394.09765625
-42534.5859375
-42555.1484375
-42555.16015625
-42482.7705078125
-42443.07421875
-42374.32421875
-42498.51953125
-42407.76171875
-42433.43359375
-42538.21875
-42404.09228515625
