-9277.359177831235
-7259.770070925477
-5945.426038104812
-5056.515533850719
-4167.099462528315
-3311.5016921579154
-2934.8501335623873
-2647.6262971788938
-2514.3799263642004
-2472.1788109965696
-2401.797346644241
-2361.8739707866343
-2285.9367763153464
-2233.4112602551672
-2175.6307691423617
-2127.4997061139347
-2111.993779918777
-2057.558411417339
-2047.5425751453276
-2014.4016366645415
-1980.1927506513518
-1957.0426061733676
-1921.753168783668
-1900.1696088320118
-1905.0217201570126
-1876.4534299907773
-1861.1442413208842
-1871.549785868368
-1834.5549587301302
-1872.7444715732097
-1831.7780790507354
-1850.5841211230436
-1817.2396086662025
-1846.528983149516
-1825.972640010994
-1809.9937060215714
-1832.6475760533067
-1811.9419500948127
-1799.2004816786255
-1826.261189258798
-1833.4225002663763
-1818.2865564515614
-1806.5116136050146
-1779.1778879349379
-1788.9734760125327
-1797.566622367573
-1773.758322334262
-1798.2985472727264
-1794.7637342582202
-1785.9868251205105
