-8810.10917783124
-4105.54091949645
-1858.351370024436
-2053.037088259237
-2084.214453640855
-1784.3781828678063
-1721.7366364139612
-1702.016120787399
-1652.501706627119
-1576.4629908753263
-1540.6997802742258
-1576.840802758565
-1562.009656822286
-1615.5297149294981
-1549.9509380547029
-1526.0467913058458
-1508.7864981964656
-1518.7950091114226
-1567.204847230984
-1607.4516020094857
-1699.338040054392
-1952.6967094318675
-2049.63730989424
-2312.849810505658
-2085.803811961686
-2011.7209895501649
-1916.195217928452
-1763.2114037443869
-1735.4761523340214
-1702.616707823309
-1645.7019725566429
-1640.5151487795192
-1589.4138344141238
-1587.2209456353899
-1571.0532286814218
-1558.0885214276766
-1613.514240399804
-1605.8529711070073
-1568.2716616559574
-1595.7566505565342
-1571.4810804920312
-1539.7010194069067
-1523.7906564311686
-1511.4383813675843
-1527.892941022273
-1568.768920309785
-1719.1767267800565
-1745.6561177692874
-1642.609001983879
-1585.5173841079065
