-9277.359177831235
-4132.562098172374
-2592.8457357344705
-2557.3394684175196
-2756.640081208595
-2855.24060827445
-3048.2422548515597
-3251.2713688114864
-3709.4343468348716
-3804.7741823346432
-3394.5513416236463
-3344.111013334025
-3158.379408344708
-2938.3171227553885
-2523.38875730315
-2483.6549132218342
-2422.6037420845987
-2365.8098385167987
-2397.1343778203855
-2434.7402165046124
-2555.362846573328
-2743.1770335854935
-2697.4908148122604
-2594.2338063219786
-2564.1238122594564
-2535.874650933499
-2556.5627102583203
-2581.948412634522
-2553.837275023772
-2602.45941178403
-2580.520454161203
-2577.64089498555
-2546.5133425443446
-2557.785918296274
-2548.159983638904
-2532.4716071110856
-2566.9502575220463
-2560.5915145743006
-2539.621564465046
-2572.5969086857467
-2593.1507324555937
-2599.482646936554
-2582.0812031251953
-2525.6007487516995
-2561.719723168554
-2561.3840811937757
-2502.8693079055342
-2533.6187171401207
-2488.0061389236625
-2482.7785336300394
