-10153.45849609375
-24724.155517578125
-31688.21875
-34803.13525390625
-39316.8984375
-41553.0234375
-41923.203125
-42038.29150390625
-42151.18359375
-42313.8515625
-42288.1875
-42297.4296875
-42318.89453125
-42347.80126953125
-42185.203125
-41659.5390625
-41172.671875
-40689.0546875
-40512.00390625
-40189.1171875
-39784.17578125
-39423.1796875
-38898.09375
-38024.44921875
-37371.3359375
-36292.56884765625
-37486.04296875
-38512.86328125
-38757.71875
-39573.03759765625
-39379.2578125
-39460.09375
-39323.5546875
-39799.3671875
-39781.890625
-39304.94140625
-39788.7421875
-39349.67822265625
-37861.8330078125
-38107.48828125
-38097.5859375
-38154.4609375
-38024.2109375
-37806.3046875
-37866.859375
-38082.75634765625
-38719.7734375
-39899.578125
-40679.07421875
-41325.37109375
