-10679.109177831237
-9920.583211041449
-8782.762438510714
-7497.118303496265
-6426.160459204584
-5143.089965389742
-4505.856504765346
-4086.017292569438
-3832.582010027989
-3772.355783391912
-3625.9742846890003
-3540.9690354756203
-3474.3676339009135
-3416.2992504703884
-3353.338976181595
-3301.2313301504887
-3277.285871503688
-3211.8249809687813
-3198.448523544296
-3151.5929414766156
-3131.442076305967
-3116.5795637269593
-3074.6669909393872
-3043.816613725431
-3057.9940752464217
-3013.475580915524
-3016.079582459327
-3006.6493865224934
-2984.6448559845903
-3030.226039603616
-2987.1127798118687
-2994.2570487547882
-2958.733222329548
-3005.891799970606
-2968.897391788435
-2960.506596437325
-2983.327647103254
-2958.070142023462
-2940.7172945835628
-2979.1102407533026
-2979.390325484279
-2973.3268150002523
-2950.6438879526527
-2924.9034741603923
-2948.1756909339847
-2951.5305370806886
-2914.243816042145
-2949.9395041058306
-2948.9748290704374
-2942.322073908949
