-8810.10917783124
-4103.721750257949
-2189.3604481175075
-1922.977551970103
-1841.2943280089785
-1919.4421527400991
-1968.256980104626
-2070.9482299684933
-2432.0454633041586
-3088.644103388585
-3190.7972131815886
-2751.72644455191
-2641.8627254720695
-2701.3997209593167
-3161.009453364568
-2611.911406100598
-2628.162501288377
-2553.448000732607
-2118.619003124353
-2102.0126442549667
-2152.3046791385304
-2238.203381883023
-2196.7494120478596
-2172.1764998812005
-2297.8904506911413
-2704.761373332193
-2951.2558732935304
-3115.9616986614155
-3525.578856879464
-3899.244473382502
-4044.7953196101553
-3828.682635350666
-3387.995047107345
-2780.62946798611
-2233.0406902906875
-2123.1569697602545
-2101.9777193760724
-2066.8392481271676
-2042.3671579450552
-2067.4589961122847
-2060.4987568038828
-2040.5280431242602
-2075.8588809254525
-2085.127768424272
-2076.3636361898216
-2072.5184159653095
-2028.4745410134233
-2021.3014939765915
-2034.451558822814
-2084.4710601550346
