-9277.359177831235
-6300.58666650096
-5955.632740800965
-4922.476442027473
-4428.186680021986
-3634.839008484748
-3102.011914492454
-2708.173047580788
-2546.8450387839466
-2447.850021620614
-2369.536720553458
-2314.451422016467
-2215.193733186534
-2162.1526471946304
-2122.613747691096
-2067.3078387024248
-2047.6730557683375
-2004.0406304918645
-1987.5043591876788
-1952.5080421179823
-1933.3943442009145
-1927.606441437861
-1901.4040067103083
-1876.8573611430816
-1880.5199293812134
-1853.192802206093
-1839.2848720130137
-1853.554993884436
-1818.3489203280053
-1857.2221108608987
-1816.8092601828425
-1836.6695726677758
-1803.995997995992
-1833.8023423012241
-1814.5302972340965
-1799.6537976825493
-1822.7741072409804
-1802.8000118625193
-1789.9946490917737
-1817.9926368620938
-1824.6465516224484
-1811.4945244850016
-1799.8724622286595
-1773.9634488905972
-1783.5437294240662
-1792.0543514556562
-1768.4169683566427
-1792.8760684642523
-1788.9411180751927
-1780.3024100568175
