-9978.2421875
-12938.6708984375
-11205.2099609375
-15902.42431640625
-24754.2958984375
-29517.46484375
-31140.49609375
-31706.19921875
-31956.00390625
-32149.04296875
-32205.32421875
-32235.671875
-32278.36328125
-32350.27734375
-32437.10546875
-32388.484375
-32497.99609375
-32431.62890625
-32601.734375
-32643.92578125
-32624.365234375
-32623.140625
-32561.974609375
-32342.46875
-32164.53125
-31711.95703125
-30748.271484375
-29279.52734375
-26099.98046875
-21913.79296875
-15572.7548828125
-10878.97412109375
-6338.6416015625
-4069.859130859375
-3273.9127197265625
-3370.8970947265625
-3614.514404296875
-3470.5889892578125
-3249.9554443359375
-3054.3238525390625
-2971.83984375
-2887.8739013671875
-2833.3006591796875
-2785.074951171875
-2838.8131103515625
-2855.6463623046875
-2759.55810546875
-2727.9071044921875
-2707.466552734375
-2678.5650634765625
