-10679.109177831237
-9513.392178910817
-9657.834355206318
-9719.912009551872
-8853.237542088948
-6771.294073991786
-5248.119046112096
-4487.232173366045
-4056.982884694182
-4114.453803424874
-3859.735662356058
-3795.1061645673954
-3641.175429628837
-3536.13518720692
-3441.8893976273384
-3407.701356858569
-3321.0905586525214
-3222.7999012612872
-3217.841046415261
-3157.074798348095
-3146.4187123195748
-3118.2646684898255
-3086.065751222538
-3054.401693599581
-3056.7858362953116
-3021.195636900351
-3013.680412018425
-3015.3161633050413
-2988.8940370100636
-3033.5396305504446
-2994.1921782061963
-3009.368067267903
-2970.2659259556344
-3014.6542096407347
-2980.7290542563073
-2963.422057522757
-2981.232449902684
-2959.87368853819
-2946.399818940131
-2982.967175616749
-2985.7466981460234
-2977.153240283894
-2954.6195488109825
-2932.256432316334
-2953.4732293431493
-2958.287806932667
-2917.0977318583646
-2953.4986897420845
-2953.8432088342997
-2947.4667802328017
