-10679.107421875
-5609.81298828125
-4513.33544921875
-4015.8125
-3489.23291015625
-3458.145263671875
-3435.446044921875
-3307.46435546875
-3277.991455078125
-3274.490478515625
-3236.359375
-3234.20166015625
-3157.89794921875
-3110.20947265625
-3089.184814453125
-3047.358642578125
-3034.802490234375
-2996.62158203125
-2999.18505859375
-2985.22216796875
-2989.4423828125
-2991.589111328125
-2971.61572265625
-2951.995849609375
-2973.8955078125
-2952.93798828125
-2963.82666015625
-2965.89501953125
-2950.454833984375
-3003.94873046875
-2968.3095703125
-2981.18359375
-2943.330810546875
-3000.04443359375
-2970.99609375
-2964.791015625
-2987.33642578125
-2971.779296875
-2954.802001953125
-2999.92724609375
-3000.25439453125
-3001.669189453125
-2978.06005859375
-2951.070556640625
-2975.587646484375
-2982.20947265625
-2945.79541015625
-2979.714111328125
-2977.546142578125
-2969.16845703125
