-10679.109177831237
-9356.078798278733
-10227.953624278216
-8064.225019043904
-6981.029551436206
-5646.642174207633
-4873.001129039987
-4233.344741393861
-3906.740475483604
-3749.6871435972134
-3587.0302123154624
-3516.4942521020917
-3418.39008392493
-3344.449236017232
-3289.1019671992317
-3258.8142998915746
-3231.060422806625
-3178.2424505771187
-3165.365480806977
-3112.799442042056
-3123.181681499439
-3114.0919932671477
-3073.1794972809867
-3036.847789830643
-3045.8419078518073
-3004.1334809666987
-3005.8348526027557
-3002.417584969496
-2975.767956928662
-3027.8225681599984
-2983.615657264753
-2995.56564669865
-2965.731047460938
-3010.236717640284
-2974.683401855471
-2966.5357107972227
-2986.8458047640906
-2961.7068327660954
-2946.3852228172786
-2986.978090779918
-2987.870980891786
-2983.9020490683038
-2960.7020454613657
-2930.5830551453564
-2957.387185940817
-2960.479169820986
-2920.6470155572615
-2956.2779279353117
-2955.445369620583
-2949.2936910566586
