-10153.45849609375
-9003.343627929688
-8937.680358886719
-8648.153015136719
-7452.635803222656
-5428.604492187501
-4305.116729736328
-3807.4801330566415
-3515.439849853516
-3414.963531494141
-3214.485046386719
-3116.413208007813
-3049.854156494141
-2956.566986083985
-2900.175659179688
-2848.41683959961
-2806.787948608399
-2739.40902709961
-2722.2261352539067
-2673.8471221923833
-2662.850982666016
-2645.9543914794926
-2624.4582519531255
-2592.5861816406255
-2602.230087280274
-2571.43246459961
-2563.822845458985
-2568.875381469727
-2539.991149902344
-2588.5906066894536
-2550.0646972656255
-2563.8786926269536
-2527.625915527344
-2570.4150238037114
-2541.0746612548833
-2530.8683929443364
-2552.1013488769536
-2529.69223022461
-2514.9829559326176
-2552.0525665283208
-2554.7176055908208
-2546.063858032227
-2526.3765106201176
-2498.967193603516
-2516.086364746094
-2523.1003723144536
-2487.2500000000005
-2521.103118896485
-2518.408340454102
-2511.876815795899
