-10679.107421874998
-38259.2734375
-42012.328125
-42405.59375
-41912.5234375
-32814.6484375
-31122.380859375
-31592.72265625
-32680.76953125
-32912.7109375
-32508.521484375
-32600.73828125
-33095.609375
-34069.05078125
-36076.38671875
-37246.2578125
-37327.3984375
-37407.47265625
-37561.68359375
-37305.20703125
-37316.37109375
-37330.74609375
-37322.28125
-37397.58203125
-37536.41015625
-37517.5390625
-37454.4921875
-37477.9609375
-37387.6484375
-37438.11328125
-37315.3203125
-37456.7890625
-37135.3046875
-37077.7109375
-36736.0078125
-36327.765625
-36136.3515625
-36070.6796875
-36226.51171875
-34266.3515625
-33610.86328125
-33177.8828125
-32892.24609375
-32410.650390625
-33603.07421875
-35161.0078125
-39145.72265625
-42041.296875
-41643.92578125
-42404.08984375
