-9978.2421875
-8335.96240234375
-7427.978515625
-6050.563720703125
-5303.7490234375
-4218.353271484375
-3687.256591796875
-3324.5374755859375
-3145.8192138671875
-3092.223388671875
-3000.7572021484375
-2939.753173828125
-2869.0504150390625
-2803.2799072265625
-2749.98193359375
-2707.470947265625
-2686.91796875
-2634.62451171875
-2623.7908325195312
-2586.2252807617188
-2557.0400390625
-2538.9985961914062
-2500.7055053710938
-2470.9110717773438
-2482.25634765625
-2445.8569946289062
-2440.357421875
-2438.3397216796875
-2409.311279296875
-2450.501708984375
-2408.965576171875
-2422.212646484375
-2389.6812133789062
-2425.8381958007812
-2396.7994384765625
-2384.4248046875
-2406.5533447265625
-2383.6828002929688
-2368.8715209960938
-2401.5186767578125
-2404.979248046875
-2394.714599609375
-2377.6408081054688
-2350.3032836914062
-2366.6586303710938
-2374.0828857421875
-2342.2208862304688
-2372.4029541015625
-2370.0435791015625
-2362.4754638671875
