-9978.2421875
-9521.46484375
-2914.9150390625
-2922.1766357421875
-2942.212646484375
-2941.857666015625
-2863.0928955078125
-2926.7982177734375
-2924.6778564453125
-2970.2867431640625
-2982.0938720703125
-2992.633544921875
-2979.9522705078125
-2985.584228515625
-3050.976806640625
-3055.9346923828125
-3138.7510986328125
-3245.2109375
-3363.2996826171875
-3322.71142578125
-3173.8653564453125
-3169.0435791015625
-3144.0487060546875
-3170.6693115234375
-3437.46630859375
-3046.7939453125
-3020.447998046875
-2988.525390625
-2931.2198486328125
-2973.4892578125
-2919.790283203125
-2901.0694580078125
-2886.576171875
-2926.28369140625
-2919.1676025390625
-2853.2940673828125
-2888.0196533203125
-2898.3548583984375
-2879.3680419921875
-2899.8404541015625
-2939.865234375
-2897.8594970703125
-2919.7120361328125
-4601.906982421875
-3028.2435302734375
-2768.3336181640625
-2637.0550537109375
-2772.805419921875
-2896.9537353515625
-2876.0667724609375
