-8810.10917783124
-7414.04373944775
-7607.406938185859
-8345.35611218343
-7282.392426038807
-5684.884217253336
-3950.1112463127524
-2900.7530512525295
-2603.7003851949567
-2439.3645548470513
-2248.0901177411115
-2153.3349802815846
-1996.6567177553638
-1949.092518399099
-1849.449118937231
-1802.5350687663226
-1765.382385860125
-1702.794582106451
-1682.1674494407143
-1634.8096314918914
-1601.4400359687897
-1583.1431450964496
-1558.9192503867432
-1533.632162336516
-1536.3662217922079
-1517.2064915054793
-1494.4152066850756
-1521.4249041484659
-1480.2685224608908
-1512.279130099248
-1474.3874704741281
-1492.7829451963212
-1457.4413987667035
-1482.3755014096855
-1464.6536577578665
-1446.6614590507752
-1471.3091372331664
-1447.6669191423048
-1434.9531530389938
-1460.5026146810746
-1471.5042402608951
-1451.0497819605564
-1444.593879591798
-1414.3592603690274
-1419.8781901183816
-1428.7199725244227
-1408.9816596333283
-1431.5604414517106
-1426.8778864553992
-1420.7715923439705
