-10679.109177831237
-5614.276735744393
-4510.428891859871
-4014.352357749763
-3488.702135943113
-3455.961929385389
-3439.508626698114
-3330.2826251513143
-3292.5744375114946
-3279.887270349488
-3255.4414556339843
-3256.1748276548765
-3188.579636896336
-3143.8043011569616
-3115.447610010141
-3074.8688202110184
-3066.0546367082
-3028.866280815372
-3018.804770579693
-2988.1330315684527
-2977.732515235044
-2984.7608387793057
-2968.870868119179
-2950.30974101991
-2972.0628006161114
-2951.2973671488444
-2963.6617494778884
-2967.509636004038
-2954.4062425452507
-3010.037145088373
-2973.8125611992045
-2986.1909650714547
-2947.154749546903
-3004.409313605306
-2971.0827925465433
-2964.1766107443764
-2985.932808866166
-2968.33517896125
-2951.5336313340567
-2993.927239337604
-2997.1340208182132
-2996.481693155417
-2972.9638595400884
-2946.5304968447567
-2969.210237480411
-2973.535224294382
-2939.28272366545
-2976.2976565726613
-2975.9546378099744
-2971.138015917458
