-8810.10917783124
-7673.013625120408
-8121.4857569484475
-8311.466210173023
-7083.796910957118
-5472.1974496817365
-3808.483973405301
-2855.667959717336
-2570.375013741362
-2500.7064492220034
-2334.5358744886207
-2330.6548555736344
-2218.060723007694
-2287.122242286252
-2373.2975238912945
-2417.1740272196807
-2367.0508630968807
-2333.6631055254775
-2376.781549561433
-2368.818375709895
-2328.9148918132205
-2343.7475186092884
-2331.912976395063
-2296.254439101601
-2282.919885609051
-2286.71817598426
-2266.689099742641
-2275.075015877409
-2241.2106849387355
-2296.769284328101
-2261.2916597629096
-2262.355549527049
-2234.0396757959143
-2283.261208132019
-2258.9978516130636
-2231.07088534455
-2249.2042511575655
-2227.769869063509
-2213.727287452819
-2278.216786518936
-2292.98432688655
-2270.4334196834784
-2242.267227589949
-2200.9487618122366
-2210.117634938909
-2189.2210532247177
-2166.1262415650735
-2191.3445157569977
-2216.975346809145
-2212.954955289225
