-10679.107421875
-4207.5537109375
-3526.799560546875
-3475.89990234375
-3630.95068359375
-3402.06640625
-3219.39306640625
-3173.52490234375
-3176.446044921875
-3207.223876953125
-3195.8271484375
-3206.15673828125
-3219.843017578125
-3303.38671875
-3396.831298828125
-3399.27783203125
-3460.07373046875
-3805.31005859375
-3657.508544921875
-3436.97509765625
-3295.08154296875
-3246.496826171875
-3217.919921875
-3163.536376953125
-3159.665283203125
-3115.611083984375
-3102.06201171875
-3081.7392578125
-3052.762939453125
-3096.181396484375
-3061.666748046875
-3092.158203125
-3099.8251953125
-3105.862060546875
-3056.488037109375
-3034.122802734375
-3048.14990234375
-3020.04345703125
-3003.2158203125
-3051.009521484375
-3070.22705078125
-3303.543701171875
-3035.1591796875
-3120.063720703125
-3177.89990234375
-2829.02197265625
-2665.564208984375
-2650.126708984375
-2611.1611328125
-3089.32861328125
