-10679.109177831237
-25471.233790207174
-34318.24166574671
-37660.4988071095
-36605.304746074966
-35483.99048521304
-34746.03414048046
-35685.21719000862
-37489.27991323597
-38360.655470650774
-38229.84898723372
-36711.996650676985
-34115.341785086246
-30657.548232096022
-27088.481061488063
-23511.389231985424
-20096.867006285604
-16237.007977709276
-15521.154375492993
-18457.449420639547
-21144.917843152816
-24480.756701365626
-26862.245912000828
-28064.64713344786
-28840.60728938743
-29042.213501291164
-29407.906768932375
-29799.903610638525
-30094.75301986034
-30507.356681081215
-30563.28275267702
-30700.55405580224
-30836.36352506407
-30940.91427983564
-31122.78551581733
-31364.300662381254
-31268.191095040867
-31383.160045950724
-31400.226568006292
-31489.80984800795
-31454.0207685046
-31641.931407123666
-31566.721160066307
-31680.85140467924
-31492.983781233856
-31785.150812587002
-31810.97565787074
-31679.92742191715
-31832.90411151958
-31669.364935407
