-10679.109177831237
-4209.062098172372
-3354.3712473429196
-3737.7925521842963
-4370.966791995938
-4492.595783538195
-3780.540426336081
-3963.413717076647
-4568.2875983021495
-5907.752320890552
-7218.086402698746
-9777.08588844691
-12706.078554843789
-13596.84597080205
-16188.339632393787
-19807.143410850575
-21715.445567265637
-23931.49834428774
-23581.1164883355
-24289.712139954238
-19714.454851068753
-18577.77996121985
-18211.27528594921
-19880.489410395872
-17661.7823293144
-18333.137734288866
-16655.86345199153
-15199.114395328937
-13709.899639492583
-13541.793540553637
-12838.977379328386
-11502.14621844531
-10294.189268232181
-9956.09959402211
-7309.996400519895
-6337.487494513394
-5012.105814184901
-4820.447676604183
-4634.861909481514
-4464.845816909498
-4359.33015941005
-4379.274294450384
-4293.457364402203
-4159.650143170469
-4001.3001621989615
-3864.1903849261644
-3677.9230597996743
-3705.6482463908965
-3641.7758183480173
-3512.9232241499026
