-9277.359177831235
-37119.138045363616
-42432.82769325486
-42405.59287720309
-42455.57184374468
-42507.19562092242
-42371.54949987446
-42423.752288082294
-42337.707883215255
-42481.83562131103
-42407.09660438017
-42385.248146758815
-42395.65016699552
-42416.633077151455
-42551.79703509248
-42428.19201507513
-42451.2656317495
-42497.00744803225
-42467.892967327134
-42453.91882624118
-41898.86496492459
-39124.491262758274
-34856.656426055226
-21502.343360093197
-17829.529895636162
-15432.082346689498
-6521.475287740764
-4654.310098715748
-3497.6366139733314
-2959.647186364128
-2610.132218643205
-2484.1386857423868
-2429.766410523092
-2448.588666076311
-2399.7545015380774
-2420.842803246762
-2440.907787400497
-2388.144063988113
-2347.818137959353
-2311.116922656172
-2333.6029114798766
-2596.049959694584
-2859.7768733146427
-3130.184641916314
-2846.430833646663
-2652.8944743814363
-2513.64555507025
-2441.2183721143874
-2387.227940226217
-2254.813739048008
