-9277.359177831235
-6300.602731833538
-6040.804680946232
-5033.70831971733
-4503.293417656087
-3757.9428710937564
-3205.20783372038
-2730.7437156647184
-2547.2404820594634
-2431.700605560305
-2356.6792330884714
-2305.6968003828442
-2206.168614075169
-2159.08342272981
-2115.8182497460007
-2049.5977352515106
-2031.2385847597066
-1992.6250905973006
-1978.344036483625
-1947.548368042786
-1928.4193266842242
-1918.8032431568324
-1896.5966873753646
-1872.4498571920517
-1876.4669526037062
-1851.2493033058302
-1838.2861810165482
-1851.4298421437404
-1816.7562885096097
-1855.7280908356079
-1814.4876098957843
-1834.3512813394723
-1802.4040529236931
-1832.0101768607437
-1814.8622678416218
-1800.6063591973816
-1822.9594769047876
-1803.5914795604428
-1790.6700325630452
-1819.12657043805
-1825.0968612734996
-1811.8899987718482
-1800.7961783468963
-1773.1631345150163
-1783.3141111275563
-1792.1188206846734
-1768.7792153216365
-1792.84423713697
-1789.087796342219
-1780.564485910662
