-8810.10917783124
-14272.202777315102
-9020.201329910546
-14553.896123532535
-17644.81280037337
-20796.099448150686
-17394.489852367675
-8462.867529515855
-6199.192521326447
-5118.050147767908
-4004.928291178557
-3082.3523611336063
-2453.6544952165605
-2169.8066598074874
-2033.79249848463
-1948.4182609820477
-1960.0661364635187
-1937.8199054279532
-1940.8664834934618
-1914.7146552931906
-1867.5609307363454
-1860.6786572197848
-1840.3284495804724
-1791.5965388346344
-1780.8969519026698
-1748.4881233904139
-1730.3332582244725
-1729.630183952992
-1644.0231795562383
-1681.4467581964745
-1626.2751840488395
-1643.2450880714903
-1592.4261350890447
-1591.6425730244468
-1569.8407274646947
-1539.1769496273537
-1545.736168997395
-1519.5248163656886
-1503.0386938355089
-1512.811629462679
-1516.2821608809338
-1491.3151564394643
-1487.4479986949927
-1462.2845349782597
-1462.335941569087
-1469.5804895669835
-1457.1182603234024
-1481.3930641323805
-1480.1095016849126
-1464.9500634757537
