-10679.107421874998
-39861.29296875
-42021.84375
-42024.44921875
-42087.8046875
-42498.26953125
-42371.5078125
-42423.70703125
-42337.65625
-42481.8046875
-42407.05078125
-42385.1953125
-42395.6015625
-42416.5859375
-42551.74609375
-42428.140625
-42451.2109375
-42496.9609375
-42467.84765625
-42501.41015625
-42350.04296875
-42399.5390625
-42440.58984375
-42413.8203125
-42452.55078125
-42390.5390625
-42398.4375
-42501.84375
-42412.0546875
-42637.1640625
-42407.7890625
-42506.1328125
-42342.8203125
-42471.8125
-42506.515625
-42466.328125
-42534.04296875
-42465.39453125
-42394.0390625
-42534.53515625
-42555.0859375
-42555.1015625
-42472.7109375
-42425.2109375
-42219.140625
-42152.1171875
-41137.33984375
-38561.046875
-32601.369140625
-28521.859375
