-10679.109177831237
-9805.385709009613
-8946.066140304512
-7226.912215292347
-6306.936836703037
-5053.836471868524
-4472.257204114816
-4045.4330104581304
-3808.9016417642088
-3738.589422593467
-3613.8616228695973
-3538.2001625040225
-3468.096066072543
-3397.8801897281833
-3346.614471433006
-3306.7870151990755
-3280.375938756246
-3220.671736036448
-3214.3918116157415
-3167.858796812412
-3142.400814871341
-3123.702108127124
-3084.216535725391
-3052.3141113642228
-3063.2867965509095
-3018.142750971524
-3020.0853906869133
-3009.0368612960397
-2983.2192595069664
-3028.0539898834036
-2985.330395768073
-2995.533315037454
-2959.7747652526828
-3004.297056412759
-2966.09291250725
-2957.6273455965597
-2980.2898378464633
-2955.0988993060396
-2937.7760793320613
-2976.113017149878
-2976.4494996710528
-2971.0176399221205
-2948.0595016354628
-2920.938306446318
-2944.2611787952487
-2950.515369001765
-2910.8242845277673
-2946.763448449832
-2945.5400972583648
-2939.2725867731756
