-10153.45849609375
-16116.414184570312
-21850.40234375
-26354.96875
-27020.07421875
-28714.25
-25464.7607421875
-13569.024047851562
-6694.782531738282
-4476.096008300781
-3643.686126708985
-3219.5549926757817
-2979.42367553711
-2981.7443542480473
-3015.3572387695317
-3034.3088989257817
-2975.167877197266
-2880.356567382813
-2836.083587646485
-2777.603454589844
-2770.77670288086
-2773.194976806641
-2720.1411590576176
-2678.5902862548833
-2668.249420166016
-2611.327529907227
-2602.4680633544926
-2596.562591552735
-2566.244537353516
-2610.3560028076176
-2570.237243652344
-2588.770202636719
-2556.217178344727
-2598.536514282227
-2573.23422241211
-2556.007949829102
-2578.8271636962895
-2560.35043334961
-2543.265319824219
-2576.7930297851567
-2582.028015136719
-2574.155853271485
-2554.751403808594
-2526.816543579102
-2541.2104034423833
-2549.7943878173833
-2522.0688934326176
-2553.2657012939458
-2553.8964843750005
-2546.830505371094
