-10679.109177831237
-16116.40000251505
-21850.41193814641
-26354.990490667908
-27020.070429307554
-28714.262866185123
-25464.78584138217
-13842.380156383413
-7384.1787562307245
-4932.588049897882
-4093.421954610486
-3660.850847588117
-3415.6578436275536
-3412.070872891983
-3447.370539049086
-3466.3230564655983
-3402.9623028533833
-3308.9955062927593
-3264.7221884049222
-3206.238375876817
-3202.7885727171247
-3206.050015098718
-3149.622088499225
-3105.54075882618
-3099.4171453877098
-3039.121060175174
-3036.166884005802
-3022.667974468891
-2997.412253471938
-3044.898524737958
-3003.936265329955
-3018.250541741782
-2983.166043143926
-3033.9223014915365
-3001.0268822670578
-2986.331891590474
-3008.3070426769946
-2989.83061715279
-2971.0581046555226
-3008.8040338310916
-3011.5079186192256
-3007.0107654532826
-2983.3876650302836
-2955.453382892618
-2974.908971215075
-2981.8055523411545
-2949.017619154203
-2984.4334407887463
-2985.907330508741
-2978.8416724515528
