-8810.10917783124
-5401.992466017901
-3781.182723039751
-3131.9591318216835
-2522.744974530467
-1969.84377617867
-1915.9595326017966
-1958.9191437405661
-1962.5548663716868
-1931.1114280943561
-1897.5889292245513
-1851.3519656687927
-1790.9556931593888
-1775.1532739024963
-1761.929793455164
-1693.9479366484873
-1676.8631536714518
-1657.834977732257
-1652.2366216038613
-1590.5285923766253
-1553.4231598189438
-1549.476984885989
-1530.8484888018354
-1506.1336910503644
-1489.7216558306295
-1462.7569740720337
-1438.9979041010833
-1455.467579542807
-1417.155462319144
-1455.8321462728086
-1422.7742293636425
-1455.1505268685019
-1431.2918764247147
-1465.0984606727675
-1465.4390334140153
-1442.74919376315
-1463.8947211625973
-1445.0883405362583
-1432.3615325038722
-1459.1852990417742
-1470.571736560418
-1454.4316762866454
-1447.5013097684841
-1422.253037861548
-1428.5979492860083
-1439.7931415393186
-1421.6032789406288
-1443.7370771932688
-1441.7356482216323
-1437.1885920799346
