-8810.10917783124
-16168.662189508625
-2916.607302049474
-2710.5090778625613
-2344.122846212154
-21202.820951297123
-28417.15097503006
-27520.713137438986
-29069.25129667555
-26593.65342426302
-29689.68902902872
-28686.218270760968
-17919.09885998574
-22193.803756627363
-35310.701618831314
-37581.60921388811
-37665.266056072054
-37472.12486073982
-37587.48322864068
-37455.81831658418
-37523.85601080348
-37587.934405882894
-37516.90835545187
-37237.07419290924
-37049.36882659928
-36257.10025745649
-33404.7083139233
-25563.1714630351
-15097.23871019763
-14146.719493460532
-11056.137275235198
-7116.244786076762
-5974.893430944773
-5814.766234704342
-5323.889485417353
-4295.329745711543
-3946.9871269834016
-3678.8219945007027
-3807.677755980184
-2885.1297924517808
-2330.3263150303947
-1923.0406838241754
-1913.675586602522
-1791.0670912171568
-3324.8729864427614
-7395.595362182195
-18008.127175340407
-25672.081003403782
-27926.804791177252
-31326.799974182133
