-9277.359177831235
-5454.526735744394
-4165.197102302109
-3487.6006851341467
-2900.8315730512777
-2352.039739097904
-2296.165096212085
-2336.7347705962475
-2337.8962365622388
-2298.3806190099913
-2255.5474150078103
-2224.2215637328845
-2162.908793998965
-2137.8059860158687
-2097.248534209389
-2051.2454413833566
-2047.8180022997713
-2035.1579677580764
-2001.61646884953
-1945.418062523958
-1917.9942613447242
-1912.462530972678
-1896.94756106283
-1874.2882148930335
-1870.5050457490627
-1843.1518141822721
-1829.8557127075587
-1846.8973798089123
-1815.1945794497265
-1858.4482532969876
-1823.6287464127977
-1849.0959833106995
-1816.6134558711449
-1849.4582540129582
-1839.4454017583234
-1823.053194995086
-1844.7399361760206
-1827.7884928391318
-1816.3817339505727
-1849.4794172363813
-1861.7140718572887
-1851.7423111227422
-1842.286425525487
-1821.158107891899
-1834.7367771275945
-1841.486570696173
-1821.1318794051688
-1844.0711293202062
-1842.3892513250407
-1830.8194649718014
