-10679.107421874998
-25471.17578125
-34318.11328125
-37643.3984375
-39285.625
-40155.6640625
-40584.234375
-39563.234375
-37061.6640625
-35758.9921875
-34005.85546875
-32821.1953125
-31993.509765625
-30741.146484375
-30002.02734375
-29258.66015625
-28958.806640625
-28945.29296875
-28691.490234375
-28722.46875
-28346.95703125
-28251.16015625
-28257.81640625
-28154.671875
-28100.21484375
-28069.224609375
-28169.130859375
-28304.337890625
-28586.552734375
-29366.134765625
-29868.53125
-30161.82421875
-30343.3125
-30497.318359375
-30743.087890625
-30950.71484375
-30993.28515625
-31142.82421875
-31090.46875
-31133.37890625
-31240.875
-31483.28515625
-31462.337890625
-31580.166015625
-31409.65625
-31671.47265625
-31719.306640625
-31616.802734375
-31827.38671875
-31726.11328125
