-10679.109177831237
-9356.08666650097
-10227.962112503348
-8078.708514041417
-6982.772147494283
-5684.918068030745
-4911.976560155961
-4237.915165979621
-3922.0841080084692
-3753.7744674021124
-3613.623020751614
-3518.810299829357
-3439.827307178057
-3354.3273650788665
-3300.894262256971
-3269.5686028801742
-3242.29195096105
-3174.269749075799
-3166.3311941794236
-3119.301641039374
-3104.997223624761
-3097.6846356761134
-3066.6616762132794
-3032.8720746981153
-3046.4658974458557
-3001.3096934091773
-2999.2340713214394
-2997.2470253059137
-2970.8546722562687
-3020.304250551018
-2978.4856748865213
-2988.340618072227
-2953.49248262725
-3002.1838156226017
-2961.3648732323845
-2959.951413352484
-2974.059963186895
-2956.05574944766
-2939.603589731426
-2978.017471756518
-2980.2506075146457
-2975.67497932047
-2954.866044627352
-2927.624282699181
-2951.844862316709
-2954.902947645442
-2918.098310089662
-2954.63934318008
-2953.0540589415614
-2947.4010587526645
