-9277.359177831235
-5454.586301774524
-3579.602091318605
-2884.0772577394337
-2344.000846304177
-2312.908345649737
-2292.4588013382304
-2168.9771994469543
-2128.2542907448833
-2120.2532408329926
-2106.8716352874844
-2093.464527615171
-2014.9100047845736
-1962.7220781406518
-1939.4469429417488
-1902.1209974103217
-1889.564446197831
-1851.383631611888
-1856.1966964900662
-1839.9834574849112
-1837.4541286508859
-1837.3500092129275
-1826.376798266589
-1813.5069157928829
-1824.1566052854698
-1812.19958365996
-1807.3384364760464
-1829.6554453909062
-1800.7162544118528
-1845.2097555616608
-1811.8211270618951
-1835.945032683525
-1804.841594070064
-1839.0561111323982
-1830.256923218023
-1817.3017981591438
-1842.096523843985
-1826.5401393143638
-1814.0632004099775
-1847.9386451751263
-1855.0163916366364
-1847.4304603553694
-1835.0723892148822
-1808.0813476082726
-1819.0990583072712
-1830.220362016608
-1807.3068066538822
-1829.9752571013807
-1825.5571190440637
-1817.1789357595383
