-9277.359177831235
-4131.04091949645
-2237.851370024434
-2434.7870882592347
-2465.214453640858
-2166.1281828678084
-2102.7366364139593
-2059.0161207874053
-2029.0017066271212
-1954.4629908753213
-1917.949780274227
-1958.5908027585642
-1943.009656822286
-1998.029714929497
-1933.200938054705
-1907.796791305854
-1890.5364981964726
-1900.5450091114212
-1948.2048472309802
-1993.7016020094864
-2147.0880400543924
-2338.196709431868
-2431.3873098942418
-2734.349810505656
-2766.053811961684
-2775.220989550159
-2698.4452179284576
-2163.711403744396
-2118.726152334023
-2088.8667078233134
-2031.2019725566438
-2038.0151487795206
-1970.413834414124
-1986.9709456353885
-1952.0532286814155
-2040.3385214276743
-2130.2642403998025
-2109.102971107006
-2019.021661655955
-2046.5066505565385
-1953.9810804920344
-1924.4510194069048
-1904.7906564311675
-1892.4383813675813
-1913.39294102227
-1952.768920309781
-2098.6767267800483
-2128.906117769291
-2026.609001983887
-1969.5173841079056
