-8810.10917783124
-6270.613735971782
-4898.942910178125
-4242.500525921523
-3492.3090099047267
-2756.0309189584405
-2432.1975233344406
-2168.463584609918
-2063.2575659087897
-2029.9979593625376
-1982.5188421177013
-1957.332355089174
-1884.294934906379
-1829.1635826927916
-1774.8062530851748
-1724.1925506897242
-1719.8551444550387
-1665.8035554819974
-1655.7942916574634
-1629.096419325168
-1593.2611330979028
-1568.5626431523788
-1535.1280557356354
-1516.403433849955
-1518.2607424922724
-1494.5968281005803
-1472.7208202889947
-1492.0199644638346
-1451.5384043205572
-1487.2265421429559
-1448.3620224307056
-1470.996840017735
-1437.4394405538492
-1461.146136317174
-1445.5770431447954
-1427.6622979083577
-1450.9092240607022
-1431.0476725412332
-1419.801266472346
-1443.1277104745916
-1452.5510541875599
-1433.9251575985154
-1426.4224278076351
-1400.6622332220056
-1406.3424143360867
-1415.2954402379567
-1396.3259233384529
-1417.0358381309711
-1413.423353472683
-1403.7118616908278
