-10679.109177831237
-9607.276985065106
-10036.016144646288
-9802.513425930088
-8648.908278949673
-6700.9589139116315
-5332.972634838541
-4567.02466147583
-4068.223580880071
-4018.9107451820264
-3723.2989225006886
-3450.109641396294
-3158.333382778651
-3052.195408448339
-2962.745713244597
-2892.998585888659
-2833.9680370837523
-2702.639053024968
-2681.302510649481
-2646.477170219348
-2589.422945511211
-2607.734098949564
-2563.471780557598
-2533.7242554348463
-2529.226462400678
-2498.808588350511
-2442.462641112698
-2479.890440693208
-2439.2522510100903
-2474.079250036847
-2440.6613440400542
-2433.7834851998236
-2402.2221829501755
-2442.500955319282
-2401.1218531506224
-2390.247058736746
-2410.096918926831
-2391.458759889264
-2385.8707109245775
-2431.047735110598
-2449.601991023011
-2428.7378872429717
-2401.25553810411
-2360.0111863295715
-2370.7533260672553
-2394.7425996650945
-2381.2759661322193
-2393.3457528706167
-2388.156540827359
-2383.874081805082
