-8810.10917783124
-5282.102731833526
-4581.655978938481
-3902.4902516067546
-3641.8426906674104
-3013.3838616829257
-2546.9570345540606
-2215.7101319752996
-2098.7883145035166
-2017.4660921769605
-1960.9742873278738
-1916.2887246666583
-1813.6657824992303
-1769.7221236043868
-1731.0227654918876
-1670.4376142244232
-1656.181999903998
-1615.1642613554045
-1600.4529383008937
-1571.311087158775
-1548.2492085270903
-1534.9183521395428
-1509.7556152979005
-1487.9378226647436
-1491.6657630691207
-1472.3630766651595
-1453.9719370232574
-1473.5895168287368
-1435.8024435445543
-1471.9727338070202
-1431.9998239391293
-1455.7358854952895
-1421.916530718551
-1447.3289214192687
-1434.6514940191278
-1417.5337847239837
-1439.5821380918017
-1421.6387753162817
-1410.700366042181
-1435.0396653226392
-1443.7147384954244
-1426.5804788429539
-1419.95743360287
-1392.39413474074
-1398.1168496081161
-1407.7006195426422
-1389.609142204461
-1410.4864207188662
-1407.8456105584241
-1400.3573824753353
