-9277.359177831235
-21075.05973415437
-27240.678223298193
-31288.183425047966
-36439.11818306574
-39289.221145327225
-40204.809237630994
-40702.80298033869
-40944.54491923531
-41404.5674199968
-41419.50204349554
-41114.957078204345
-40619.95754951001
-39592.43576537508
-38264.07066381182
-36534.25807652293
-35494.90537754863
-32774.45778097959
-30729.79719264946
-30202.2054274411
-23895.18150759001
-18459.092968368608
-13101.23229470394
-6366.369929450035
-3155.7397104325332
-2516.394667950953
-2306.097800486951
-2312.013159067353
-2269.450549758883
-2310.6708464581734
-2285.1201407838935
-2318.41224060796
-2297.523570845641
-2335.3916624320345
-2303.2217270508127
-2276.8097087544743
-2270.978552542926
-2210.247826952841
-2162.043975750722
-2153.584159757165
-2138.8338541328794
-2109.2960081707647
-2090.988371610997
-2059.08188729739
-2061.7567299869697
-2073.527876106161
-2039.3375010132108
-2056.08793643612
-2051.5170213275132
-2052.4532668333554
