-10679.109177831237
-16168.662189508625
-4396.6809880931905
-7927.067002109608
-4397.244952308447
-4429.810531961809
-4091.3298309662446
-3847.599842399003
-3598.6425148494673
-3538.8003590546336
-3535.4170338903837
-3494.643784533797
-3493.252409034844
-3563.7123421282704
-3526.4862297562495
-3472.7270559184667
-3500.8010012576756
-3498.0766304562376
-3454.765122355345
-3397.4819014630716
-3356.047849888284
-3389.480765229711
-3396.9664622880036
-3393.119946073564
-3433.227511375548
-3432.3049185644422
-3444.2245027083927
-3459.673872017872
-3457.8804155484854
-3559.8200080314296
-3578.7073231203235
-3588.7614969611664
-3558.156774885393
-3562.758257602897
-3512.4021329848415
-3512.0567575299515
-3571.4071040143112
-3563.855622648901
-3534.6588290617583
-3558.596128096292
-3587.8476314568697
-3560.988328587054
-3537.1439313013593
-3505.1992947996187
-3522.642941054931
-3480.152699855216
-3461.0896188015663
-3480.2576184037157
-3598.0624425794585
-3625.2650615096327
