-9978.2421875
-13895.16259765625
-11166.37841796875
-12859.5322265625
-18070.70703125
-22018.095703125
-20881.44921875
-18332.75390625
-11209.525390625
-8817.04638671875
-7068.670166015625
-5842.3349609375
-4850.046142578125
-3770.2025146484375
-3172.952392578125
-2998.91259765625
-2935.5233154296875
-2908.7259521484375
-2903.5189208984375
-2895.431640625
-2918.2069091796875
-2950.09814453125
-2945.7142333984375
-2926.53564453125
-2911.1357421875
-2870.4237060546875
-2848.4833984375
-2798.977783203125
-2751.697265625
-2775.50439453125
-2738.772705078125
-2718.9893798828125
-2657.79541015625
-2677.24609375
-2625.4234619140625
-2592.2337646484375
-2570.8969116210938
-2548.9327392578125
-2510.5677490234375
-2528.3970947265625
-2515.2415161132812
-2488.88427734375
-2462.5333251953125
-2427.34619140625
-2440.118896484375
-2442.1546630859375
-2406.6651000976562
-2437.8582763671875
-2433.7719116210938
-2414.158935546875
