-10679.109177831237
-38259.25307644773
-42162.2820090716
-40379.11042399209
-32514.478204768082
-32446.16203641746
-32389.077046629372
-32424.23459893726
-35850.1389197576
-36104.46421099968
-37474.12628662893
-37546.367180316556
-37017.49636884878
-37553.545064770224
-37580.008504086945
-37581.60921388811
-37666.206988563164
-37472.12486073982
-37588.366610155164
-37474.51956879776
-37537.32430399554
-37597.35844748398
-37553.615073995104
-37529.58722220803
-37580.17275342757
-37568.1157337209
-37506.7693498534
-37530.413488570266
-37449.358149266925
-37578.108003406014
-37503.2114633632
-37656.96484763852
-37534.10628142081
-37665.241017851185
-37565.936866391006
-37429.06081208844
-37642.543734730054
-37561.35915712149
-37550.8441242304
-37644.45165785217
-37722.18031165291
-37620.540292133795
-37634.41926944929
-37493.9793478535
-37661.20740921448
-37574.89494280419
-37485.29924284809
-37652.17077377111
-37550.00392801883
-37567.821051691855
