-8810.10917783124
-4105.54091949645
-2115.1784282306276
-1888.5400488949767
-1851.5642064421331
-1912.8891720863292
-2293.1272094326937
-4452.256021212491
-6160.865656436565
-8619.976647641908
-9090.886141517612
-8375.020383946456
-9309.936746658452
-8031.6748110868475
-7521.660797930192
-7185.975987288567
-7745.8166651325755
-7685.231976670459
-6353.735367523783
-5881.688814959997
-5383.988707681965
-5172.989808536498
-5052.911752139996
-4641.653492233641
-4389.012351099321
-4015.899074079626
-3938.6251115622663
-3800.865048191851
-3614.9067574055734
-3374.5897705210527
-2945.5491766844502
-3009.7258008249282
-2446.7301003819566
-2323.877168709597
-2233.7606533474136
-2172.619932016203
-2201.695454533072
-2116.3303961771294
-2097.323381932773
-2073.3887463340793
-2047.247413866673
-2005.6341176966653
-1960.2940535064608
-1913.7105723016325
-1865.7565666853206
-1870.1650808230866
-1878.722367906353
-1857.9299262232448
-1890.7056643196393
-1873.3237190672135
