-10153.45849609375
-33098.27392578125
-42479.16015625
-42405.5546875
-42455.52734375
-42507.1484375
-42371.5078125
-42423.7109375
-42337.66015625
-42481.80078125
-42407.0546875
-42385.19921875
-42395.6015625
-42416.58984375
-42551.75
-42428.14453125
-42451.2109375
-42496.9609375
-42467.8515625
-42501.4140625
-42350.05078125
-42399.54296875
-42440.5859375
-42413.82421875
-42452.5546875
-42390.54296875
-42398.43359375
-42501.84765625
-42412.0546875
-42637.16796875
-42407.7890625
-42506.1328125
-42342.8203125
-42471.8203125
-42506.51953125
-42466.3359375
-42534.046875
-42465.3984375
-42394.0390625
-42534.53515625
-42555.09375
-42555.1015625
-42482.7109375
-42443.01953125
-42374.26171875
-42498.46484375
-42407.7109375
-42433.37890625
-42538.15625
-42404.03515625
