-10679.109177831237
-13006.150328737504
-7819.019431556572
-3880.0175347431345
-3576.359625092026
-3524.7737039049434
-3446.3596978750656
-3387.7824367402586
-3386.7578185830616
-3426.2077672036658
-3409.438827606664
-3356.0333946162855
-3300.3053553572354
-3283.8636642843426
-3257.4421151034276
-3202.9492385578496
-3190.9540328327766
-3155.4632752703724
-3147.4515098481907
-3108.438158929445
-3069.5283045563183
-3068.381855375899
-3034.8774195325686
-3000.13018601555
-3012.345979216108
-2983.572925833437
-2990.140945188077
-2983.605569629553
-2959.8271393415844
-3010.775569551103
-2974.03381510688
-2989.133374612971
-2949.150330074055
-3012.8777872052997
-2983.106177860021
-2973.912381321166
-2997.1429150657336
-2978.0622581216585
-2960.076368985706
-3003.0982551340867
-3004.354873046293
-3000.993683568618
-2977.735952140022
-2951.8296998171636
-2974.0344646769945
-2979.135466882694
-2945.6108549718924
-2982.657754175459
-2984.7809900804423
-2978.2891465794564
