-10679.109177831237
-9356.074052849113
-10178.538335141708
-8147.682939243183
-6908.53486624843
-5616.406086077053
-4858.928034084936
-4179.724051548772
-3876.9794588847885
-3716.482401641614
-3578.5163148603797
-3491.3897186196314
-3403.0263375105105
-3340.0932564064556
-3294.3500457352156
-3239.7304822463807
-3208.148832751813
-3176.0725062007778
-3159.792355202644
-3115.8994475589843
-3110.495112862328
-3089.301879712948
-3062.270902137102
-3021.359966351142
-3042.787654705812
-2998.896652366932
-3007.4630507934353
-2993.2441891165977
-2972.4250696633158
-3016.0779395526374
-2970.613731386692
-2983.848383250005
-2947.1494715822087
-2992.6026934331117
-2960.1471744396285
-2950.1570240011924
-2969.924175826763
-2948.9136658099096
-2931.465946630123
-2971.186534366393
-2970.725821691283
-2966.6718557897657
-2944.163120539998
-2916.771284581854
-2940.593407858516
-2947.0399388005267
-2907.9011593030177
-2943.266262484304
-2941.971805986592
-2935.5493422960967
