-10679.109177831237
-14287.202777315106
-6517.451508736505
-4361.958845342286
-4216.37076765661
-3690.4557739721727
-3473.0011219417815
-3458.2172928553096
-3504.29986885816
-3453.573529871434
-3387.7223078413117
-3369.200881455162
-3333.29081591062
-3313.2618186606587
-3280.9301073630168
-3233.53963640533
-3206.6829032122764
-3153.790567409948
-3121.5646595303087
-3064.272523177652
-3038.159311787236
-3032.661907860228
-3017.442925492642
-2984.0945205276394
-2991.774009725757
-2988.669240262175
-2972.3436646240752
-2978.9579522211857
-2960.383164914844
-3012.0895687359694
-2978.0139352855904
-2995.753473186721
-2962.542805765247
-3017.846362735878
-2990.2158867155185
-2979.137456864951
-3001.967964346092
-2982.3069820449123
-2962.458536259615
-3002.154892518599
-3003.7098945363173
-2999.0067069159822
-2976.1329903478722
-2949.8421989666317
-2973.6910704475313
-2979.119059361588
-2945.8207554556384
-2982.7045279392614
-2982.057446399128
-2974.374540662209
