-9277.359177831235
-21075.05973415437
-29008.877514029453
-32854.91469237634
-34798.26753846614
-37083.40008375982
-37901.54763469174
-35594.29975516385
-33404.92604852302
-31620.488795374542
-29189.897346572943
-28162.09910670698
-28052.005089076516
-28357.371138957496
-24449.21057707416
-14501.710236291468
-8946.109137033582
-7380.169522579019
-6404.889666783964
-5778.245129068651
-5139.031719076798
-4597.776868374627
-4071.977324933585
-3616.370574182822
-3271.371597688875
-3011.6078501290026
-2730.383916457492
-2626.2010534186425
-2538.3305175223854
-2582.7022493141317
-2593.74573793319
-2699.517620892732
-2754.0838728904496
-2836.424559842912
-2866.1458324579235
-2884.203798498114
-2942.903585862049
-2919.2919186180625
-2871.014934386462
-2884.447920898005
-2895.232657866011
-2834.479616502996
-2804.597431344559
-2783.5422085177893
-2812.8857516901085
-2794.698387418231
-2744.2257246150025
-2685.207006273191
-2606.5948098980894
-2581.668628559351
