-10679.109177831237
-16854.382564449574
-17408.948316891492
-13196.10169882562
-22606.418070450432
-28660.993875317617
-31105.7686973839
-31663.738915004644
-32236.25638762394
-32599.404497907486
-32443.1786517393
-31986.147281991394
-31787.232130734534
-30997.6017591138
-30952.286540482783
-29077.74373074071
-27664.479649304638
-24044.364117691985
-20223.19156264174
-17234.417842141953
-11977.954361557355
-9461.204073941692
-5357.440709814487
-3843.253745910851
-3424.7785201459956
-3335.477030669059
-3377.2672146017103
-3359.769839432286
-3374.9561213204665
-3431.2361547005275
-3384.3245076528146
-3373.7193544419956
-3319.18780117732
-3371.4496685849867
-3304.4041886649225
-3288.176244727001
-3375.3751029076752
-3417.8882008832406
-3387.594073528816
-3409.224572953835
-3424.8809547672327
-3410.696065761292
-3341.8077782901796
-3263.9321412448508
-3258.0822834589294
-3244.0598285382016
-3201.006299565088
-3233.509282461305
-3209.5577328518984
-3192.6505661912647
