-10679.109177831237
-20605.212714527872
-5719.358095865041
-7960.493399591016
-4592.745688678134
-6439.098242676811
-4890.257729424293
-3913.820287356554
-3783.0212080627716
-4617.056647702666
-4108.8612183637215
-4230.827568980953
-3579.4288132260544
-3583.457892053123
-3597.5759201916926
-3582.7842521647
-3576.602595231327
-3548.3267980288024
-3582.6433523209416
-3574.1973034601506
-3612.411469708963
-3651.561742307423
-4056.3668068433753
-4402.105129349192
-3560.985510178597
-3726.798332124389
-4138.553239984447
-6654.645349718939
-6314.187592135188
-6736.749792044697
-8904.93316541179
-10720.94425875354
-10687.709451072533
-6184.373210407398
-6277.579992704547
-4137.120431062173
-4020.697069915018
-4099.943288045995
-4033.056125683174
-3979.190319579433
-3919.269700041458
-3839.1418544261023
-3756.4638167118765
-3711.0342581987547
-3688.93926906418
-3657.1483073193717
-3563.3797880978696
-3611.1429878539784
-3622.952898785051
-3647.9426957313253
