-10679.107421874998
-38259.30078125
-42162.28125
-40379.1328125
-32514.52734375
-32446.177734375
-32389.03515625
-32424.203125
-35850.109375
-36104.421875
-37474.1015625
-37546.3125
-37017.4453125
-37553.49609375
-37579.94921875
-37581.5546875
-37666.1484375
-37472.0703125
-37588.3046875
-37474.4609375
-37537.2734375
-37597.3046875
-37553.56640625
-37529.5234375
-37580.109375
-37568.05859375
-37506.71484375
-37530.35546875
-37449.29296875
-37578.05859375
-37503.1484375
-37656.9140625
-37534.046875
-37665.1796875
-37565.8828125
-37428.9921875
-37642.4921875
-37561.296875
-37550.77734375
-37644.390625
-37722.12109375
-37620.4765625
-37634.35546875
-37493.91796875
-37661.1484375
-37574.8359375
-37485.23828125
-37652.10546875
-37549.94921875
-37567.765625
