-9978.2421875
-26459.15625
-31208.583984375
-31809.87890625
-30160.380859375
-29183.9921875
-28195.8173828125
-28028.810546875
-31164.130859375
-31921.42578125
-31917.712890625
-31829.91796875
-31832.884765625
-31853.384765625
-31925.115234375
-31825.849609375
-31761.150390625
-31989.53125
-31854.947265625
-31986.1826171875
-31816.1767578125
-31793.029296875
-31863.73046875
-31859.78515625
-31844.87890625
-31804.759765625
-31876.634765625
-31940.982421875
-31933.91796875
-31993.5625
-31891.59765625
-31812.275390625
-31800.68359375
-31778.974609375
-31900.728515625
-32011.265625
-31846.40234375
-31875.1875
-31830.30859375
-31854.72265625
-31787.744140625
-31891.66015625
-31815.15234375
-31911.08984375
-31700.83203125
-31886.744140625
-31908.412109375
-31762.537109375
-31945.287109375
-31754.44140625
