-9277.359177831235
-4132.562098172374
-2218.121247342913
-2579.0425521842963
-3074.966791995924
-3084.0957835381964
-2635.29042633607
-2793.4137170766426
-3002.2875983021595
-3390.0023208905577
-4803.8364026987465
-9772.58588844691
-12706.078554843789
-13596.84597080205
-16188.339632393787
-19807.143410850575
-21715.445567265637
-23931.49834428774
-23581.1164883355
-24289.712139954238
-19714.454851068753
-18577.77996121985
-18211.27528594921
-19880.489410395872
-17661.7823293144
-18333.137734288866
-16655.86345199153
-15199.114395328937
-13709.899639492583
-13541.793540553637
-12838.977379328386
-11502.14621844531
-10273.939268232181
-8849.099594022107
-6632.746400519894
-5817.737494513394
-5000.855814184901
-4820.447676604183
-4634.861909481514
-4464.845816909498
-4359.33015941005
-4379.274294450384
-4293.457364402203
-4159.650143170469
-4001.3001621989615
-3864.1903849261644
-3677.9230597996743
-3680.898246390898
-3641.7758183480173
-3499.4232241499035
