-9277.359177831235
-6300.602731833538
-5955.655978938484
-4922.490251606746
-4427.842690667402
-3630.63386168293
-3098.2070345540606
-2705.4601319752974
-2545.038314503513
-2446.4660921769614
-2368.974287327869
-2313.038724666662
-2214.165782499237
-2161.22212360439
-2122.5227654918863
-2065.6876142244246
-2046.9319999039967
-2005.1642613553988
-1989.702938300891
-1956.0610871587778
-1935.9992085270865
-1924.9183521395432
-1898.255615297904
-1873.4378226647427
-1880.1657630691182
-1854.8630766651609
-1841.721937023256
-1853.8395168287352
-1819.8024435445532
-1858.9727338070184
-1817.4998239391275
-1837.4858854952865
-1804.416530718551
-1834.3289214192664
-1815.6514940191287
-1800.7837847239778
-1822.8321380917998
-1803.3887753162853
-1790.9503660421801
-1819.0396653226453
-1825.4647384954326
-1812.080478842953
-1800.957433602864
-1773.3941347407406
-1783.6168496081186
-1792.450619542636
-1769.109142204461
-1793.736420718865
-1791.84561055843
-1784.3573824753307
