-8810.10917783124
-10424.96175019004
-13510.978770929776
-17887.271002590518
-25910.609227289227
-30019.9541371391
-31724.54726591822
-32045.004813575943
-32785.70256397202
-33420.467290848224
-33515.03716635004
-33315.94259258817
-32887.381266137505
-31956.582626337196
-31387.2158626502
-30287.422987388203
-29873.80225769151
-26624.9756131556
-23475.528256764235
-20331.93174225504
-15248.73911728511
-10756.10292397592
-5094.603285156432
-3154.8283546390776
-2308.3081778239994
-1968.9728131712502
-1929.1448223950913
-1950.708143929165
-1915.4494843489374
-1927.6199971318354
-1912.7665550360066
-1960.784074712735
-1955.560581424487
-2002.7624874339824
-1961.778318490216
-1906.6165104894822
-1885.1010578063706
-1815.0921743527338
-1793.9565208024032
-1795.7826608211515
-1784.9578920889423
-1737.1665771126522
-1719.8815944629428
-1677.5844544115891
-1678.5617777141226
-1678.180784199069
-1654.785423538231
-1662.1473973674215
-1625.9054938408885
-1585.8450213512397
