-9277.359177831235
-7259.770070925477
-6306.324292424832
-5499.989508443885
-4416.029430840043
-3396.882106127312
-2976.0887427842526
-2642.2771388740066
-2504.9832444869753
-2457.7373057026143
-2394.484995598377
-2341.949192322509
-2282.030667607164
-2229.2125890922925
-2169.887898289823
-2112.651313212632
-2105.179364442856
-2047.7434585624947
-2035.5319198401562
-2006.905116274795
-1974.4505061881107
-1952.3716964417679
-1914.8573400422697
-1892.7576156732753
-1898.272257060229
-1867.868725793072
-1855.1388753002564
-1868.2097761985297
-1833.6363384582223
-1872.4110639208789
-1831.172166111112
-1849.8970626774585
-1816.1914820431496
-1845.376541453512
-1825.7360714050362
-1810.281954141917
-1834.3357532443642
-1813.5903775559068
-1801.1566560864594
-1828.3579521941556
-1834.8300583408814
-1819.6946796823297
-1807.9467810036742
-1780.4091115660067
-1790.3003734035494
-1797.9795988430615
-1774.569466287857
-1799.3617121372258
-1795.746072279281
-1787.0875188411585
