-10679.109177831237
-9356.078798278733
-10077.620244570575
-7982.465004104965
-6782.78560667593
-5488.5596836563
-4757.220481116837
-4181.666458520107
-3886.8798238784025
-3739.5377770691143
-3598.8015782000707
-3506.8478306103802
-3418.7881557453447
-3337.1834527123297
-3295.1002087291113
-3252.4801815549545
-3218.236648802601
-3171.529179148406
-3152.7669093606223
-3099.1911109735624
-3097.7112903867715
-3094.813233066106
-3065.8136560253474
-3025.804147523063
-3038.8135144999487
-3001.1055026034837
-3000.4953979714587
-2993.3821159300214
-2969.3800901940645
-3015.115615958275
-2972.664900989546
-2981.104008946497
-2945.3786987741637
-2994.0268637553872
-2954.6434078134853
-2948.840680737619
-2968.846136290586
-2947.2488886912465
-2929.732846515418
-2968.9630559552343
-2968.931592532862
-2964.445047709445
-2941.9629286996114
-2916.5666904844657
-2939.6365781941495
-2943.4704104404836
-2906.5634856087954
-2942.2914111942414
-2940.712864538826
-2932.1322423255942
