-9277.359177831235
-24923.60084684394
-32376.039967201068
-34940.99508732352
-35697.822495866596
-36121.551313622986
-35968.32504602782
-35719.45135844479
-35274.67950258557
-35546.645829197354
-35042.46804886498
-34235.46644511484
-33921.04663928492
-33887.546588855075
-35401.1848713566
-36593.65304529964
-38046.96452292339
-37696.912374332984
-36961.771020385706
-36497.30067214102
-35120.13814142449
-33766.39677104935
-32603.162428615655
-29106.632259684044
-25161.964928945097
-21169.94466672316
-17535.128240022845
-15616.051627645074
-13006.826808221755
-11732.932975175148
-6997.5940047791155
-4591.260324847169
-3829.2690771616712
-3470.57383586676
-3043.192201746013
-2818.67300793666
-2906.638934771148
-2772.6918024797374
-2291.5917373352227
-2268.4102456677015
-2327.3479871467407
-2358.63734765055
-2378.3684630592747
-2340.8479042767112
-2331.884495182191
-2301.597780167498
-2185.1515191787644
-2148.1573589487234
-2112.6716790311957
-2077.747738626964
