-10679.109177831237
-9763.580457312954
-9067.12901176287
-7267.840435508243
-6363.516656028699
-5058.753629996403
-4438.773474587297
-4018.675633978755
-3788.2060133253217
-3725.611003085481
-3606.022007880017
-3527.015951093175
-3460.814898455594
-3388.2894618965956
-3337.2432163605254
-3298.1075848343085
-3270.8042636414757
-3217.387154948092
-3207.6787494070377
-3162.2375410356317
-3137.55203698335
-3124.0104091163294
-3082.342487058435
-3045.797796626791
-3062.7679129552334
-3018.4938771871766
-3021.9931867117275
-3007.6008478228787
-2985.3223377718746
-3029.887619277991
-2987.2266830461003
-2994.8488328538624
-2962.317618487151
-3006.3491895192137
-2968.3106327911187
-2959.3107495424674
-2981.4391581245886
-2956.318961446713
-2939.2577214064286
-2977.529584251959
-2977.61546200222
-2971.8505549335314
-2949.151935355389
-2921.8140178864046
-2944.9196286314377
-2951.2192385737494
-2911.4819799231527
-2947.288726036865
-2946.054742468095
-2939.611523337464
