-9277.359177831235
-5454.547646486927
-4178.587873287272
-3131.286561815532
-2498.1101564919627
-2265.8842398135466
-2335.3082725020186
-2323.071672885046
-2298.9326727683083
-2204.595893466378
-2138.31012449862
-2122.377555634398
-2082.029445726329
-2098.1404406657557
-2105.7968536307003
-2063.8953436980782
-2033.8178324967853
-2003.6941141444172
-1981.9600897342402
-1928.611431066168
-1886.114937316774
-1880.8379058067192
-1863.9870056429804
-1847.7341895244706
-1848.671430867235
-1828.6263273694021
-1818.4886035639465
-1835.2993399351406
-1804.669961443898
-1849.8277966836463
-1817.021049530575
-1842.8438816993062
-1814.7706243687614
-1848.6128254798944
-1838.409710542317
-1824.4865660109322
-1856.22069477974
-1838.5188465561794
-1824.5631250704687
-1854.9372734527442
-1860.987351583623
-1850.7861423118125
-1838.959595875768
-1812.0324254921718
-1821.402458300002
-1830.058943399239
-1806.9938237500785
-1831.052960116373
-1828.809684544179
-1822.309949680329
