-9277.359177831235
-4129.221750257948
-2495.3604481175075
-2273.9775519701016
-2222.294328008976
-2301.1921527400964
-2349.2569801046347
-2450.448229968493
-2815.2954633041622
-3487.6441033885903
-3455.5472131815877
-3127.4764445519095
-3021.362725472067
-2965.3997209593153
-3215.759453364569
-2818.1614061005976
-2804.412501288377
-2725.9480007326074
-2499.619003124354
-2483.0126442549654
-2531.804679138533
-2570.453381883025
-2575.4994120478586
-2551.676499881198
-2623.3904506911394
-2812.011373332192
-2961.75587329353
-3115.9616986614155
-3525.578856879464
-3903.7444733825023
-4052.295319610154
-3828.682635350666
-3387.995047107345
-2893.8794679861085
-2611.0406902906884
-2505.656969760255
-2483.727719376072
-2448.589248127169
-2422.6171579450533
-2451.4589961122783
-2442.248756803883
-2425.278043124259
-2459.108880925455
-2466.1277684242696
-2461.863636189821
-2456.5184159653095
-2409.4745410134287
-2404.551493976588
-2418.4515588228123
-2468.471060155031
