-9277.359177831235
-23925.422161677758
-4885.424172255646
-5288.863226816915
-3750.4000383052626
-2894.3772132736767
-2786.39272509746
-2359.7548018958996
-2350.4671657962544
-2342.29701422175
-2300.3049945692046
-2299.987731545091
-2324.7058393791053
-2320.0254529853846
-2518.5089104076574
-2559.7373553163347
-2500.8980430103893
-2580.0672474262665
-2724.0856376547717
-2757.089255418875
-2704.7484587764693
-2702.9768678586124
-2618.878166666392
-2545.8841130822143
-2532.245762016782
-2520.3072093161036
-2457.4382026099656
-2380.681016909235
-2298.849050137759
-2300.3068081058805
-2264.370771139795
-2257.605663972097
-2197.7166135965863
-2228.386467567051
-2243.4895584132037
-2260.944144165539
-2272.5105783365607
-2247.892513402048
-2219.8245874892064
-2215.9531506925678
-2197.1967257979386
-2166.287969631081
-2140.2001282145957
-2120.6687031032443
-2147.6303219961383
-2144.5957565620797
-2101.226867340746
-2129.9822430184654
-2178.746420390281
-2232.8838487059943
