-8810.10917783124
-23925.422161677758
-12890.438735833412
-19208.244054684183
-22083.41823846302
-31917.704408377023
-12006.321955405117
-3060.017477697957
-3490.688915821771
-4934.187357075829
-7004.16216936336
-7590.081862593905
-7780.2667028730375
-7829.4364378768005
-8115.292885513147
-8016.600028736924
-8317.559434283628
-7530.847250329214
-7735.162141052315
-7910.99806942334
-8244.77299513917
-8233.221560949223
-8442.803881023927
-8845.420219717871
-9031.996237427022
-7942.455283496664
-7513.723616927722
-7700.760911013764
-7777.0069910500515
-7465.916151838736
-6939.2119851753905
-6434.379338905611
-5987.78374138194
-5880.62302656774
-5853.502764312862
-5817.293535554834
-5799.100077635447
-5689.44409991184
-5416.841004703745
-5293.663031678503
-4962.859740576172
-4130.3015408545525
-3595.856223448176
-2041.3896597148105
-2006.0370857259586
-1923.2684696470842
-1905.587261076053
-1930.684561978799
-1914.7263978936026
-1901.778433439637
