-9277.359177831235
-26459.160451392418
-31208.55224255899
-31809.86314272908
-30160.370753268548
-29184.007415688313
-28195.836632185925
-28028.828263920725
-31164.17094376978
-31921.479447038546
-31917.761012649386
-31829.982579914235
-31832.94845765014
-31853.45131745244
-31925.161652783456
-31825.90919447298
-31761.208508316853
-31989.590613232263
-31855.006556633558
-31986.249393971542
-31816.237795658126
-31793.091599050495
-31863.790195041336
-31859.839609847597
-31844.938203143287
-31804.81614338964
-31876.700386149583
-31941.043741982918
-31933.9789822124
-31993.61730073364
-31891.658607274974
-31812.333909312245
-31800.75062377775
-31779.03927790589
-31900.790414386352
-32011.333105971476
-31846.46328327335
-31875.254156755727
-31830.375930577407
-31854.79012571382
-31787.80871342629
-31891.721490554
-31815.208263370918
-31911.14784366423
-31700.895362639665
-31886.805272174865
-31908.474220299056
-31762.59663314357
-31945.346441001144
-31754.502777219033
