-9277.359177831235
-5454.547646486927
-4165.203811620428
-3487.5919458426424
-2900.804130840269
-2352.007846739727
-2296.5058616250835
-2334.6918310985193
-2340.892075456765
-2301.688716302045
-2265.1371706123805
-2237.9069734678756
-2190.799086562769
-2175.5721478933538
-2153.5648854517062
-2096.07635498026
-2075.4026152286383
-2038.7474348026203
-2022.043201328862
-1948.718773966009
-1893.8912068288987
-1882.1529091175594
-1868.391605377473
-1847.1698568700565
-1848.467648731254
-1823.0993874242383
-1812.0648251264913
-1828.4255110739014
-1800.4020520289785
-1844.3416305196438
-1813.2809068951706
-1841.3496941802218
-1812.4513712440105
-1845.1687543531248
-1839.2483562468556
-1823.109080117177
-1846.0149256434004
-1826.8156805360522
-1812.3100757559394
-1842.1479170281941
-1848.8471125121837
-1837.9796031805085
-1827.7295795319321
-1801.9041416643117
-1810.6988860326996
-1821.9165266354187
-1800.7025662891897
-1829.4388074673327
-1830.742386551021
-1827.4813356463703
