-9978.2421875
-9521.47900390625
-3044.1021728515625
-3793.061279296875
-3161.056640625
-3259.9901123046875
-3392.449951171875
-3427.911865234375
-3477.5623779296875
-3482.087890625
-3399.922607421875
-3514.09765625
-3582.6256103515625
-3608.44091796875
-3615.58251953125
-3625.6025390625
-3718.335693359375
-3875.321533203125
-3805.580810546875
-3718.5130615234375
-3617.03662109375
-3583.0252685546875
-3714.5762939453125
-3636.2115478515625
-3479.1422119140625
-3416.7725830078125
-3329.060302734375
-3326.38818359375
-3279.1787109375
-3263.207275390625
-3219.9449462890625
-3229.2333984375
-3153.6522216796875
-3153.746337890625
-3144.8033447265625
-3141.11376953125
-3098.5250244140625
-3068.6962890625
-3049.063232421875
-3053.3359375
-3049.3179931640625
-3053.733642578125
-3045.297119140625
-3020.7025146484375
-3003.956298828125
-3011.122802734375
-2987.62841796875
-2964.525146484375
-2985.9708251953125
-2942.0606689453125
