-9978.2421875
-23925.423828125
-25793.791015625
-32077.53515625
-36783.0
-29936.974609375
-28459.734375
-28206.1474609375
-28068.119140625
-28625.384765625
-28947.27734375
-29407.208984375
-29555.4423828125
-28554.6904296875
-28180.787109375
-28350.1630859375
-28700.5888671875
-29510.2060546875
-28889.29296875
-28628.27734375
-28240.11328125
-28276.478515625
-28313.9140625
-28595.3046875
-28450.04296875
-28310.546875
-28611.81640625
-28261.697265625
-28109.7734375
-28307.015625
-28265.3125
-28751.77734375
-29292.646484375
-31590.888671875
-31900.455078125
-32011.267578125
-31846.3994140625
-31875.185546875
-31830.30859375
-31854.7236328125
-31787.7421875
-31891.66015625
-31815.1494140625
-31911.0869140625
-31700.828125
-31886.7421875
-31908.4140625
-31762.53125
-31945.28125
-31754.4375
