-10679.109177831237
-4205.72175025795
-3506.778872141263
-3661.5674323063076
-3755.82800757273
-3562.5719564750784
-3558.149325909525
-3458.330209401823
-3378.3235335811464
-3366.244818328671
-3294.498493689829
-3292.391960130403
-3209.1633734566312
-3215.8440442162037
-3245.4080653370993
-3222.381139169068
-3220.185061231217
-3165.0342266799335
-3169.437803037453
-3124.702872491059
-3111.6725115104355
-3112.099368024351
-3107.5462158365626
-3086.824723970823
-3105.616134184712
-3100.0502031907386
-3154.7391778669
-3156.10901139854
-3145.9712071360855
-3181.454655262464
-3135.123523806818
-3121.6488679197055
-3083.2296899770586
-3115.2489028393284
-3068.0462082456097
-3046.853554806626
-3056.4935781692357
-3037.080767325579
-3035.2539709659964
-3077.685538338491
-3071.654492845743
-3038.1703081118035
-3022.518877510619
-3013.969099220373
-3176.7608480701215
-2526.7780176708925
-2543.141662517792
-2727.307703729527
-2905.5024762409657
-3028.054661878401
