-9277.359177831235
-19287.547250696254
-23040.465861380835
-25524.240436231754
-28947.992422725038
-30794.352395936912
-31218.365023210772
-30840.500891486492
-31276.354085173098
-31737.45316790704
-31535.960715893598
-30763.687936438153
-29564.82270437979
-25892.643197252404
-21986.291662664466
-16926.08144446737
-13735.424127637245
-6365.720644471659
-4878.164681523633
-3967.4586802503204
-3298.0469526075262
-2839.6129324130034
-2716.2413419939235
-2790.3033620305264
-2932.8508965799642
-2758.8153645971183
-2510.925243470453
-2391.5726782570887
-2289.3645833507658
-2273.8540007936176
-2247.859795188359
-2278.708315216715
-2262.410597967616
-2342.1993413619603
-2351.723759853204
-2368.7162508940974
-2441.9679182009772
-2486.612284936607
-2545.113514299087
-2664.8377350440433
-2814.1352302934183
-2974.1416144554864
-3331.3289824085077
-3227.9049678820575
-3251.2221279384403
-3045.655375251544
-2878.8590308149683
-2834.1867495982597
-2757.4427242383067
-2684.9078639841205
