-8810.10917783124
-10424.96175019004
-2974.2045457000445
-2085.320324681731
-2005.861936283627
-1947.6793422558835
-1835.044922163995
-1840.9588259331717
-1813.2610411818082
-1728.2650709571703
-1724.5751468293718
-1706.2185052212415
-1631.2744146272496
-1579.1440715766134
-1546.5397963259954
-1512.9588458652374
-1507.277338220037
-1480.4514905248902
-1482.7176633593924
-1456.2090449862644
-1444.2982121176308
-1442.4289718373734
-1443.3115878749406
-1438.1575896016675
-1445.7311251073243
-1440.179255240313
-1428.490231332214
-1455.4436748826463
-1418.3345676713943
-1458.1219754199908
-1425.3185404526214
-1453.381657244467
-1423.6305909753657
-1451.188576423178
-1446.4399210586748
-1430.0808068061715
-1455.5944663830724
-1439.5632137954324
-1428.7628486149363
-1457.5698671190362
-1471.175381645968
-1460.1999555514353
-1454.1405209878078
-1429.1505699496256
-1433.8554031854123
-1447.0131655727218
-1428.8852134426143
-1445.3632485840253
-1441.6713739546917
-1433.7714507783926
