-10679.109177831237
-4206.042198469312
-3380.859794049652
-3466.1187054343163
-3523.5314238042492
-3685.1027297854234
-3243.5384274004373
-3216.7663431743067
-3207.989329597586
-3076.939724386064
-3179.444784545768
-3257.627728354294
-3278.495016810152
-3214.6273356996217
-3243.555599910711
-3263.260716574712
-3265.475885294184
-3166.8272435878853
-3384.5712290548627
-3318.495648983468
-3289.8819035921997
-3185.16108868803
-3228.580750316543
-3207.410187607945
-3258.5768939153872
-3252.582995245044
-3306.1050143219572
-3313.812610448125
-3309.4129102886573
-3375.831911662229
-3342.813896752973
-3365.109796741951
-3333.06872892189
-3369.1581723694776
-3333.475344216475
-3325.334813205368
-3335.2262750894124
-3336.449459893024
-3306.4516522659105
-3352.744718361579
-3392.9145770040063
-3408.18690721413
-3397.6171969369598
-3431.8365688180616
-4017.808942981538
-3471.119713226154
-3476.7250891355297
-3617.576821715972
-3610.612296834823
-3422.9720243662355
