-9277.359177831235
-38259.25307644773
-42012.33439105836
-42405.59287720309
-41912.52350626647
-32814.61418680263
-31122.38587859818
-31592.718475985643
-32680.771120025387
-32912.708093562964
-32508.521362876752
-32600.73678068815
-33095.61190727301
-34069.04474027532
-36076.347439193225
-37246.25649206554
-37327.403642310455
-37407.46805522432
-37561.68533680519
-37305.20619810776
-37316.3700848892
-37330.73643409725
-37322.28149143496
-37397.57765954084
-37536.40798419408
-37517.540925715555
-37454.489707132736
-37477.95758355936
-37387.65502878517
-37438.12127890835
-37315.31925731756
-37456.79071159254
-37135.30430225912
-37077.70879645551
-36736.004404748615
-36327.76761819879
-36136.35178794634
-36070.68918834369
-36226.497563883895
-34266.34771331494
-33610.8582851769
-33177.881126498156
-32892.24741438309
-32410.659016593832
-33603.076485825266
-35161.00439782676
-39145.7156186541
-42041.300110403696
-41643.92160004523
-42404.09144576285
