-9277.359177831235
-16116.40000251505
-22504.756498151954
-30439.837515222822
-32662.208428999536
-33196.20015224525
-33270.16845277934
-33773.36586863796
-34845.24090028608
-35302.50892352623
-34975.41791019298
-34610.69155316519
-33976.82934896265
-33495.81666463249
-32751.044391854248
-32500.805177919967
-32847.18235709955
-33670.85284500706
-33770.93333773895
-33714.71667961044
-33578.961720912666
-32861.44789457217
-28467.174068766297
-17509.410404454604
-7438.923078435115
-5055.567899988377
-3632.5417916203755
-2959.881409554392
-2573.723263118504
-2492.141056077985
-2421.3864212169906
-2444.4034760987565
-2389.5581888353317
-2378.755719947538
-2340.2511351430467
-2316.6944457875525
-2299.0153039779225
-2276.9974197995607
-2243.5030120358324
-2249.3968373862335
-2252.8005523630936
-2211.597365186691
-2164.2976827406064
-2129.452573749003
-2105.5700091541958
-2108.7248596835434
-2070.1716647825133
-2095.7493114713893
-2104.8944586255025
-2075.220725828904
