-8810.10917783124
-13859.536568618933
-3044.6902897196555
-2573.3729491629006
-2253.9381657593394
-1966.8061059307354
-1942.4565647773907
-1925.794780065148
-1934.6287881025396
-1884.3479249911757
-1850.6525541759645
-1803.655661608444
-1757.8417166746062
-1731.6322082522106
-1689.8603360360917
-1624.8350074399189
-1584.5096640876168
-1531.0289031248367
-1521.2022555828619
-1486.9948630164395
-1461.8350104315145
-1461.3689490942156
-1452.4707004149773
-1446.5392096256646
-1452.2536775647045
-1445.987644146823
-1433.2905709655724
-1459.5672051946142
-1426.5438907587643
-1469.8821665399441
-1440.6141274164472
-1469.570387257798
-1445.9862919810625
-1472.4275297841455
-1465.699094053419
-1446.6603573221198
-1468.8254667199449
-1445.9967199111318
-1434.2279860721824
-1461.5262326050176
-1471.1705320784563
-1457.2294354699009
-1449.5268230472377
-1422.528766442457
-1426.9076242759884
-1439.900682624359
-1425.9496935314878
-1446.6376579774956
-1443.3812926494934
-1438.320705432149
