-8810.10917783124
-38259.25307644773
-41889.705884642055
-42389.64817565235
-42453.13246243688
-40300.667308034084
-32530.771833939612
-32389.623560635868
-33411.81639208826
-33612.57999576587
-35374.125607031354
-36918.89115013108
-35716.235059323
-34774.74290155021
-33039.92670205919
-37528.954370058855
-37653.686987256755
-37457.000829277444
-37576.22475410081
-37451.41881234861
-37512.96863990773
-37562.89619839194
-37481.49124179375
-37129.82417831499
-36545.33668135296
-35490.015459236354
-33339.31745942267
-28101.14135416541
-20355.886823243774
-18312.326580902423
-15592.890921299488
-14733.23704242164
-13284.724820397689
-13714.199124414827
-12356.050239973803
-10593.627483644015
-8945.056281416533
-6637.565399307219
-5219.548674330426
-4447.119077561938
-2970.6818682862677
-2082.247072527489
-1834.8752128625335
-1760.5378484941775
-1764.56510135704
-1805.9831896207936
-1799.9735355331632
-1804.8833141310217
-1802.3033109064113
-1770.1084793958446
