-8810.10917783124
-8009.852874775499
-8346.310045659204
-8798.416070911113
-7850.227793955042
-6767.723162621276
-4882.180545025954
-3418.2496288472344
-2902.732988244437
-2768.4382016654063
-2538.953012722159
-2418.0803833385003
-2270.6510445003514
-2263.7203633204936
-2241.977367395268
-2289.3683039279126
-2242.2716329911736
-2258.496178286064
-2344.7181999314676
-2326.228737215235
-2312.674719889843
-2393.301050424547
-2370.335566075346
-2340.741785253452
-2298.1946697474054
-2315.9777033888054
-2318.603674334861
-2316.811591943883
-2292.176865254711
-2368.967860129905
-2330.516708969743
-2327.0072198114904
-2279.2023514044495
-2344.6237440099294
-2316.440314420345
-2287.1697724383966
-2347.9067625508897
-2318.9270750083438
-2282.7763706688756
-2376.2236745534838
-2361.5631510638896
-2372.5392153780394
-2321.5061358922935
-2275.245862518673
-2300.1023324263783
-2304.0130457719542
-2276.5267370167808
-2292.827154431366
-2293.2047130447554
-2280.4665796964573
