-9277.359177831235
-7939.043739447768
-7018.339689678212
-6229.634092120386
-5057.731607866661
-3703.0913217222283
-3231.3182422116706
-2803.87291470807
-2590.360407002334
-2530.1998584678277
-2431.844359008437
-2380.0429039801397
-2300.1305167296664
-2268.992817693331
-2243.190321370375
-2158.043448798567
-2145.325348748462
-2089.9237452323596
-2079.478749691734
-2048.6639226984184
-2015.2181160623581
-1984.852318619391
-1940.1562190747823
-1918.121705741468
-1922.6005364918958
-1889.5375603189884
-1873.3341040493106
-1883.1690836141538
-1845.6701051841355
-1882.3391845677584
-1842.2478589327154
-1859.9065990499737
-1826.2215795814016
-1853.1840014313634
-1831.9244656455962
-1815.7370799647858
-1837.9443904594307
-1816.9126437490609
-1804.5235520612441
-1830.5894707416483
-1837.9369811347024
-1822.2167011370402
-1810.7157934660322
-1785.1435079644739
-1795.2169473460206
-1802.5356328625155
-1778.6032190446845
-1803.4077028573488
-1800.4504012913508
-1791.278988664256
