-8810.10917783124
-22592.490369119965
-30224.995969649044
-27238.8837819612
-30590.26924917734
-33695.918272673225
-34110.49275947604
-32465.274388602313
-29756.627879066353
-25306.447485768582
-18964.129414715797
-8110.403003961747
-3163.5857554832855
-2318.560327388019
-2036.1828293259714
-1934.372412720965
-1924.5641267814851
-1897.458249909405
-1926.0606525111984
-1952.0998426384763
-1953.0363557852913
-1864.5853397075673
-1817.610198295654
-1793.8620272598496
-1762.651661271016
-1715.7354875547414
-1672.2949691580313
-1687.471880763779
-1616.0785917192293
-1620.5625795919775
-1559.896445847195
-1539.6024320767722
-1496.509709368957
-1508.333789090772
-1496.3776052408234
-1470.3570463522994
-1487.081551867669
-1462.9025312343151
-1441.972149746711
-1467.6610945017906
-1475.3197147229607
-1461.274539353195
-1453.2023389036256
-1426.9014373168231
-1431.2345703049712
-1442.4369868947608
-1426.5864510617712
-1444.6092063153362
-1442.7412177784115
-1438.8034321072469
