-8810.10917783124
-5402.836301774523
-3781.6132457776703
-3130.4123110036353
-2522.365999066412
-1969.240817306249
-1917.4710332282891
-1961.1065481958292
-1979.0079374258064
-1904.357327406828
-1843.9127833506122
-1775.43511127954
-1736.8872596651022
-1736.8143868156476
-1701.8871675887506
-1654.4220117428758
-1618.2136159194256
-1565.7351467322046
-1554.9920479704717
-1518.9650671382954
-1495.3183588370102
-1484.0141750772216
-1469.2626478484606
-1451.3589406382225
-1451.9089354629575
-1436.1645242723437
-1421.199906751285
-1448.342689016087
-1413.2631649665852
-1454.4992412115655
-1423.6662389780904
-1450.9230350464802
-1423.6234027402486
-1452.9754215462583
-1450.1144831351723
-1433.701504882827
-1460.6090168436183
-1443.6819785359094
-1431.2961117236243
-1458.5056052489388
-1469.47243799335
-1456.7659851680853
-1451.8189589838944
-1424.9494134013985
-1431.011030211464
-1443.9481317939421
-1428.09317585304
-1453.7263051194116
-1455.647048769029
-1453.7550758358198
