-10679.107421875
-4205.728515625
-3413.34814453125
-3326.959716796875
-3365.279296875
-3446.430908203125
-3492.24658203125
-3588.936279296875
-3965.03173828125
-4684.6533203125
-4249.78173828125
-4254.71533203125
-4159.8525390625
-3757.385498046875
-3379.99365234375
-3436.89404296875
-3333.147705078125
-3243.433349609375
-3642.606689453125
-3625.998779296875
-3670.294921875
-3567.188232421875
-3711.739501953125
-3690.16259765625
-3599.875732421875
-3133.748291015625
-2993.24169921875
-3115.948974609375
-3525.56494140625
-3917.231201171875
-4074.782470703125
-3828.66552734375
-3387.978515625
-3233.615478515625
-3745.02685546875
-3653.143798828125
-3628.963623046875
-3593.826171875
-3563.35302734375
-3603.446533203125
-3587.487060546875
-3579.51513671875
-3608.84814453125
-3609.116455078125
-3618.358642578125
-3608.5078125
-3552.4609375
-3554.288330078125
-3570.43701171875
-3620.45703125
