-9277.359177831235
-8520.264839028374
-8709.278175004572
-9293.748847145138
-8562.422760035803
-6434.958727723634
-4628.0769456172675
-3502.4684946375696
-3115.7163305845097
-2987.756257427378
-2807.259486437307
-2709.733736421754
-2597.7578162518753
-2614.9878767782066
-2655.49698506966
-2615.2841357102307
-2556.0531503092984
-2474.853021248454
-2501.9152784378025
-2475.8349854432936
-2418.0967303398365
-2410.005180837762
-2402.3442773180714
-2383.8352093691756
-2363.30941318416
-2338.6349308161043
-2311.940787077777
-2328.334478800224
-2281.9483750504032
-2353.081516186501
-2326.4735468322756
-2317.157053578552
-2283.457449943718
-2345.0242054838523
-2317.992555597502
-2289.4132526801
-2307.181177750878
-2282.4903359782024
-2260.2707576257153
-2310.3106373281303
-2306.5195360183066
-2299.1620849589767
-2278.7833375524415
-2231.8077260168784
-2260.4645836544037
-2296.5335031754685
-2260.876418114096
-2288.1110326556914
-2274.9119489728573
-2261.1863028585167
