-10679.107421874998
-40545.5390625
-42183.7890625
-42347.1484375
-42455.47265625
-42507.1484375
-42371.5078125
-42423.70703125
-42337.65625
-42481.80078125
-42407.0546875
-42385.1953125
-42395.6015625
-42416.5859375
-42551.75
-42428.140625
-42451.2265625
-42496.9609375
-42467.8515625
-42501.41015625
-42350.046875
-42399.5390625
-42440.58984375
-42413.82421875
-42452.5546875
-42390.5390625
-42398.4296875
-42501.84375
-42412.05859375
-42637.16796875
-42407.796875
-42506.13671875
-42342.8203125
-42471.81640625
-42506.515625
-42466.33203125
-42534.04296875
-42465.39453125
-42394.0390625
-42534.53515625
-42555.0859375
-42555.1015625
-42482.7109375
-42443.015625
-42374.2578125
-42498.4609375
-42407.703125
-42433.37109375
-42538.15234375
-42404.03125
