-9978.2421875
-13474.78369140625
-5662.514404296875
-3138.9046630859375
-2964.9246826171875
-2967.7677001953125
-2926.0570068359375
-2861.61328125
-2835.8798828125
-2820.5584716796875
-2807.9091796875
-2821.0008544921875
-2749.4705810546875
-2705.8209228515625
-2708.0120849609375
-2669.84619140625
-2684.8759765625
-2642.411865234375
-2653.7462158203125
-2606.81201171875
-2575.3131103515625
-2569.96826171875
-2552.9074096679688
-2533.8184814453125
-2536.7758178710938
-2494.8119506835938
-2480.7259521484375
-2472.5637817382812
-2434.7071533203125
-2478.7660522460938
-2428.3685913085938
-2439.2784423828125
-2402.6435546875
-2443.4783935546875
-2421.9334716796875
-2412.476318359375
-2433.0347290039062
-2418.7364501953125
-2404.25927734375
-2441.1156616210938
-2446.75244140625
-2437.3099365234375
-2423.8255615234375
-2397.2074584960938
-2413.6262817382812
-2423.300048828125
-2393.0490112304688
-2423.5516357421875
-2424.472412109375
-2416.1085815429688
