-10679.109177831237
-9844.87693074583
-8490.31655320711
-7055.129276727009
-6066.739124780902
-4945.2026378463015
-4405.182672088742
-4039.249163923534
-3803.2458937574834
-3756.5546734355435
-3618.319012355599
-3532.0405689286263
-3476.338329489973
-3441.771165071697
-3394.248820051557
-3340.3880460453024
-3316.8918508412025
-3259.4916309530076
-3275.896753717789
-3219.4234448728025
-3211.6975017965483
-3187.2806504024575
-3131.1085576651335
-3096.9462224883873
-3105.9544764630764
-3054.8307168618658
-3053.615139087232
-3039.8952219062708
-3011.1414905884517
-3054.298783407415
-3008.4341862132856
-3011.2882600239373
-2977.996802647978
-3027.024320405029
-2983.868246556457
-2981.5215846883502
-3001.840936889942
-2977.073848424051
-2960.754378463712
-2999.7306265134052
-3000.3577230802125
-2991.447530656138
-2967.7135196199583
-2941.7662893232587
-2966.4129243856155
-2970.9936047715864
-2929.4501641449083
-2962.6397886751256
-2966.431427933092
-2955.84543450494
