-10679.109177831237
-35716.4680618267
-42434.48647214255
-36702.882191294215
-32523.511803651967
-32833.05930043043
-32618.103154589673
-32586.782980734144
-34556.40574149116
-34659.65075143804
-32394.466351404943
-26516.167500690346
-11959.12428209564
-20817.082499136617
-30924.226941904206
-34337.375278576175
-34114.46298073417
-34261.19694047378
-35382.57339591949
-36461.89262433565
-35650.26735657291
-37570.468162808334
-17728.42917578052
-9719.963033339645
-7199.253657106237
-8502.588760925295
-8673.589833115937
-6023.464189181741
-4128.209923953417
-3608.6952545780937
-3424.155851525297
-3294.100392844643
-3397.1919437486185
-3465.2603935705565
-3430.009112170073
-3360.1614604714873
-3245.8885923317953
-3239.4773999162635
-3211.7116843894705
-3230.634749353745
-3296.8414984611363
-3267.760200231157
-3251.7152062906557
-3310.892132070887
-3362.6101605612785
-3534.1402844074228
-3953.811633808165
-4330.387133260914
-4255.328485120927
-4317.504459840862
