-10679.109177831237
-9356.15276920321
-10075.224891264588
-7982.619007444239
-6784.736982109258
-5483.092233373687
-4753.24603774072
-4177.776375289255
-3886.22178476303
-3736.946166909278
-3594.5400954588126
-3510.735389708699
-3417.3708411133694
-3338.9332877296897
-3297.145189618242
-3247.943819599148
-3219.3248942374594
-3172.9942839702444
-3157.2188420046923
-3102.423951752981
-3099.7275101816886
-3095.880678946818
-3065.077207680842
-3027.588624296636
-3038.267329450896
-3000.1524775932107
-3002.5669048168534
-2993.007124840996
-2969.950390247486
-3015.1869842499173
-2972.6745820502742
-2981.711448615006
-2945.7413083010906
-2994.549768017002
-2955.2233317493906
-2946.681039082363
-2970.8252326955794
-2949.300510601223
-2932.055131980692
-2971.365229486149
-2971.076321111772
-2966.6370800673653
-2944.0000500167803
-2916.3803985258505
-2940.0766074221037
-2943.6846135835804
-2907.069275388364
-2942.7548533322656
-2940.961179672297
-2932.603745054246
