-10679.109177831237
-5614.38294285847
-5289.85732760176
-4206.2645166418315
-3688.3696597095172
-3443.094911206355
-3428.6924837016404
-3442.888992223446
-3424.635272001387
-3360.4819483698875
-3341.22361851993
-3347.7438845535435
-3283.204137093219
-3250.758126179374
-3218.010175741113
-3146.285600850645
-3113.5275173145565
-3079.9847721644896
-3049.429784219168
-3010.061160566153
-2998.901251600206
-3010.2703576065232
-2995.0184142720764
-2973.9914615830057
-2987.736265232882
-2957.1960289801264
-2962.867900697578
-2963.4842752854715
-2948.3657682731955
-3002.97042734361
-2969.0080145721
-2984.70747629555
-2950.644311904629
-3017.152807977201
-2989.8366235307903
-2985.42091362072
-3010.144327870458
-2977.7139421950515
-2961.3889102811436
-3003.6411316163185
-3003.7863029547416
-3000.9691561130467
-2978.5991842077833
-2950.5125959002116
-2973.019200327446
-2979.426340142055
-2944.066581728928
-2980.775880714049
-2982.2135557396687
-2975.7849138177485
