-9978.2421875
-13895.169921875
-4867.140380859375
-3625.2296142578125
-3238.29833984375
-2923.04052734375
-2896.8177490234375
-2874.5308837890625
-2890.866943359375
-2846.20849609375
-2793.7647705078125
-2758.0181884765625
-2710.328857421875
-2689.746337890625
-2647.97216796875
-2577.3226318359375
-2540.747314453125
-2489.141845703125
-2473.6904296875
-2441.3585205078125
-2421.8233642578125
-2423.232421875
-2408.7095336914062
-2395.2779541015625
-2414.1180419921875
-2396.6015625
-2397.0292358398438
-2406.4312133789062
-2384.6574096679688
-2435.4965209960938
-2404.3527221679688
-2423.9344482421875
-2394.7252197265625
-2439.917236328125
-2416.3126220703125
-2402.8994140625
-2423.1896362304688
-2400.3604125976562
-2384.8418579101562
-2421.5152587890625
-2425.533935546875
-2419.0936279296875
-2402.0157470703125
-2375.0176391601562
-2390.6470947265625
-2399.888671875
-2374.6885375976562
-2404.7515258789062
-2403.3699951171875
-2398.3101806640625
