-10679.109177831237
-13509.649381355255
-15256.782534998638
-15110.994506743726
-17199.250155543115
-17572.001484498924
-14003.837135025784
-6734.916639979512
-4528.6194822010275
-3701.6937937674675
-3420.6861516084355
-3408.1502822445436
-3442.7652434723313
-3452.2612292417116
-3448.141153178328
-3368.9681975238586
-3504.710300385218
-3368.6252637393254
-3323.2071352935354
-3350.054000701807
-3321.2805616947617
-3294.3892340782522
-3212.839575807869
-3156.5173856630345
-3131.309526288843
-3088.561409547899
-3076.6182980608214
-3062.4853472501973
-3030.079569314328
-3056.7479603505917
-3010.013601691029
-3015.2540040647336
-2970.747891321402
-3019.8722847564413
-2980.1113888729005
-2969.821707784872
-2988.740009540623
-2970.96635344015
-2957.7226768811383
-2999.0289807562776
-3002.2184900534285
-3004.3766950804925
-2984.132387501198
-2958.8658539320386
-2985.186737081459
-2993.7184618437213
-2961.4729000797465
-3001.586353594579
-3005.725538219251
-2998.740476362273
