-10153.45849609375
-9864.660034179688
-10581.51220703125
-10319.17529296875
-8735.793579101562
-6402.746643066406
-4926.616943359375
-4114.020599365234
-3712.884704589844
-3669.38851928711
-3381.6532592773438
-3146.309844970703
-3003.0762939453125
-3010.767364501953
-2915.643280029297
-2836.6012573242188
-2756.8219299316406
-2669.908447265625
-2662.6583251953125
-2591.70263671875
-2532.43798828125
-2520.2054138183594
-2489.1942443847656
-2468.04736328125
-2445.7763061523438
-2454.3504333496094
-2393.2288208007812
-2411.3688049316406
-2375.1220703125
-2426.516357421875
-2378.27783203125
-2384.69580078125
-2345.389892578125
-2415.05908203125
-2363.5157165527344
-2353.765625
-2380.6502380371094
-2359.3565368652344
-2315.3658752441406
-2371.00830078125
-2372.7281188964844
-2354.0047302246094
-2328.9849243164062
-2285.6512145996094
-2309.919189453125
-2322.6031188964844
-2294.2314453125
-2318.8564453125
-2306.530029296875
-2299.583251953125
