-10679.109177831237
-9763.580457312954
-8536.613280392174
-7057.922602415211
-6151.713960096538
-4963.270430030234
-4404.010430545017
-3990.216161556925
-3759.9270846467202
-3703.6917714168912
-3591.057472003113
-3514.016950389307
-3445.904798986626
-3391.0568660808203
-3340.7477615332123
-3291.3024441755842
-3265.313594154095
-3208.9819038195355
-3197.587825168912
-3160.1457706254987
-3140.6611973762724
-3118.718080151501
-3077.3783182900797
-3043.8325638976476
-3055.4020099832132
-3015.9804142151033
-3015.7052660388044
-3009.343996568654
-2984.7766012624465
-3029.080741638546
-2985.9893676756756
-2994.055771462101
-2960.7414672887744
-3005.256734764106
-2970.666999340875
-2959.180701383193
-2981.11801275316
-2956.095783131833
-2939.205032153958
-2977.8582752628777
-2977.7394461726426
-2971.953120350975
-2949.3895325467133
-2921.807037519352
-2945.2880514847566
-2948.817759802761
-2911.9173268901295
-2947.833943732053
-2946.6021687438247
-2940.324689064585
