-9277.359177831235
-10794.711750190032
-3733.9545457000518
-2514.3203246817357
-2391.3619362836234
-2329.429342255882
-2216.044922164
-2220.4588259331745
-2196.511041181805
-2113.015070957171
-2101.8251468293774
-2087.968505221249
-2012.2744146272496
-1961.6440715766112
-1929.789796325997
-1894.708845865232
-1889.027338220039
-1862.2014905248918
-1863.7176633593936
-1837.2090449862644
-1828.2982121176344
-1827.1789718373725
-1825.0615878749388
-1817.6575896016661
-1828.9811251073238
-1820.429255240309
-1813.9902313322127
-1834.193674882647
-1801.584567671392
-1844.3719754199906
-1810.8185404526237
-1835.1316572444703
-1803.1305909753714
-1838.1885764231745
-1826.6899210586755
-1812.580806806172
-1837.3444663830742
-1821.3132137954303
-1809.0128486149388
-1841.5698671190312
-1852.9253816459636
-1844.949955551429
-1835.1405209878108
-1810.1505699496224
-1819.3554031854044
-1831.0131655727175
-1808.3852134426118
-1828.6132485840233
-1825.6713739546897
-1817.7714507783917
