-10679.107421874998
-9491.041015624998
-9598.3193359375
-9661.388671875
-8504.6953125
-6953.380371093749
-5433.848632812499
-4516.420410156249
-4065.792236328124
-4122.458007812499
-3832.696044921874
-3809.032714843749
-3660.615234374999
-3598.517089843749
-3509.322998046874
-3468.628417968749
-3424.942626953124
-3318.452636718749
-3289.358642578124
-3260.302734374999
-3245.288574218749
-3192.026123046874
-3142.538818359374
-3095.449462890624
-3102.463623046874
-3062.791259765624
-3053.871093749999
-3051.086425781249
-3011.296142578124
-3055.263427734374
-3012.593505859374
-3024.133056640624
-2984.875244140624
-3028.789550781249
-2989.322509765624
-2982.081054687499
-2991.525878906249
-2968.742675781249
-2951.751464843749
-2991.336914062499
-2994.673339843749
-2988.781982421874
-2968.831054687499
-2936.602050781249
-2962.745605468749
-2965.692626953124
-2922.850341796874
-2962.817138671874
-2963.395263671874
-2955.360839843749
