-8810.10917783124
-8945.330236284452
-10355.872474220243
-10171.945410141936
-8924.167227962842
-6781.330288680874
-4904.792111459715
-3549.089143213765
-3307.4106177492904
-3251.2310731052685
-3068.47888680945
-3076.4937458810214
-3067.678207334297
-2991.2721887845873
-2956.55648825119
-2871.148332197438
-2781.946505197532
-2733.1533389573356
-2797.0508111348927
-2719.758892296378
-2626.745525894086
-2583.690024819906
-2545.6006407561467
-2527.91622059072
-2502.8505714157973
-2482.476483310259
-2466.8207102641277
-2439.1474728421135
-2388.329457912694
-2433.026658267144
-2375.3297628357304
-2358.3416993349606
-2307.706369369257
-2385.3155591590685
-2339.5857626881816
-2303.5752009708076
-2338.888485746351
-2291.1939995320145
-2256.09436334685
-2344.5956220388302
-2336.7468203115973
-2317.5626138966336
-2283.013866441288
-2266.103143024492
-2330.4947164424984
-2310.5651406027146
-2282.8043086012826
-2302.628269035096
-2273.6181625406794
-2287.0654650038937
