-9978.2421875
-12208.96826171875
-3196.0762939453125
-4610.573974609375
-4250.909912109375
-4926.50634765625
-3230.6202392578125
-3246.4189453125
-3226.5826416015625
-3141.9393310546875
-3063.5433349609375
-2997.0517578125
-2971.4920654296875
-2978.1519775390625
-2946.6859130859375
-2940.1221923828125
-2992.6015625
-2928.2978515625
-2940.2625732421875
-3073.4281005859375
-2982.4794921875
-2802.170166015625
-2923.5460205078125
-3032.8602294921875
-3065.4560546875
-2968.51904296875
-2916.7293701171875
-2938.9366455078125
-2906.3824462890625
-2937.4715576171875
-2893.2608642578125
-2865.09521484375
-2791.047607421875
-2804.33251953125
-2959.896240234375
-6995.1142578125
-7475.81396484375
-6897.418701171875
-2867.42236328125
-2805.9569091796875
-2879.318115234375
-2873.1798095703125
-2888.030029296875
-2838.0838623046875
-2894.130859375
-2958.4910888671875
-3292.1455078125
-3490.2242431640625
-3243.925537109375
-2992.7501220703125
