-8810.10917783124
-6383.020070925481
-5478.554532468774
-4845.335208832591
-3807.0666067459265
-2853.627821878141
-2505.5333911342555
-2211.132499420569
-2086.8754839518283
-2044.6194402463868
-2002.2865649214048
-1960.6343394528826
-1907.5629212621777
-1861.6520423641232
-1793.6592369903858
-1731.6317144144664
-1732.7308287826806
-1687.5079455720547
-1688.7534992673598
-1664.4019449640557
-1628.4757750369058
-1600.0799946808072
-1558.5745991502904
-1538.9856964901016
-1539.28358798194
-1512.0399544533204
-1487.9906454685122
-1504.1268726089365
-1462.8215569940726
-1498.213393798205
-1457.912769728703
-1479.6882079827851
-1447.1910286910534
-1470.7800183259467
-1454.6690748731537
-1438.7158333591456
-1460.752852453155
-1443.4650281739064
-1432.2871805426166
-1455.739744439697
-1463.237064957251
-1445.5451348991794
-1440.3287456449516
-1414.7150377976564
-1422.946901607172
-1432.043484613779
-1412.1377595952692
-1433.3297782881502
-1429.2578146034336
-1418.7820240558856
