-9277.359177831235
-7734.900198757848
-7749.4233667747585
-7940.836158125409
-6648.288054671422
-4482.242523750654
-3412.176373432713
-2868.1230621743034
-2635.144237342904
-2562.790997530573
-2414.3435912572577
-2344.394919520662
-2256.7440917013114
-2192.983524220189
-2138.0004654253994
-2084.8358058175445
-2047.4251421032418
-1991.2964142772903
-1978.331083253936
-1942.608626617054
-1924.5813447290343
-1914.715740406734
-1896.0320990983673
-1872.5976361573576
-1876.6162594589543
-1855.6625511777129
-1838.2088320371845
-1855.917079473977
-1821.4083081283056
-1862.9762412594919
-1827.2632930132763
-1845.296101033598
-1814.6682810459774
-1844.8011073490482
-1826.7109390273595
-1810.8794667870577
-1834.9249448234095
-1813.9219036758764
-1802.0251160933592
-1832.0636490735692
-1838.9474026724042
-1824.6687450183115
-1812.0125042344891
-1784.6031365577978
-1793.2847475733208
-1801.7051420316752
-1777.1046967425161
-1802.52036439855
-1798.419543586409
-1790.4813585575653
