-9978.2421875
-26459.169921875
-30311.73046875
-31730.62890625
-30076.3642578125
-28169.64453125
-28075.69921875
-28556.671875
-28135.390625
-28334.62890625
-28383.193359375
-28449.970703125
-28706.103515625
-29190.234375
-29965.6201171875
-30761.935546875
-31130.11328125
-31883.3134765625
-31808.982421875
-31399.349609375
-30338.306640625
-29580.509765625
-29147.759765625
-28793.068359375
-28388.21875
-28121.109375
-28143.662109375
-28183.07421875
-28113.9326171875
-28222.50390625
-28064.228515625
-28101.45703125
-28034.228515625
-28081.51953125
-28206.7861328125
-28488.078125
-28587.287109375
-28718.8720703125
-28514.53515625
-28234.52734375
-28024.01171875
-28149.265625
-28112.9375
-28233.365234375
-28107.4375
-28498.05078125
-28695.5439453125
-29007.76171875
-29444.7744140625
-29258.3232421875
