-8810.10917783124
-18165.43348628123
-15261.888503733393
-14248.727312194143
-12987.77802484402
-9167.822388023373
-3312.517609789685
-2372.7829678653716
-2050.4937995306527
-1998.3724518669683
-1955.5187050877244
-1895.5566220502199
-1833.2163685857297
-1807.1597965875749
-1800.4644951783132
-1740.960720204351
-1722.492592214845
-1651.150338626996
-1598.5708344239583
-1545.0019225469769
-1495.0123388571121
-1485.7879181475105
-1467.4368071179986
-1451.875961598977
-1451.8614561648715
-1436.521879629126
-1423.1626679782776
-1449.345824738169
-1416.0072871678
-1458.601014236109
-1428.3574397119614
-1462.153527876127
-1439.4939631736695
-1468.9924726197155
-1466.446440742298
-1444.7562105490856
-1467.5538380776793
-1445.31913635211
-1430.3381129663148
-1458.1624755776002
-1468.30074755198
-1454.2618534941114
-1447.1137359825366
-1423.2840743820107
-1431.1194061258877
-1446.1235544181645
-1435.6935699428145
-1460.531185851019
-1453.8390068418205
-1439.7243709964946
