-9978.2421875
-16168.689453125
-5568.514404296875
-23503.251953125
-23497.84765625
-21472.1875
-26231.3125
-26872.0859375
-31125.19140625
-34872.8671875
-33313.21875
-27942.556640625
-29435.90234375
-26128.6689453125
-37574.78125
-37581.6171875
-37666.20703125
-37472.12890625
-37588.3671875
-37474.51953125
-37537.33203125
-37597.36328125
-37553.62109375
-37529.58203125
-37580.1796875
-37568.1171875
-37506.7734375
-37530.4140625
-37449.35546875
-37578.11328125
-37503.2109375
-37656.974609375
-37534.10546875
-37665.2421875
-37565.9453125
-37429.0546875
-37642.55859375
-37561.359375
-37550.849609375
-37644.44921875
-37722.1796875
-37620.5390625
-37634.42578125
-37493.9765625
-37661.20703125
-37574.8984375
-37485.30078125
-37652.1796875
-37541.80859375
-36458.6015625
