-9978.2421875
-8394.62451171875
-7176.88134765625
-6080.63720703125
-5089.0029296875
-4091.1190185546875
-3641.461181640625
-3312.5074462890625
-3130.631103515625
-3090.415283203125
-3001.088623046875
-2930.1683349609375
-2871.970947265625
-2823.18603515625
-2790.7362060546875
-2741.373291015625
-2718.14697265625
-2649.08251953125
-2662.5555419921875
-2618.5581665039062
-2605.3798217773438
-2589.8352661132812
-2550.356689453125
-2516.6805419921875
-2521.6006469726562
-2482.79443359375
-2469.8198852539062
-2470.0057373046875
-2434.103515625
-2473.810791015625
-2430.802978515625
-2447.1099243164062
-2409.21728515625
-2445.51513671875
-2413.6929321289062
-2400.0173950195312
-2418.660400390625
-2394.125732421875
-2381.6361083984375
-2411.532958984375
-2414.3919677734375
-2403.14013671875
-2386.0841064453125
-2358.5682983398438
-2375.6929931640625
-2383.6851806640625
-2350.1060791015625
-2380.1560668945312
-2380.1253662109375
-2371.5889282226562
