-9277.359177831235
-7939.043739447768
-8105.948699807098
-8428.922321026594
-6963.233065452
-5330.182079067072
-3986.0768489057714
-3121.6911002739876
-2817.7412859224037
-2735.275308607426
-2562.748078544716
-2474.446906720454
-2339.8924163335423
-2261.298874603991
-2206.0032437993605
-2153.4290664576206
-2100.5529663505636
-2035.207181768903
-2020.6505743629496
-1978.0481663671187
-1957.7365105767306
-1944.2925150453225
-1919.658366496392
-1894.4371834235176
-1897.7927050574453
-1874.0121352418314
-1856.0117706320495
-1868.732176267201
-1832.725519513427
-1872.0749434806971
-1833.7396446826428
-1852.0250245220218
-1819.584361643251
-1849.873114441602
-1830.5831489796285
-1814.297456712057
-1837.4201971833652
-1816.1406940867578
-1803.5124198879014
-1832.9272199859472
-1841.6259161630157
-1827.0368104928034
-1815.544541062387
-1789.5397808375642
-1800.8616729918372
-1808.8210075045122
-1783.141738004901
-1809.4143572693363
-1804.529813800827
-1797.1238561932641
