-10679.109177831237
-20150.30810114002
-24125.899264748972
-26577.66089885374
-31675.8153376427
-35441.409929759146
-36903.86554968586
-36896.7610668571
-37429.590668324745
-37950.01893861381
-37689.02233644911
-36298.114811103456
-33899.006335926526
-29278.168441029597
-24410.228283166525
-19016.906743371153
-15394.376298124896
-12199.737001218999
-11900.468961473589
-13883.03351444258
-15521.012027590967
-17346.006536037974
-19262.86069316467
-20480.886729111306
-20510.408095277227
-19665.21851691688
-19522.58371041671
-20640.23403518295
-18545.56216603209
-17995.280911522794
-15060.203372674776
-12893.812473949169
-8862.954274662556
-7619.953547687188
-7178.373072051084
-7099.372395651539
-6872.732398132856
-6590.957477302933
-6297.244389239233
-5624.810077581429
-5146.688086018398
-5052.081403664506
-5053.646012034254
-4896.055871037985
-4817.282108458311
-4615.796144213624
-4311.41832744541
-3875.8399053986454
-3451.9408948672726
-3274.0643043012924
