-8810.10917783124
-7685.826087813676
-2145.967246110299
-2077.4452020193285
-2227.318614765662
-2337.5014084515597
-2447.463719715858
-2496.047897677797
-2577.5755202916034
-2540.8470364209143
-2559.9378181990446
-2660.988926804056
-2708.893155285644
-2766.5808733957037
-2799.9687089753593
-2721.8642941509147
-2670.225268451533
-2701.5865142952835
-2815.603753645176
-2769.782448363145
-2763.922649381871
-2780.5378929849785
-2850.21331866149
-2818.7215210461823
-2684.1635250747554
-2614.2912298153674
-2505.9529811570733
-2525.775842573222
-2456.071946036594
-2441.9689599677795
-2402.4566895487615
-2443.6254002435376
-2364.29076373246
-2375.6355291621066
-2346.0670548286625
-2303.0021660938887
-2305.418237511436
-2268.084691781853
-2255.9501444324005
-2262.09620875972
-2276.8279681914123
-2253.1242419622204
-2255.936081191434
-2212.5960087844496
-2218.3449837853004
-2193.637216343931
-2160.7718691216587
-2154.540382157879
-2110.3600712879515
-2092.698131843475
