-10679.109177831237
-9356.071147165012
-10227.947388670082
-8135.699895747634
-7001.842093646762
-5726.823770673314
-4923.821153082283
-4268.93554286233
-3923.8036476703624
-3759.3919116858256
-3596.994247059089
-3519.028981915584
-3442.086507992403
-3377.876195454788
-3328.6689910147493
-3287.3369660440717
-3251.572423832259
-3191.476976314846
-3175.2537572090305
-3127.0192612700257
-3122.71832143807
-3102.6001270927454
-3072.977208885539
-3035.564246233648
-3050.742589376663
-3007.454656743926
-3009.1906175691606
-3002.917245102086
-2980.646669158332
-3024.9225081462255
-2978.7275453037414
-2997.3451152074163
-2962.622932895982
-3005.6285256192887
-2971.2166164652967
-2961.426513023566
-2980.6358496079097
-2957.575690781218
-2943.4273028616526
-2981.0732949639937
-2987.032782405843
-2981.7229555015388
-2967.6548333956903
-2933.697298630594
-2960.5287530676223
-2971.0687068851403
-2923.7219836989902
-2962.218037111931
-2965.0808319843377
-2953.7654780912812
