-8810.10917783124
-6151.876930745839
-5136.316553207139
-4625.1292767270115
-3615.7391247809123
-2782.202637846303
-2449.18267208876
-2170.2491639235454
-2069.245893757483
-2034.554673435535
-1995.3190123555912
-1954.0405689286358
-1895.338329489985
-1875.7711650716888
-1831.2488200515513
-1771.3880460452972
-1765.8918508412012
-1708.4916309530095
-1715.8967537177828
-1680.4234448728032
-1660.6975017965465
-1630.2806504024452
-1580.1085576651285
-1560.9462224883853
-1560.9544764630732
-1524.8307168618653
-1502.615139087234
-1518.895221906273
-1475.1414905884487
-1509.2987834074206
-1466.4341862132937
-1484.288260023934
-1450.9968026479808
-1479.0243204050314
-1462.8682465564493
-1448.5215846883482
-1471.840936889948
-1450.0738484240558
-1439.7543784637082
-1463.7306265134148
-1473.357723080214
-1452.4475306561349
-1443.713519619961
-1417.7662893232527
-1424.412924385621
-1431.9936047715819
-1411.450164144907
-1429.6397886751356
-1427.4314279330854
-1416.845434504945
