-9277.359177831235
-4129.542198469311
-2453.0838812378647
-2230.821287430615
-2124.9396913634682
-2081.452910451827
-1992.348984851834
-1967.674541660704
-2012.5036582621829
-2039.6655052252565
-2070.493103851025
-2044.6515690340643
-2023.0542118420412
-2003.0215439532974
-1994.3605867591184
-1963.7086807301785
-1973.4425197576104
-1967.7093215918908
-1960.1375475376208
-1956.442346257012
-1977.8789060425638
-2035.7704118606912
-2147.272003507686
-2221.2671038079206
-2268.123508629525
-2176.197741158392
-2468.4670602796405
-2753.825481618747
-2816.848285075533
-2499.51575725728
-2326.7258920698105
-2318.410522385689
-2225.1727455563387
-2204.9897546107104
-2161.7409235501173
-2098.558449427188
-2080.4479490787626
-2042.6041729515146
-2032.6984508361343
-2030.9899321369517
-2022.4420423629174
-1988.377027716707
-1970.9291208031605
-1940.7009912203903
-1953.9023023588834
-1950.582029822493
-1941.410962064035
-2027.468643049056
-2020.7585843215359
-2045.2778472777777
