-8810.10917783124
-4107.062098172375
-2286.095735734468
-2179.339468417522
-2344.140081208593
-2471.9906082744506
-2665.7422548515565
-3216.7713688114864
-3703.4343468348716
-3762.774182334644
-3213.0513416236486
-3020.1110133340244
-3117.8794083447074
-2802.5671227553885
-2141.63875730315
-2101.9049132218342
-2040.8537420845983
-1982.5598385167982
-2016.8843778203864
-2053.740216504614
-2189.3628465733327
-2416.177033585492
-2372.74081481226
-2267.2338063219813
-2241.623812259457
-2213.374650933496
-2222.8127102583167
-2257.948412634522
-2220.837275023775
-2268.7094117840297
-2252.020454161201
-2259.6408949855477
-2220.2633425443423
-2225.5359182962648
-2211.409983638906
-2164.221607111086
-2191.950257522049
-2182.5915145742993
-2159.3715644650456
-2188.596908685749
-2211.4007324555887
-2214.7326469365557
-2201.081203125194
-2144.600748751698
-2176.219723168559
-2177.3840811937785
-2123.3693079055356
-2150.368717140117
-2104.006138923663
-2098.778533630039
