-8810.10917783124
-10830.841713900427
-2189.2251309716917
-3635.58843853163
-2970.301402309207
-2775.859684040449
-2268.7568137675107
-2297.682181645547
-2268.471711317269
-2180.075679859752
-2120.432098878124
-2042.690062811712
-2019.0080115549304
-2021.915551838779
-1988.5664087327036
-1985.7626829301244
-2038.2418266933541
-1973.9340320941242
-2027.14958369069
-2139.6895992295313
-2022.4947326988672
-1840.3088977174746
-2023.560986741443
-2219.1201465565546
-2264.845661215223
-2160.4096335950135
-2061.741916662047
-2113.951658727896
-2062.6498373658424
-2086.2319054419486
-2023.2759420066427
-1995.1051474646604
-1904.1850175022496
-1840.5912690319794
-1872.4103493545451
-5517.625311122733
-6320.810026112167
-5566.203225833218
-1879.3246994207573
-1844.085453825066
-1924.956624235106
-1911.3174469929704
-1926.1670862362691
-1883.7222097503848
-1874.1443854147183
-1914.1269219131525
-1889.6574859039379
-1911.4867539162399
-1873.3072667485449
-2000.8872875446493
