-8810.10917783124
-9318.049232107905
-2701.1374622395915
-2016.598582778858
-1957.707196088276
-1935.2509995376768
-1855.4370002711203
-1785.647539407383
-1729.5935171830001
-1674.3137958619413
-1631.1285940443827
-1581.373794814277
-1528.3537109625445
-1513.677848463812
-1502.9587353571283
-1474.3958970447457
-1472.973008141225
-1449.6645961914674
-1455.6833822688059
-1435.1596605848013
-1420.076809887639
-1433.4316833432222
-1434.2541124050101
-1429.8895750854535
-1436.6929526565866
-1429.673886194887
-1420.129574363601
-1449.4656122377005
-1415.3703077707505
-1457.1614218797627
-1426.56027223729
-1459.5561428009346
-1432.6878703469854
-1458.6217362647938
-1456.3437779621872
-1436.2133390708157
-1460.7549613761998
-1442.9589693888815
-1431.8917371422642
-1461.3636015039829
-1471.3860923098273
-1455.9119143722005
-1451.6305110150772
-1422.7214506889522
-1429.205778478043
-1440.0712288177085
-1424.3204531894578
-1445.3737044361214
-1442.2616615642935
-1433.7152345923378
