-9277.359177831235
-6300.574052849088
-6076.700141501477
-5111.957022472884
-4547.686297439454
-3830.6392275791127
-3240.421700742595
-2765.292549861015
-2572.6562011594388
-2449.529123540669
-2364.4307085019327
-2317.9401095687645
-2211.8710039983885
-2167.197680468306
-2116.9809712703654
-2071.026707886517
-2056.1050366706045
-2009.407480507718
-1996.1313592358838
-1959.8697934347379
-1942.0532751488013
-1929.1402824130078
-1907.1252241634888
-1879.565610206455
-1887.3487623658414
-1858.2078683456198
-1845.6835544770252
-1860.2260901490276
-1825.720154647679
-1865.8317627376484
-1823.5997604458257
-1842.563881752521
-1810.3859944089083
-1841.7083192164323
-1821.723582622032
-1808.37075730269
-1828.9694194431777
-1812.8924853373105
-1799.9260116724668
-1827.9298583250547
-1839.0710009646907
-1824.5476942899793
-1816.1173185767238
-1790.8350783637547
-1799.2416233579083
-1807.4086814500163
-1781.8044381986729
-1807.6059399376409
-1806.218680327278
-1796.4713849589316
