-10679.107421874998
-18165.451171875
-15261.8798828125
-14248.7236328125
-13170.7890625
-11921.830078124998
-5373.485839843749
-4124.764648437499
-3613.479248046874
-3528.356933593749
-3464.509033203124
-3416.540283203124
-3357.199951171874
-3337.147949218749
-3336.453857421874
-3267.947753906249
-3249.479980468749
-3178.136962890624
-3122.558593749999
-3068.989013671874
-3031.000488281249
-3024.776367187499
-2994.425292968749
-2969.864501953124
-2984.850097656249
-2957.510986328124
-2965.151611328124
-2964.334960937499
-2948.995849609374
-3003.590332031249
-2970.346191406249
-2989.142822265624
-2966.482910156249
-3016.980957031249
-2990.434570312499
-2974.745605468749
-2994.542724609374
-2972.307861328124
-2951.326904296874
-2994.151367187499
-2995.289550781249
-2993.250732421874
-2971.102050781249
-2947.273193359374
-2973.108154296874
-2982.111816406249
-2953.682128906249
-2993.520507812499
-2989.827148437499
-2975.713378906249
