-10679.107421875
-5614.2646484375
-5317.177734375
-4556.32763671875
-4034.81640625
-3497.253173828125
-3439.149658203125
-3475.225341796875
-3487.63427734375
-3450.36669921875
-3387.286376953125
-3371.70849609375
-3310.395263671875
-3287.54248046875
-3251.486328125
-3203.23388671875
-3195.30517578125
-3182.64697265625
-3144.6044921875
-3090.656005859375
-3069.982421875
-3066.701171875
-3042.185791015625
-3012.7763671875
-3020.244384765625
-2983.890380859375
-2986.344970703125
-2983.135986328125
-2964.93310546875
-3017.1875
-2980.117431640625
-2994.334716796875
-2955.10205078125
-3010.447509765625
-2980.183837890625
-2970.5419921875
-2989.978515625
-2973.02734375
-2957.120361328125
-3001.46826171875
-3006.952880859375
-3005.98095703125
-2985.27490234375
-2964.146728515625
-2991.2255859375
-2993.47509765625
-2959.62060546875
-2993.809814453125
-2994.3779296875
-2982.80810546875
