-9277.359177831235
-8736.526985065106
-9350.723095482552
-9263.116092922199
-7442.261442278692
-4965.782334568882
-3835.5813179243364
-3180.337756047183
-2957.1819202796664
-2922.352452439853
-2816.3202970415978
-2779.9533917590516
-2663.4339207636185
-2653.2526441152654
-2661.3499619465406
-2661.4816528015235
-2606.22611832183
-2510.5380527868665
-2534.857504228283
-2478.595492693938
-2416.855951394073
-2408.19032282585
-2390.186374427174
-2367.0590255446514
-2346.0234537061015
-2328.0047160908002
-2300.6628497720785
-2328.209644305117
-2289.2456883976733
-2354.107481289888
-2313.271492882288
-2321.092655420658
-2293.589085772532
-2346.18355331649
-2322.5292023164916
-2294.030230593682
-2333.0529540177627
-2303.0173272160428
-2278.1229725362296
-2333.1283537164263
-2329.7262973295906
-2308.2723443501177
-2288.4621625417813
-2263.5099551528665
-2268.4961040229455
-2279.3394752662725
-2252.3522291833197
-2281.2628494499654
-2273.8230962172906
-2267.317406909201
