-8810.10917783124
-5401.992466017901
-3807.7922817875733
-2793.624072524806
-2090.222229958257
-1896.6730540152494
-1956.6206030481492
-1934.884521588183
-1881.5423590568516
-1845.2323567589326
-1809.2697189139217
-1796.339302720585
-1779.7298672853074
-1779.6969110589878
-1738.1544272544265
-1687.0502423235444
-1659.2873368005112
-1610.4944804493125
-1583.4057549169488
-1538.8815671787468
-1510.0242763558017
-1497.5000878202054
-1483.6349650657921
-1463.9513549256947
-1460.1566398654513
-1440.8471038898792
-1423.9119722585642
-1445.227961042137
-1409.3636779768926
-1451.24155366446
-1420.7848537816576
-1448.4755477097265
-1420.6213107398414
-1447.5642162568079
-1442.8431127475899
-1426.369572625121
-1455.4059936304734
-1441.3397780099003
-1432.9427092112326
-1463.8140694339086
-1475.0863069796649
-1465.6426699361584
-1455.1791906755413
-1429.5554259496214
-1438.3328707302667
-1451.2247633013778
-1437.647938616265
-1463.5822455077944
-1462.2525212902315
-1465.0955971680773
