-10679.107421875
-9356.1396484375
-10227.91796875
-8135.6650390625
-7001.8271484375
-5726.8017578125
-4923.8076171875
-4268.9169921875
-3923.788330078125
-3759.37548828125
-3596.983154296875
-3519.016845703125
-3442.07568359375
-3377.86376953125
-3328.65771484375
-3287.326171875
-3251.560546875
-3191.4658203125
-3175.24169921875
-3127.0068359375
-3122.707275390625
-3102.58740234375
-3072.9697265625
-3035.552734375
-3050.73095703125
-3007.443115234375
-3009.17919921875
-3002.902099609375
-2980.635986328125
-3024.91552734375
-2978.71630859375
-2997.33349609375
-2962.611328125
-3005.617431640625
-2971.205322265625
-2961.415283203125
-2980.62548828125
-2957.56103515625
-2943.41552734375
-2981.069580078125
-2987.0244140625
-2981.7138671875
-2967.6376953125
-2933.686279296875
-2960.52099609375
-2971.060791015625
-2923.712158203125
-2962.207763671875
-2965.06884765625
-2953.757080078125
