-8810.10917783124
-9100.495147431782
-8824.801528548544
-9385.926108291813
-7824.059389579534
-5527.55442128102
-4182.59499601504
-3250.8658708232106
-2969.0209031136537
-2950.313359776903
-2897.1396779263564
-2897.2933406311895
-2825.060363750578
-2963.9409229415887
-2845.967934985808
-2743.6153232311403
-2649.9619708900086
-2563.0692470619406
-2599.201083680352
-2493.6743457746243
-2425.5858126228345
-2388.8747775076845
-2400.1110096118728
-2391.5408633095926
-2379.455533616335
-2345.4281259448117
-2336.1195419804008
-2351.4481106147796
-2298.794602292154
-2355.741224861801
-2299.1054808114664
-2312.0943029346236
-2271.918707847428
-2377.761545220026
-2316.7145917476
-2273.2225503753953
-2304.4968696892433
-2283.195301136194
-2268.713202453005
-2335.836607590682
-2355.9480607994938
-2327.9943346646287
-2300.7651436223605
-2299.433017521077
-2304.9748483050025
-2306.334622883199
-2276.8659364950418
-2296.43068476832
-2279.0923818353112
-2281.1648013415006
