-10679.109177831237
-12227.93710664926
-12649.270336835913
-5374.837709402154
-4107.972440648876
-3585.9113006864195
-3446.4959756965823
-3369.8522852163646
-3360.7885349598173
-3329.8859399166613
-3290.250181359073
-3291.7889433479204
-3261.8549636758135
-3236.415527059326
-3219.591839918011
-3173.8433356178307
-3134.8562246511888
-3076.0257397280902
-3054.844911451767
-3021.78228687094
-3013.0293536072304
-3021.7137301903317
-2997.0266274569267
-2975.851308938272
-2988.075247538738
-2959.7418970847657
-2966.43195279898
-2964.349884838563
-2948.742448615618
-3001.2984961652496
-2967.2048255131886
-2981.7251904972627
-2947.736493491936
-3007.735667859467
-2981.4503429530987
-2968.7725491178053
-2989.5335462351172
-2968.806944252201
-2948.1023511692633
-2990.0594231589293
-2992.1373508244665
-2992.451726134872
-2972.090040205184
-2948.4549104762223
-2976.8124028035836
-2987.1360892683383
-2956.8757992330793
-2992.307830795254
-2992.74480188102
-2984.107291629548
