-9277.359177831235
-6300.58666650096
-6040.79541922393
-5033.693686994321
-4503.288357981465
-3757.921936565065
-3205.1909016963186
-2730.7325062565974
-2547.2342337012933
-2431.733399542706
-2356.7691681442434
-2305.645079178234
-2206.040672614038
-2158.7997654637566
-2115.3666200104044
-2049.409680962002
-2030.8879326694484
-1992.4436765326986
-1978.525164515365
-1947.1674092274072
-1928.7336441655866
-1916.9632373801796
-1894.249212217638
-1869.09087005878
-1875.0278137752216
-1849.1665039276825
-1837.6347505124681
-1850.5661774501573
-1816.1719549923994
-1855.6247595378131
-1814.4250095546236
-1834.5439729184643
-1802.3236911816525
-1832.2731902053733
-1815.383944574008
-1800.712431469358
-1823.1332798741932
-1803.8158940457804
-1791.0048557952773
-1819.4137266404086
-1825.8250573831592
-1812.8199523009037
-1801.2986190622498
-1773.8319835073726
-1784.0875039847222
-1793.045062680086
-1769.537027811481
-1793.8202439580004
-1790.2474466157814
-1781.6350221139578
