-9277.359177831235
-14275.952777315102
-9878.951329910558
-14553.896123532535
-17644.81280037337
-20796.099448150686
-17407.239852367675
-8579.117529515857
-6274.192521326453
-5184.800147767909
-4039.428291178558
-3200.1023611336036
-2734.1544952165577
-2523.8066598074874
-2418.5424984846322
-2334.668260982052
-2342.5661364635175
-2319.569905427955
-2321.8664834934625
-2295.7146552931927
-2251.560930736351
-2245.428657219786
-2222.07844958047
-2171.096538834632
-2164.146951902668
-2128.7381233904116
-2115.833258224468
-2108.380183952993
-2028.0231795562395
-2068.4467581964714
-2012.5251840488388
-2027.9950880714846
-1975.6761350890497
-1980.8925730244398
-1950.840727464692
-1923.176949627355
-1927.4861689973982
-1901.2748163656895
-1883.2886938355095
-1896.8116294626736
-1898.0321608809365
-1876.0651564394605
-1868.4479986949943
-1843.284534978262
-1847.835941569083
-1853.5804895669814
-1836.6182603233988
-1865.3930641323775
-1865.6095016849067
-1848.9500634757526
