-9277.359177831235
-13873.786568618933
-3773.690289719657
-2994.1229491629006
-2647.688165759341
-2349.3061059307347
-2324.2065647773934
-2305.2947800651523
-2317.1287881025373
-2269.0979249911816
-2227.9025541759565
-2185.4056616084504
-2138.841716674603
-2114.882208252207
-2073.110336036091
-2005.8350074399175
-1967.0096640876159
-1914.2789031248326
-1902.2022555828655
-1868.7448630164424
-1845.835010431517
-1846.1189490942156
-1834.9707004149827
-1826.039209625665
-1837.0036775647022
-1826.2376441468186
-1818.7905709655693
-1838.3172051946142
-1809.7938907587663
-1856.1321665399496
-1826.1141274164488
-1851.3203872578001
-1825.4862919810657
-1859.4275297841425
-1845.949094053419
-1829.1603573221219
-1850.5754667199446
-1827.7467199111288
-1814.4779860721833
-1845.5262326050179
-1852.9205320784517
-1841.979435469902
-1830.5268230472393
-1803.5287664424627
-1812.4076242759893
-1823.9006826243572
-1805.4496935314896
-1829.8876579774944
-1827.3812926494898
-1822.3207054321447
