-8810.10917783124
-20605.212714527872
-3122.848147491311
-24683.434702655082
-30780.44739897462
-31982.91219425024
-31865.861576841457
-32014.526772239664
-31845.219916325364
-31987.576342924556
-31919.2218334858
-31829.982579914235
-31832.94845765014
-31853.45131745244
-31925.161652783456
-31825.90919447298
-31761.208508316853
-31989.590613232263
-31855.006556633558
-31986.249393971542
-31816.237795658126
-31793.091599050495
-31863.790195041336
-31859.839609847597
-31844.938203143287
-31804.81614338964
-31876.700386149583
-31941.043741982918
-31933.9789822124
-31993.61730073364
-31891.658607274974
-31812.333909312245
-31800.75062377775
-31779.03927790589
-31900.790414386352
-32011.333105971476
-31846.46328327335
-31875.254156755727
-31830.375930577407
-31854.79012571382
-31787.80871342629
-31891.721490554
-31815.208263370918
-31911.14784366423
-31700.895362639665
-31886.805272174865
-31908.474220299056
-31762.59663314357
-31945.346441001144
-31754.502777219033
