-10679.109177831237
-9818.33023628444
-9199.606652611894
-9182.459124899684
-8019.200357045893
-6170.490548300657
-5133.684151750801
-4485.120057248101
-4023.973522837759
-3838.331726414548
-3488.1393044388888
-3207.496714505155
-3121.9164762942964
-3050.7208132450223
-2880.7982303290737
-2827.9965602903308
-2762.959433207862
-2658.569126382902
-2635.0463534326113
-2569.1548417327745
-2538.53091104593
-2522.39046711571
-2489.886968129559
-2460.532518432031
-2455.220274001981
-2456.809446748618
-2395.4691296062197
-2407.85248974517
-2363.5469432552945
-2419.996613908604
-2387.503245349077
-2399.5502668013287
-2371.3107008576135
-2404.0870910813583
-2363.895445363782
-2353.4003714146884
-2381.8775401290263
-2356.3832131721165
-2326.8694753614436
-2370.0564985151996
-2376.901296786774
-2347.0407949607384
-2335.3538065971143
-2299.269740884389
-2308.7084957391494
-2314.6433641302997
-2294.145455477491
-2346.395920101335
-2302.416170832697
-2295.468773967788
