-8810.10917783124
-11588.93710664926
-5413.270336835977
-2878.8377094021444
-2328.9724406488763
-2001.9113006864075
-1910.4959756965684
-1851.8522852163646
-1830.7885349598248
-1790.8859399166577
-1781.250181359068
-1764.7889433479158
-1737.854963675804
-1706.4155270593176
-1686.5918399180186
-1646.8433356178298
-1607.8562246511933
-1549.0257397280889
-1530.8449114517584
-1497.7822868709513
-1477.029353607215
-1482.7137301903344
-1470.0266274569308
-1457.851308938278
-1455.0752475387321
-1438.7418970847662
-1424.4319527989842
-1449.3498848385532
-1415.7424486156167
-1456.298496165246
-1425.204825513188
-1454.7251904972588
-1429.7364934919337
-1459.7356678594638
-1460.4503429530891
-1438.7725491177985
-1462.533546235118
-1441.8069442521971
-1427.102351169263
-1454.0594231589362
-1465.1373508244717
-1453.4517261348676
-1448.0900402051907
-1424.454910476218
-1434.8124028035877
-1451.1360892683497
-1438.8757992330825
-1459.3078307952596
-1456.744801881029
-1448.1072916295495
