-8810.10917783124
-5401.276735744396
-3268.428891859868
-2505.3523577497635
-1961.702135943108
-1928.9619293854018
-1915.5086266981082
-1812.282625151307
-1759.5744375114919
-1740.887270349489
-1749.4414556339743
-1738.174827654871
-1670.5796368963343
-1613.8043011569566
-1579.447610010137
-1547.8688202110177
-1533.0546367082034
-1492.8662808153738
-1488.804770579696
-1458.133031568454
-1441.732515235042
-1445.760838779304
-1441.8708681191822
-1432.3097410199066
-1439.0628006161137
-1430.2973671488535
-1421.6617494778825
-1452.5096360040338
-1421.406242545262
-1465.0371450883742
-1431.8125611992127
-1459.1909650714547
-1429.1547495468972
-1456.409313605291
-1450.0827925465346
-1434.1766107443732
-1458.9328088661746
-1441.3351789612511
-1430.5336313340465
-1457.927239337608
-1470.1340208182123
-1457.481693155415
-1448.963859540079
-1422.5304968447613
-1427.2102374804076
-1437.5352242943782
-1421.2827236654468
-1443.2976565726651
-1439.954637809979
-1435.1380159174619
