-8810.10917783124
-6270.613735971782
-5344.046321237063
-4736.28133939014
-3692.895590578208
-2818.990244980342
-2456.6940983883655
-2166.467910502142
-2069.291411562682
-2029.1398613976028
-1989.010262101158
-1950.0795710614154
-1890.2893816882874
-1836.312989609094
-1777.8594324763944
-1720.6353293157663
-1715.0735424330583
-1660.841394728584
-1648.785380141196
-1620.8095688687758
-1584.417373265888
-1560.1314720383891
-1527.7509583492797
-1510.2741279530078
-1512.091701441807
-1486.53914073372
-1468.4003319741043
-1487.4975060825595
-1448.3967394045997
-1484.206022797672
-1443.7400053280837
-1466.6151147604364
-1433.3824453463062
-1456.8676649081765
-1443.3693673560929
-1426.1678916116296
-1448.2937954108033
-1429.2877928894761
-1418.4018721148059
-1441.654148627262
-1450.5507135752841
-1432.7707013159254
-1424.9193343318307
-1397.4564398513933
-1402.724136057114
-1411.7958468523511
-1393.3599718030844
-1414.256335772524
-1410.295761720631
-1400.8213491617041
