-10679.107421874998
-37119.16015625
-42427.7109375
-42405.55859375
-42455.52734375
-42507.1484375
-42371.5078125
-42423.7109375
-42337.66015625
-42481.8046875
-42407.0546875
-42385.19921875
-42395.6015625
-42416.59375
-42551.75390625
-42428.14453125
-42451.2109375
-42496.9609375
-42467.8515625
-42501.4140625
-42350.05078125
-42399.54296875
-42440.5859375
-42413.828125
-42452.5546875
-42390.546875
-42398.4375
-42501.8515625
-42412.05859375
-42637.171875
-42407.7890625
-42506.1328125
-42342.82421875
-42471.8203125
-42506.51953125
-42466.3359375
-42534.05078125
-42465.3984375
-42394.0390625
-42534.5390625
-42555.09375
-42554.93359375
-42472.12890625
-42424.83203125
-42360.71484375
-42464.3515625
-42400.07421875
-42426.3125
-42536.04296875
-42404.03515625
