-8810.10917783124
-25471.155118401428
-34318.118495811126
-37643.39936926503
-39285.625437651004
-40155.657326572116
-40584.235210359664
-40947.96502282332
-41105.17746756595
-40205.274903254925
-38310.24422054846
-35858.94027593412
-33576.15583808885
-30935.45081729185
-28700.040126535278
-26189.096583284194
-24594.559646484104
-15350.066043058589
-7671.84293037304
-5251.189763428164
-4273.594370164208
-3967.4175196401493
-3641.0222838774707
-3647.1700813012344
-3053.2884581707667
-2345.18333346931
-2071.0844865551094
-2067.2190015299407
-2318.3747342757
-2641.3494687973352
-2772.93351229384
-2869.217858672512
-2903.399479659711
-3075.8186456494914
-3190.273978567703
-3312.7235993613913
-3486.875750120147
-3590.026161013831
-3623.507857326846
-3795.5153660108017
-3898.5514574833956
-3989.581807998509
-4051.2541826751417
-4088.706629539739
-4137.519453976629
-4287.937210528034
-4325.281052540829
-3929.908884063653
-3478.285119218529
-3168.2907171335833
