-10679.109177831237
-5609.836301774524
-5287.153080853675
-4273.8475348496795
-3760.7328161979553
-3435.2580543823797
-3479.7055675954675
-3508.0666586500897
-3493.219141797314
-3418.553444355134
-3331.185780109254
-3317.3816219665277
-3263.3417313908485
-3264.922708329933
-3241.941924954495
-3204.248157184569
-3191.0924057282427
-3155.807739012857
-3155.2395859985745
-3120.561416557636
-3101.099059427849
-3105.1946068759435
-3074.6542247607404
-3025.793825389706
-3033.8147805595963
-3001.287909323256
-3002.892326107188
-2998.485081559259
-2974.948749621898
-3027.170155240056
-2988.9050426010053
-3002.2668511700094
-2965.7053807564785
-3027.053382287919
-3000.399086107461
-3001.8434188277197
-3030.054226772887
-2998.0752255231105
-2968.9540307516027
-3003.9751761066746
-3001.7984784788946
-2999.52333700874
-2975.052304629531
-2950.1919905341865
-2972.456714826777
-2978.2484836493795
-2943.932772910142
-2981.4769735544346
-2982.034410818567
-2975.3627382376703
