-10679.109177831237
-4209.319834205731
-3413.6238927196027
-3336.704580271561
-3298.818426729221
-15569.344997504313
-3183.091970261843
-3139.884799184495
-3076.2731018314053
-3071.6398827686708
-3012.8362278977065
-3020.0158405957345
-3089.3407259793817
-3088.4886460586795
-3096.6180128573715
-3088.0696641353743
-3098.278343615058
-3087.4102417842373
-3087.3134102925155
-3033.7580132100375
-3080.498740381342
-3097.777038525314
-3022.4773260161965
-3027.1139972415085
-3075.8328339542263
-3062.8620018886004
-3098.736387301201
-3103.5353903441205
-3079.0362266353536
-3115.709876065347
-3074.156393831938
-3092.8938554480865
-3046.353809869999
-3108.605627902422
-3097.195345054038
-3052.6714942693334
-3057.7534246126197
-3034.6512365196636
-3016.8174829190734
-3069.3218756242527
-3068.3189011005684
-3068.8235612124504
-3068.367413130757
-3024.6264357929313
-3044.4972591139294
-3084.614739064076
-3074.0427962525596
-3170.0132991479973
-3284.1713781620333
-3671.3975920575053
