-10679.109177831237
-9890.020070925497
-8625.554532468785
-7173.335208832561
-6111.06660674591
-4950.627821878139
-4410.533391134268
-4047.132499420562
-3820.8754839518238
-3775.6194402463816
-3637.2865649214086
-3556.6343394528876
-3506.56292126219
-3433.6520423641186
-3371.6592369903838
-3321.6317144144823
-3292.7308287826804
-3259.507945572053
-3257.7534992673704
-3209.401944964041
-3179.4757750369135
-3163.079994680804
-3112.574599150305
-3080.985696490097
-3084.28358798194
-3045.0399544533225
-3035.9906454685124
-3025.126872608942
-2995.8215569940735
-3043.2133937981935
-2999.9127697287045
-3006.6882079827806
-2974.1910286910506
-3018.7800183259446
-2975.669074873139
-2971.715833359151
-2987.7528524531594
-2970.465028173913
-2953.287180542621
-2991.739744439711
-2990.2370649572517
-2984.5451348991764
-2964.328745644952
-2938.7150377976554
-2964.946901607167
-2971.0434846137714
-2930.1377595952767
-2966.3297782881264
-2965.2578146034366
-2957.7820240558817
