-10153.45849609375
-22592.5224609375
-29910.068359375
-34073.0234375
-37328.5390625
-39143.04296875
-39990.953125
-40265.6484375
-40259.7333984375
-40629.1953125
-40211.5859375
-39450.484375
-40210.54296875
-41153.76171875
-41912.10546875
-42041.271484375
-42302.07421875
-42424.07421875
-42440.22265625
-42479.43359375
-42346.34765625
-42388.76171875
-42434.18359375
-42410.921875
-42449.4453125
-42387.63916015625
-42322.814453125
-42156.6015625
-40858.5703125
-39457.8359375
-37961.6171875
-36521.8515625
-35419.4609375
-34391.47265625
-33989.32666015625
-32312.603515625
-30124.802001953125
-28893.89453125
-28335.140625
-28158.06640625
-28153.28515625
-28378.546875
-28316.37109375
-28757.296875
-29184.37890625
-30014.18359375
-30388.786376953125
-30668.87109375
-31398.59619140625
-31613.62109375
