-10679.109177831237
-9797.27565567545
-10137.00037158421
-9910.970620083395
-8602.512785745736
-6599.822339763532
-5269.2690524417585
-4583.166600894227
-4132.954819590012
-4057.097876012911
-3765.4336006775
-3518.7065141562416
-3226.1049831164064
-3089.1510560569664
-2926.710871636139
-2877.8161503463807
-2790.2103770415633
-2669.818642454494
-2649.8879938190985
-2582.3721088523334
-2548.5530530261117
-2540.481285822262
-2496.2325371834213
-2458.9945945142645
-2454.150671191367
-2452.0045624702207
-2386.886977074466
-2408.2927238187776
-2362.6653709068823
-2408.9357165350384
-2399.2134580622865
-2379.932527589306
-2357.522849486565
-2392.3535157078345
-2350.7538688823256
-2334.3077585549922
-2351.4583513105144
-2342.793270981339
-2308.44771629978
-2367.9363153995664
-2364.744727181281
-2343.1198020448937
-2327.5283086030877
-2300.024395965956
-2312.63130117917
-2317.5577567539344
-2279.6967448668215
-2386.9970363740194
-2312.771753698235
-2317.759845972279
