-10679.107421874998
-21075.091796875
-27240.67578125
-31288.181640625
-36439.1171875
-39289.2265625
-40204.8046875
-40702.8125
-40944.5546875
-41404.5703125
-41419.50390625
-41114.9609375
-40619.9609375
-39592.4453125
-38264.0625
-36534.2578125
-35494.8984375
-32774.4609375
-30729.80078125
-30202.212890625
-23895.181640625
-18459.099609375
-13204.7294921875
-11390.619140624996
-4996.204101562498
-3792.129638671874
-3496.338623046874
-3488.751220703124
-3446.189453124999
-3455.912597656249
-3333.606933593749
-3281.401611328124
-3249.267089843749
-3275.880126953124
-3268.458007812499
-3296.048095703124
-3238.466064453124
-3204.737060546874
-3163.281249999999
-3170.563964843749
-3146.819824218749
-3166.784667968749
-3119.226074218749
-3091.819091796874
-3040.493408203124
-3070.267333984374
-3031.575683593749
-3007.825683593749
-3050.504394531249
-3008.691894531249
