-10679.109177831237
-9356.074052849113
-10227.950141501507
-8234.957022472905
-7000.186297439437
-5740.889227579092
-4923.421700742596
-4259.292549861023
-3918.1562011594433
-3750.0291235406744
-3595.1807085019354
-3523.9401095687695
-3431.371003998396
-3357.447680468305
-3298.2309712703636
-3268.026707886517
-3237.3550366706086
-3183.9074805077184
-3168.3813592358774
-3120.869793434741
-3118.8032751487967
-3103.6402824130105
-3072.6252241634893
-3031.5656102064545
-3052.848762365841
-3010.2078683456266
-3013.433554477025
-3005.476090149029
-2979.9701546476776
-3026.831762737652
-2980.0997604458203
-2992.3138817525164
-2955.6359944089104
-3002.708319216437
-2966.973582622039
-2958.12075730269
-2976.469419443186
-2960.392485337316
-2940.6760116724554
-2979.9298583250484
-2986.571000964689
-2983.297694289985
-2963.617318576712
-2936.085078363754
-2957.991623357919
-2966.1586814500147
-2920.3044381986742
-2957.3559399376404
-2958.218680327279
-2950.721384958927
