-10679.107421874998
-24614.669921875
-33701.81640625
-36486.5546875
-38117.6875
-39776.32421875
-40553.29296875
-40777.34765625
-41357.3046875
-41014.6484375
-39495.41796875
-37526.875
-36271.48828125
-34977.66796875
-33700.4609375
-32617.490234375
-31524.212890625
-30513.47265625
-29320.365234375
-29100.583984375
-28766.24609375
-28714.865234375
-28753.228515625
-28295.36328125
-28107.48046875
-28051.787109375
-28235.66796875
-28757.912109375
-29317.359375
-30349.859375
-30293.51171875
-30939.318359375
-31411.92578125
-31635.171875
-31691.275390625
-31791.552734375
-31565.0625
-30938.8125
-30089.494140625
-28958.34765625
-24648.826171875
-18743.94921875
-13642.509765625
-11311.6640625
-9395.3154296875
-8095.0654296875
-5970.85498046875
-4459.94970703125
-3740.323486328125
-3303.182861328125
