-10679.107421875
-9356.10546875
-10178.513671875
-8147.6484375
-6908.5166015625
-5616.38037109375
-4858.90966796875
-4179.70361328125
-3876.96533203125
-3716.46875
-3578.50439453125
-3491.37548828125
-3403.012451171875
-3340.078857421875
-3294.329345703125
-3239.72705078125
-3208.25146484375
-3176.120849609375
-3159.95263671875
-3110.751953125
-3109.889404296875
-3087.10498046875
-3061.95849609375
-3021.0361328125
-3040.104736328125
-2998.672607421875
-3007.65771484375
-2993.510009765625
-2972.47900390625
-3016.234130859375
-2970.70703125
-2984.1357421875
-2947.411865234375
-2992.8876953125
-2960.54638671875
-2950.58349609375
-2972.716064453125
-2948.989990234375
-2931.576904296875
-2971.30810546875
-2971.03759765625
-2969.370361328125
-2944.31298828125
-2919.102294921875
-2942.60693359375
-2949.089599609375
-2909.521728515625
-2944.78173828125
-2943.52734375
-2937.10791015625
