-9277.359177831235
-9163.58023628445
-10391.872474220245
-10225.94541014193
-9009.667227962844
-6933.580288680865
-5120.792111459713
-3816.8391432137637
-3536.9106177492927
-3405.7310731052653
-3199.728886809451
-3146.9937458810214
-3113.4282073342956
-3040.0221887845883
-2976.056488251189
-2910.148332197437
-2837.4465051975317
-2763.903338957336
-2811.3008111348927
-2736.2588922963773
-2646.2455258940854
-2613.6900248199063
-2573.3506407561454
-2543.6662205907196
-2525.3505714157977
-2505.7264833102595
-2475.8207102641272
-2458.6474728421135
-2404.829457912693
-2454.0266582671443
-2399.3297628357304
-2381.591699334961
-2338.4563693692558
-2407.0655591590685
-2356.0857626881816
-2323.8252009708085
-2354.6384857463513
-2318.193999532014
-2281.5943633468505
-2356.59562203883
-2353.9968203115964
-2333.312613896633
-2303.263866441288
-2281.1031430244916
-2335.7447164424975
-2324.815140602715
-2294.8043086012813
-2316.128269035096
-2291.61816254068
-2299.8154650038946
