-9978.2421875
-16168.68603515625
-3897.2611083984375
-4176.7525634765625
-3410.9957275390625
-21202.853515625
-28417.162109375
-27520.697265625
-29069.23046875
-26593.634765625
-29689.66796875
-28686.1875
-17941.611328125
-22193.77734375
-35310.703125
-37581.6015625
-37665.212890625
-37472.0703125
-37587.42578125
-37455.76171875
-37523.8046875
-37587.87890625
-37516.85546875
-37237.0234375
-37049.3125
-36257.05078125
-33404.671875
-25563.10546875
-15097.2158203125
-14146.681640625
-11088.033203125
-8130.587890625
-6938.621337890625
-6838.49462890625
-6250.1162109375
-5274.05908203125
-4520.7177734375
-3723.8021240234375
-4152.663330078125
-3441.9830322265625
-3102.80908203125
-2884.8995361328125
-2866.1630859375
-2743.5543212890625
-3999.8604736328125
-9666.2197265625
-18008.16796875
-25672.078125
-27926.7919921875
-31326.8125
