-9277.359177831235
-9081.775655675434
-9855.750371584214
-9748.9706200834
-7936.512785745728
-5432.072339763544
-4103.769052441759
-3318.666600894235
-3055.204819590019
-3035.5978760129165
-2896.933600677505
-2832.4565141562425
-2776.1049831164064
-2787.651056056967
-2739.9608716361377
-2675.316150346382
-2619.2103770415647
-2539.318642454493
-2566.637993819102
-2501.3721088523334
-2454.053053026112
-2436.981285822264
-2428.7325371834213
-2400.4945945142654
-2384.400671191367
-2357.504562470222
-2330.636977074464
-2361.0427238187776
-2310.9153709068833
-2370.685716535038
-2315.9634580622865
-2316.932527589305
-2269.7728494865646
-2358.6035157078345
-2321.503868882326
-2280.3077585549922
-2322.2083513105154
-2306.7932709813367
-2276.94771629978
-2338.686315399565
-2355.744727181281
-2325.1198020448937
-2296.0283086030886
-2246.0243959659556
-2272.13130117917
-2259.0577567539353
-2232.4467448668215
-2265.4970363740204
-2258.771753698235
-2252.5098459722785
