-10153.45849609375
-39899.1015625
-42040.140625
-42246.453125
-42446.25
-42507.1484375
-42371.5078125
-42423.70703125
-42337.6640625
-42481.80078125
-42407.0546875
-42385.1953125
-42395.6015625
-42416.5859375
-42551.75
-42428.1376953125
-42451.2109375
-42496.95947265625
-42467.84619140625
-42501.4140625
-42347.87744140625
-40181.02734375
-29284.88330078125
-29105.806640625
-28306.587890625
-27982.406494140625
-31465.33203125
-31709.240234375
-31899.56103515625
-31993.56494140625
-31891.59765625
-31812.276611328125
-31800.68359375
-31778.974609375
-31900.729736328125
-32011.265625
-31846.400390625
-31875.18603515625
-31830.30859375
-31854.724609375
-31787.744140625
-31891.66015625
-31815.150390625
-31911.087890625
-31700.83203125
-31886.74267578125
-31908.412109375
-31762.53369140625
-31945.27978515625
-31754.4375
