-9277.359177831235
-24724.130341519143
-33554.50004345083
-35833.936499354306
-35089.67494008206
-34780.260309228775
-34132.296849240796
-33267.16088033598
-31073.63647578248
-29633.9217192029
-28759.32485576755
-28309.310929398373
-28054.346416804357
-28104.13886394869
-28378.78003636081
-28606.476544200494
-28940.645739955646
-29329.472849697835
-29432.55092108334
-29827.4276326685
-29765.2829234521
-29610.923422911692
-29549.480160843465
-29373.50235627264
-29194.036865462054
-28869.918550026225
-28671.117976471265
-28467.074638879123
-28233.06690396522
-28450.245621586142
-27712.15874070326
-26700.18073598727
-25008.710539382908
-17469.459366741026
-11363.318819857745
-10369.090974858078
-9005.311120225615
-6926.411236083608
-5128.695901326548
-4390.7135462709
-3919.7248454090795
-3749.3346146859576
-3576.2123243400056
-3477.5231348671937
-3370.57104469475
-3289.5965128529533
-3129.578846882213
-3073.316524413066
-2996.209789085543
-2787.5036347481105
