-9277.359177831235
-7075.126930745841
-5807.865215449721
-4910.292913086757
-4172.514565648059
-3319.898240170108
-2920.676900722868
-2627.493624914011
-2492.4347635218355
-2452.6044109353033
-2386.8962635298253
-2346.108385060661
-2275.5078533130254
-2217.2351875997933
-2165.5061002550624
-2116.7621745753727
-2103.6698922999485
-2052.7207863692206
-2043.7198249041205
-2014.2462744131167
-1977.9677314379242
-1959.196477880012
-1923.1239892706155
-1898.2129281665589
-1903.668819365988
-1873.1948021609
-1859.024695973748
-1871.2200054091632
-1836.163337781604
-1873.9195740228527
-1833.3059703953622
-1852.439376312784
-1819.0887856675467
-1847.6812938201879
-1827.370538735998
-1811.110655899593
-1833.7095642795496
-1811.970808162851
-1799.1775733551858
-1825.9723491033033
-1833.5936097198955
-1818.8653762158015
-1807.199622959513
-1779.7080354882964
-1789.5775688670783
-1798.0060861884715
-1773.563150536326
-1798.2118515173765
-1794.7869410401522
-1785.8354725351487
