-10679.107421874998
-37119.1875
-42462.5234375
-42405.58984375
-42455.34765625
-42507.19140625
-42371.5546875
-42423.75390625
-42337.70703125
-42481.84765625
-42407.09765625
-42385.2421875
-42395.6484375
-42416.63671875
-42551.796875
-42428.1875
-42451.2578125
-42497.0078125
-42467.8984375
-42501.4609375
-42350.09375
-42399.58984375
-42440.6328125
-42413.875
-42452.60546875
-42390.59375
-42398.48828125
-42501.8984375
-42412.10546875
-42637.22265625
-42407.83984375
-42506.1796875
-42342.8671875
-42471.8359375
-42506.53125
-42466.3515625
-42534.0625
-42465.4140625
-42394.0546875
-42534.55078125
-42555.10546875
-42555.12109375
-42482.7265625
-42443.0390625
-42374.27734375
-42495.265625
-42407.72265625
-42433.390625
-42538.16796875
-42404.04296875
