-9277.359177831235
-6300.5711471650475
-6076.697388670078
-5068.949895747613
-4553.842093646761
-3818.8237706733066
-3236.3211530822578
-2765.9355428623167
-2573.803647670359
-2449.8919116858256
-2359.4942470590913
-2306.2789819155964
-2211.3365079924
-2176.376195454784
-2124.918991014761
-2074.5869660440712
-2054.572423832265
-2001.2269763148465
-1987.2537572090328
-1954.7692612700303
-1939.218321438068
-1923.6001270927409
-1900.7272088855311
-1876.8142462336502
-1882.9925893766726
-1855.4546567439374
-1841.4406175691558
-1857.6672451020706
-1821.8966691583282
-1861.6725081462234
-1822.2275453037462
-1843.095115207417
-1812.872932895975
-1842.3785256192928
-1823.716616465294
-1809.42651302356
-1830.8858496079167
-1812.325690781209
-1800.4273028616542
-1829.0732949639878
-1839.53278240584
-1825.2229555015365
-1817.904833395694
-1790.6972986305966
-1801.7787530676283
-1812.3187068851323
-1785.2219836989887
-1810.2180371119325
-1808.5808319843356
-1799.5154780912846
