-9277.359177831235
-40995.100478536566
-40618.21658824022
-36479.87354603339
-33236.86971543587
-32252.82652173882
-31745.401533293836
-19387.06058360634
-16628.014150346793
-19588.097753431553
-21536.621441301737
-22138.604408155188
-21811.332895926746
-22149.90649866861
-22965.474452834453
-23288.731041804152
-24564.62803098397
-25899.163263253486
-27099.583605678556
-29018.71774190294
-29878.09788759519
-30784.30830990079
-31478.837173537024
-31762.44603101837
-31823.44440589549
-31800.395066211408
-31876.639859319363
-31941.043741982918
-31933.856938015808
-31993.577847673965
-31891.658607274974
-31812.333909312245
-31800.75062377775
-31778.7048306297
-31900.790414386352
-32011.333105971476
-31846.46328327335
-31875.254156755727
-31830.375930577407
-31854.79012571382
-31787.80871342629
-31891.721490554
-31815.208263370918
-31911.14784366423
-31700.895362639665
-31886.805272174865
-31908.474220299056
-31762.59663314357
-31945.346441001144
-31754.502777219033
