-8810.10917783124
-5282.074052849079
-4692.950141501472
-4070.957022472884
-3730.186297439458
-3193.8892275791104
-2679.421700742601
-2267.292549861012
-2124.156201159439
-2016.0291235406683
-1954.1807085019295
-1915.9401095687554
-1805.3710039983894
-1770.4476804683109
-1723.2309712703695
-1672.026707886515
-1662.3550366706058
-1617.9074805077157
-1605.3813592358824
-1572.8697934347322
-1549.8032751488063
-1537.6402824130107
-1518.6252241634825
-1495.5656102064568
-1498.8487623658443
-1474.2078683456161
-1456.4335544770206
-1478.4760901490245
-1440.9701546476815
-1478.8317627376468
-1438.0997604458255
-1459.3138817525207
-1428.6359944089104
-1454.7083192164403
-1439.97358262203
-1425.1207573026902
-1446.469419443177
-1430.3924853373087
-1419.6760116724695
-1443.9298583250563
-1456.5710009646932
-1438.2976942899782
-1433.6173185767243
-1409.0850783637543
-1412.9916233579129
-1421.1586814500188
-1402.304438198671
-1424.3559399376459
-1422.218680327284
-1411.721384958928
