-9277.359177831235
-8296.142178910823
-8629.584355206329
-9049.412009551877
-8144.487542088953
-5947.794073991794
-4237.8690461121
-3281.232173366042
-2913.982884694184
-2971.453803424877
-2685.2356623560518
-2598.106164567398
-2405.9254296288336
-2330.1351872069117
-2242.6393976273353
-2185.951356858567
-2108.340558652521
-2041.5499012612836
-2025.341046415264
-1978.074798348096
-1953.9187123195668
-1941.5146684898314
-1918.3157512225475
-1895.6516935995726
-1895.7858362953073
-1871.4456369003442
-1854.9304120184224
-1872.3161633050374
-1834.6440370100718
-1872.53963055044
-1835.4421782062
-1855.1180672678997
-1822.7659259556372
-1851.4042096407306
-1830.9790542563042
-1813.6720575227641
-1835.9824499026865
-1814.6236885381836
-1803.3998189401257
-1830.9671756167577
-1840.496698146027
-1822.9032402838861
-1811.6195488109709
-1787.0064323163388
-1794.723229343145
-1804.0378069326675
-1778.597731858367
-1803.7486897420954
-1801.8432088343077
-1793.2167802328004
