-8810.10917783124
-9381.665451201448
-10166.288904543278
-10266.219985126672
-8142.131972539193
-5900.474392001668
-4544.683010661762
-3384.0309868752483
-3075.6787621763333
-3159.644736661331
-3110.978980320829
-3150.5437097461463
-2924.215090272327
-2922.97265693094
-2919.380060545371
-2829.68481743715
-2812.2343095293318
-2711.5271207508827
-2757.4087725493323
-2653.6406023951236
-2597.2846416406605
-2585.1667452373554
-2522.3639234800144
-2501.7616307661297
-2473.0900926714703
-2424.9713020539834
-2404.727920550404
-2424.851070633938
-2405.4541610024216
-2471.679182622176
-2428.4570408146737
-2356.6053051129556
-2301.0701920615397
-2380.37298069973
-2338.944001232454
-2291.6242221117245
-2340.439836315609
-2301.0823397245967
-2281.3546672130915
-2380.033526361564
-2376.1403331945266
-2351.7317262567694
-2325.7296780691768
-2294.203726348732
-2313.258898818779
-2314.192695569014
-2271.2226936077623
-2262.9944492555815
-2273.2360029730894
-2258.0515313687515
