-10679.109177831237
-40995.220638017214
-40618.323833830946
-36480.0258241913
-33237.00246282657
-25840.514475171825
-24393.724433105323
-23298.101474250954
-23704.339439325577
-20313.030061892245
-19471.624415492737
-18513.875754876128
-18935.77446025909
-19309.065563494376
-18623.728134084253
-17821.68982341582
-17513.524191751258
-15548.891259868036
-14818.180654746044
-13489.620157632973
-12360.01352233336
-11661.547824221054
-10695.931027705605
-9573.253124368242
-7468.173861989604
-5787.153808354382
-3543.1124707069634
-3470.552004636863
-3504.6225214564583
-3564.2202354922156
-3529.3750018607525
-3459.8455182833686
-3412.319263599842
-3431.0136951259747
-3415.890308046808
-3464.81116237186
-3420.365261481222
-3395.038859195458
-3413.444353406405
-3407.2317157675016
-3387.8789653435824
-3420.1876610552217
-3392.8958841671565
-3400.6397113455278
-3338.007519522935
-3405.500244097608
-3424.872060806835
-3421.5939571209647
-3562.6905587696265
-3561.1099742454608
