-9978.2421875
-8662.834716796875
-7584.679443359375
-6471.748291015625
-5398.955078125
-4248.01513671875
-3759.084228515625
-3387.8687744140625
-3176.4149169921875
-3127.06201171875
-3025.7392578125
-2958.174560546875
-2903.27734375
-2864.1708984375
-2825.83984375
-2767.45068359375
-2750.74755859375
-2688.327392578125
-2701.9625244140625
-2660.11669921875
-2646.531005859375
-2619.0230102539062
-2566.9481201171875
-2537.6868896484375
-2544.54638671875
-2504.053466796875
-2490.5872802734375
-2491.6290893554688
-2455.681396484375
-2493.7677001953125
-2448.8738403320312
-2460.0338134765625
-2424.394287109375
-2461.52685546875
-2423.5861206054688
-2412.788818359375
-2432.4034423828125
-2408.8809204101562
-2397.474365234375
-2427.5472412109375
-2434.4910888671875
-2422.0081787109375
-2406.386474609375
-2377.9010009765625
-2396.173828125
-2403.14111328125
-2370.0963134765625
-2397.578369140625
-2396.3408813476562
-2386.1876220703125
