-9978.2421875
-12938.65771484375
-12065.6015625
-14624.341796875
-16468.3486328125
-13226.1494140625
-7537.890625
-6360.2158203125
-5441.087158203125
-4878.4521484375
-4469.3233642578125
-3717.8685302734375
-3136.986572265625
-2902.94580078125
-2992.69873046875
-3058.185791015625
-3076.0452880859375
-2936.399169921875
-2862.55078125
-2789.9322509765625
-2724.3936767578125
-2720.2548828125
-2688.4954833984375
-2657.0634765625
-2664.572265625
-2622.351318359375
-2607.3663940429688
-2581.8148193359375
-2523.7432861328125
-2545.8632202148438
-2503.649169921875
-2516.0145874023438
-2473.8314208984375
-2499.22412109375
-2460.702880859375
-2432.9320068359375
-2446.5194091796875
-2423.3067016601562
-2402.747314453125
-2437.448486328125
-2443.1594848632812
-2434.1488037109375
-2418.3558959960938
-2389.2982788085938
-2403.1102905273438
-2408.3096313476562
-2382.689697265625
-2429.73388671875
-2453.0596923828125
-2447.1871337890625
