-8810.10917783124
-7890.392178910833
-8180.741747056568
-8785.935700497414
-7408.263303942663
-5253.964612886562
-3761.17030240911
-2896.336056301556
-2640.40585194932
-2542.984243076243
-2356.3670572320857
-2236.1346166688554
-2060.786610333635
-1998.3479282176359
-1943.1538653779535
-1844.4784998370274
-1770.1642711626093
-1722.4854819303746
-1706.893954992039
-1681.2701342327946
-1641.5597617211467
-1607.8362059674532
-1569.1522333874057
-1546.7343033803077
-1542.0962302038056
-1519.8340085852738
-1495.5561443420077
-1517.0287386926345
-1473.9173148399534
-1506.7943957051846
-1468.6364511668503
-1492.063860576472
-1460.6843219264697
-1494.0851988453828
-1475.7367344759666
-1461.3884461266243
-1482.7194061484745
-1459.127693068888
-1449.7230475221959
-1476.5044570074128
-1490.8225497068856
-1472.494729271405
-1466.1254246463423
-1434.513624107647
-1449.3657589620223
-1456.6845376798176
-1436.9168000237403
-1462.1270606583107
-1457.8424640893022
-1448.108723488185
