-8810.10917783124
-5282.074052849079
-4661.538335141694
-3995.682939243178
-3701.534866248415
-3138.40608607703
-2653.928034084935
-2247.72405154877
-2103.9794588848026
-2003.482401641609
-1949.5163148603788
-1910.3897186196368
-1807.02633751051
-1765.093256406449
-1722.3500457352104
-1652.7304822463834
-1639.148832751806
-1598.0725062007814
-1584.7923552026289
-1558.8994475589839
-1535.495112862321
-1526.301879712953
-1505.270902137099
-1485.359966351139
-1485.7876547058097
-1465.8966523669337
-1447.4630507934246
-1469.2441891166034
-1430.4250696633146
-1468.077939552646
-1428.613731386688
-1450.8483832499983
-1420.149471582209
-1444.6026934331046
-1433.1471744396292
-1417.157024001193
-1439.9241758267717
-1421.9136658099103
-1410.465946630118
-1435.186534366398
-1443.7258216912826
-1427.6718557897682
-1420.163120539994
-1392.7712845818558
-1398.5934078585155
-1408.0399388005258
-1389.901159303017
-1410.2662624843085
-1405.9718059865866
-1396.5493422961051
