-10679.107421875
-4206.0498046875
-3371.08984375
-3193.809326171875
-3270.177001953125
-3228.94091796875
-3142.08544921875
-3112.910888671875
-3144.24169921875
-3193.903076171875
-3136.97998046875
-3077.388916015625
-3089.54248046875
-3114.510009765625
-3139.598388671875
-3108.94677734375
-3118.6806640625
-3117.44775390625
-3107.62548828125
-3101.6806640625
-3129.86767578125
-3192.258544921875
-3292.51123046875
-3359.757080078125
-3417.860595703125
-3319.18701171875
-4342.705078125
-4542.5498046875
-4592.08203125
-3980.00732421875
-3494.46435546875
-3463.65087890625
-3363.66015625
-3365.9765625
-3302.479248046875
-3246.04638671875
-3225.68603515625
-3187.8427734375
-3173.436767578125
-3182.97705078125
-3167.68115234375
-3142.61474609375
-3113.918701171875
-3083.6904296875
-3110.3916015625
-3102.56982421875
-3079.89990234375
-3145.707275390625
-3147.996826171875
-3071.265869140625
