-9277.359177831235
-16168.662189508625
-3143.4309880931987
-6478.067002109604
-3521.9949523084615
-3518.5605319618035
-3992.329830966247
-2675.349842399001
-2448.892514849466
-2382.300359054638
-2403.667033890383
-2349.3937845337905
-2350.2524090348475
-2416.212342128272
-2376.7362297562477
-2327.477055918466
-2355.5510012576747
-2352.8266304562358
-2311.7651223553494
-2254.481901463079
-2204.0478498882862
-2235.2307652297213
-2251.7164622880127
-2254.619946073576
-2283.477511375536
-2291.554918564448
-2287.7245027083877
-2323.423872017869
-2305.880415548478
-2380.820008031432
-2395.207323120323
-2427.761496961169
-2410.656774885395
-2399.5082576028954
-2371.6521329848388
-2364.556757529962
-2426.1571040143253
-2418.6056226488927
-2393.908829061763
-2406.59612809629
-2442.597631456875
-2406.7383285870546
-2394.1439313013716
-2362.1992947996223
-2366.1429410549363
-2328.1526998552063
-2322.589618801555
-2393.5076184037207
-2482.0624425794567
-2520.5150615096222
