-8810.10917783124
-5282.078798278711
-4692.9536242781805
-4023.2250190439213
-3741.0295514362138
-3147.642174207625
-2647.001129039983
-2250.3447413938634
-2118.7404754835998
-2012.6871435972116
-1946.0302123154634
-1911.494252102102
-1804.3900839249322
-1772.4492360172412
-1714.101967199233
-1659.8142998915725
-1647.060422806616
-1606.2424505771146
-1593.3654808069873
-1567.7994420420619
-1548.1816814994354
-1536.0919932671436
-1513.1794972809826
-1494.8477898306528
-1494.8419078518154
-1474.133480966693
-1454.8348526027603
-1481.417584969486
-1442.7679569286668
-1479.8225681600004
-1441.6156572647592
-1465.5656466986497
-1435.73104746095
-1462.2367176402843
-1447.6834018554687
-1430.5357107972209
-1453.845804764094
-1434.7068327660866
-1425.385222817276
-1450.978090779926
-1460.870980891784
-1441.9020490683001
-1436.7020454613637
-1406.583055145367
-1412.3871859408118
-1421.4791698209851
-1402.6470155572606
-1423.2779279353156
-1419.4453696205794
-1410.2936910566664
