-10679.109177831237
-13035.841713900429
-3800.225130971684
-5195.588438531633
-5019.30140230922
-6216.859684040451
-3807.7568137675203
-3815.682181645551
-3801.47171131726
-3719.075679859746
-3629.432098878132
-3569.6900628117064
-3543.008011554927
-3551.9155518387865
-3521.566408732716
-3512.762682930121
-3565.2418266933564
-3500.934032094129
-3488.149583690687
-3633.6895992295204
-3558.4947326988504
-3379.3088977174666
-3463.5609867414423
-3521.1201465565528
-3545.845661215222
-3453.409633595011
-3429.741916662059
-3433.9516587278995
-3412.6498373658346
-3448.2319054419468
-3415.2759420066336
-3387.105147464653
-3323.1850175022482
-3382.5912690319783
-3612.410349354553
-7881.62531112273
-8168.810026112124
-7696.20322583324
-3460.3246994207525
-3383.0854538250687
-3451.956624235116
-3450.3174469929754
-3465.167086236275
-3410.7222097503823
-3506.1443854147183
-3585.1269219131464
-4133.657485903945
-4437.486753916223
-4066.307266748548
-3587.887287544659
