-10679.109177831237
-4205.72175025795
-3413.3604481175075
-3326.9775519701084
-3365.294328008982
-3446.442152740104
-3492.256980104631
-3588.9482299684946
-3965.0454633041672
-4684.644103388595
-4249.797213181579
-4254.7264445519095
-4159.86272547207
-3757.399720959328
-3380.0094533645693
-3436.9114061006003
-3333.162501288374
-3243.4480007326047
-3642.6190031243495
-3626.0126442549786
-3670.304679138522
-3567.2033818830387
-3711.749412047856
-3690.1764998812105
-3599.89045069114
-3133.7613733321896
-2993.2558732935286
-3115.9616986614155
-3525.578856879464
-3917.2444733825023
-4074.7953196101544
-3828.682635350666
-3387.995047107345
-3233.6294679861085
-3745.0406902906943
-3653.1569697602527
-3628.9777193760697
-3593.839248127157
-3563.3671579450443
-3603.4589961122824
-3587.498756803872
-3579.5280431242595
-3608.858880925447
-3609.127768424263
-3618.363636189816
-3608.5184159653118
-3552.4745410134274
-3554.3014939765844
-3570.451558822816
-3620.4710601550314
