-10679.109177831237
-10622.826087813632
-3712.1559646398355
-3982.415420994952
-3489.0503309391993
-3489.6944849333363
-3406.5793163605676
-3465.5875713010873
-3354.204170395139
-3282.8987449818787
-3187.918961244432
-3168.9498837687784
-3146.276968043615
-3079.9827120579953
-3097.0904205949846
-3036.936096524461
-2992.196537958177
-3051.68879221716
-3029.762456677251
-2991.4141557459343
-3026.841204848227
-3077.885073338559
-3050.4402488624546
-3019.131815877406
-3034.1811525725516
-3009.034869961371
-3021.7720393211043
-3024.8575331882757
-3009.6607474752936
-3066.3406631487164
-3037.5335978344747
-3046.2751018812232
-3005.756427576642
-3054.0350712095697
-3016.027069624604
-3006.6319311846246
-3029.5892070170407
-3017.4963456801534
-2996.7413617971524
-3069.1890739907985
-3070.543852367425
-3043.953560136297
-3024.441424054909
-2997.961476339798
-3020.881027741703
-3025.2454307317103
-2987.14252858825
-3026.990120232984
-3024.951343179871
-3015.99128723645
