-9277.359177831235
-35716.4680618267
-42434.48647214255
-36702.882191294215
-32523.511803651967
-32833.05930043043
-32618.103154589673
-32586.782980734144
-34556.40574149116
-34659.65075143804
-32394.466351404943
-26516.167500690346
-11317.874282095649
-20817.082499136617
-30924.226941904206
-34337.375278576175
-34114.46298073417
-34261.19694047378
-35382.57339591949
-36461.89262433565
-35650.26735657291
-37570.468162808334
-17726.17917578052
-8896.463033339653
-6036.003657106244
-8493.588760925299
-8000.839833115952
-5726.464189181738
-4116.959923953417
-3302.695254578094
-2800.9058515253
-2247.850392844645
-2447.691943748614
-2529.2603935705597
-2460.2591121700693
-2325.161460471482
-2267.1385923317907
-2193.2273999162644
-2091.2116843894655
-2074.1347493537455
-2106.5914984611345
-2082.0102002311546
-2108.71520629066
-2167.892132070891
-3362.6101605612785
-3534.1402844074228
-3953.811633808165
-4330.387133260914
-4255.328485120927
-4317.504459840862
