-8810.10917783124
-8009.852874775499
-8430.79823024768
-8946.006390719534
-8136.210792813961
-6032.307867577851
-4212.438044096292
-3091.673664926959
-2709.811574184597
-2569.5577749548906
-2298.004188269392
-2134.7122356551317
-1986.9241783911943
-1956.6256127899992
-1925.2392628607533
-1848.4686877616732
-1772.8650236378085
-1688.3350923937899
-1659.81069325553
-1619.9437326047423
-1590.9022056018575
-1573.008776318832
-1548.3551198494702
-1524.9494873409294
-1523.7640570403212
-1504.099521776045
-1480.7316768440633
-1498.4917175536425
-1457.6687413959908
-1491.8412498938192
-1454.6985286121467
-1476.634560136987
-1443.3674778988154
-1468.564981902157
-1452.9795313906495
-1434.98944885691
-1459.8004519162666
-1438.7569631028432
-1427.6919062949632
-1453.115553479295
-1463.9179363128076
-1442.6318015355953
-1435.8523722234384
-1409.6746939409
-1414.876948369642
-1424.0167174063993
-1404.2842051315138
-1425.1603244645742
-1420.9436406754808
-1412.3228607738235
