-9277.359177831235
-8390.102874775492
-8757.051539227796
-8443.905107748998
-6831.654454726985
-4617.284380849001
-3669.621932264693
-3079.7641051156215
-2817.7433761788798
-2767.1812447933107
-2592.886076638948
-2521.393116223352
-2388.661098560061
-2330.8110342849855
-2260.7279940768994
-2208.000059980519
-2120.2669556877863
-2050.148339724777
-2034.4963072029236
-1988.2037519030098
-1965.9735698817913
-1948.5352806397636
-1921.2308710154903
-1896.67950863997
-1899.9655337733923
-1875.9343025704115
-1858.4168837018847
-1873.5260211013506
-1837.1349341842738
-1878.8650034254024
-1840.7907262849556
-1856.976888346567
-1823.9328907461859
-1852.6040578348693
-1830.3999047986276
-1814.0813713809832
-1837.904255037451
-1815.7923268046536
-1802.6351435658119
-1832.3055110838636
-1840.5412586210957
-1824.1545998950103
-1812.6647342017798
-1787.8456593856695
-1797.3009375939619
-1807.3433306387935
-1783.0077719097637
-1806.9348220059994
-1803.2672242563217
-1794.4909835897295
