-9978.2421875
-14281.58349609375
-10648.72509765625
-11812.931640625
-19644.3974609375
-26060.4296875
-29858.115234375
-31852.91796875
-32968.59765625
-34140.1171875
-34800.84765625
-35107.5703125
-35521.96484375
-35849.01171875
-35952.66015625
-35880.90625
-36116.6640625
-35915.60546875
-36085.66015625
-36137.3125
-36189.87890625
-36247.9140625
-36228.296875
-36201.3203125
-36248.95703125
-36233.5
-36153.1484375
-36348.5
-36121.6484375
-36312.08984375
-36148.04296875
-36367.31640625
-36235.0234375
-36267.583984375
-37418.78125
-37387.796875
-37493.66796875
-37182.640625
-36737.79296875
-36524.6953125
-36288.6640625
-35947.572265625
-37347.59375
-37479.50390625
-37657.8359375
-37574.8984375
-37485.30078125
-37652.16796875
-37551.46875
-37628.4921875
