-9277.359177831235
-4132.562098172374
-2348.157677504682
-2175.153237766885
-2146.6087664606152
-2133.0276049041336
-2202.343635728422
-2142.4763941506817
-2325.481167621867
-2260.305537866419
-3518.196806674653
-3103.301193765871
-3865.9428380857744
-2910.7893397202597
-2798.609204957963
-2906.085978513357
-2760.680660455397
-2892.0735951672114
-2900.359045316739
-2765.988997183704
-2431.5137405011346
-2181.0484378510987
-2231.8097263277155
-2366.496138061887
-2140.763297681865
-1997.6512903867238
-2035.3530003509263
-2072.3234350154116
-2034.9162115314225
-2048.4391664068785
-2003.8574704563748
-1976.1940318669986
-1940.423914506608
-1980.8149834806677
-1976.1115132529535
-1978.1109943855342
-2046.988332752345
-2153.6201774681385
-2136.8371814886623
-1992.4153297767393
-1973.8456873301934
-1971.5095265336938
-1976.9049605085359
-1966.872048688243
-1956.4000091017758
-1960.666119225165
-1946.4389534143752
-1973.5250746667302
-1953.8202570703172
-1939.5414131172122
