-10679.109177831237
-18165.43348628123
-21634.895941298655
-23518.778832860073
-29222.133459448953
-32450.021199083898
-33444.14189165319
-33567.62591889611
-33597.542864734256
-33403.65195942948
-33284.32127870684
-33081.66061293907
-32837.642799485315
-32657.611783835542
-32675.093233725223
-32535.175177061523
-32580.55192294325
-32380.666877618474
-32416.000267946794
-32378.431131543854
-32426.254835631098
-32374.073909542036
-31949.984924560635
-31217.899428268858
-29785.7416669914
-26479.42147311774
-20897.016007836854
-13000.883606505897
-8073.011193824959
-5025.603090220357
-3951.681777130629
-3701.20376392052
-3585.2249284661666
-3533.8414822799177
-3428.1113607277307
-3363.5590579319114
-3321.8925845036174
-3290.3291163149465
-3275.9200610539756
-3252.9392286664847
-3164.175298527723
-3134.083547458208
-3135.1222542254195
-3105.794160396078
-3043.31654367135
-3016.2029353923144
-2994.454590997674
-2967.422205968949
-3030.319006719633
-3024.4742125839775
