-10679.107421875
-4206.029296875
-3380.83251953125
-3466.10498046875
-3523.52001953125
-3685.09423828125
-3243.525146484375
-3216.75390625
-3207.97802734375
-3076.927490234375
-3179.43310546875
-3257.615966796875
-3278.48291015625
-3214.616455078125
-3243.54345703125
-3263.25
-3265.462890625
-3166.814453125
-3384.559326171875
-3318.48291015625
-3289.86962890625
-3185.1494140625
-3228.568359375
-3207.39794921875
-3258.564208984375
-3252.5693359375
-3306.09375
-3313.80029296875
-3309.39990234375
-3375.819091796875
-3342.801513671875
-3365.096923828125
-3333.055908203125
-3369.145751953125
-3333.461669921875
-3325.32177734375
-3335.21337890625
-3336.43701171875
-3306.43798828125
-3352.733642578125
-3392.90380859375
-3408.17333984375
-3397.604248046875
-3431.82373046875
-4017.79736328125
-3471.112548828125
-3476.714111328125
-3617.564453125
-3610.60498046875
-3422.96044921875
