-9277.359177831235
-33098.27273809876
-42479.12952111979
-42405.59287720309
-42455.57184374468
-42507.19562092242
-42371.54949987446
-42423.752288082294
-42337.707883215255
-42481.83562131103
-42407.09660438017
-42385.248146758815
-42395.65016699552
-42416.633077151455
-42551.79703509248
-42428.19201507513
-42451.2656317495
-42497.00744803225
-42467.892967327134
-42501.4560321212
-42350.089896067584
-42399.5870739317
-42440.63170874615
-42413.87758392807
-42452.60312556308
-42390.585284265675
-42398.48413972009
-42501.89195666089
-42412.104222980335
-42637.22537590987
-42407.83920801316
-42506.18120702812
-42342.88343291277
-42471.871398186384
-42506.57007828583
-42466.38724900987
-42534.1014362083
-42465.45257348216
-42394.090388939934
-42534.58479528759
-42555.14776214123
-42555.15949167636
-42482.77117780388
-42443.08325836859
-42374.31362874995
-41652.15505384729
-26552.267178718408
-8987.819616696233
-14116.788036438908
-12550.94871757445
