-9277.359177831235
-22592.490369119965
-29910.066123962686
-34073.01987547487
-37328.53936087327
-39143.042771483604
-39990.957995961915
-40265.65123235756
-40259.714351237795
-40629.20112126329
-40211.57445968928
-39450.48780153146
-40210.537760319006
-41153.7592180473
-41912.10347716136
-42041.2637013641
-42302.07767797844
-42424.0690562023
-42440.2194988018
-42479.438918988024
-42346.34397204165
-42388.75774702951
-42434.17950329111
-42410.92610145614
-42449.4340073677
-42387.629728231914
-42322.804589494364
-42156.59979153351
-40858.56533857367
-39457.83414513875
-37961.610858168555
-36521.84142732728
-35419.454059101045
-34391.47590975002
-33989.326257127206
-32312.584334111685
-30124.805708909447
-28893.892547700867
-28335.129839997804
-28158.062754695777
-28153.2881466462
-28378.550817643874
-28316.371991637563
-28757.298355927232
-29184.372022134816
-30014.185657862014
-30388.791681840958
-30668.861464833975
-31398.585171300812
-31613.61799500184
