-10679.109177831237
-23925.422161677758
-6437.924172255646
-6695.113226816919
-4609.900038305275
-3715.627213273675
-4359.142725097465
-3570.254801895901
-3520.467165796261
-3507.7970142217505
-3432.054994569205
-3445.237731545083
-3467.705839379105
-3469.7754529853796
-3812.258910407675
-3819.737355316337
-3646.1480430103793
-3725.3172474262537
-3867.085637654778
-3900.089255418877
-3856.748458776463
-3857.226867858602
-3764.1281666663936
-3684.3841130822184
-3681.9957620167797
-3661.0572093160954
-3613.9382026099615
-3516.931016909243
-3448.5990501377505
-3456.806808105887
-3420.870771139797
-3402.855663972092
-3336.216613596584
-3389.386467567046
-3384.2395584132087
-3408.4441441655413
-3417.760578336555
-3393.14251340205
-3360.5745874892064
-3367.953150692577
-3342.446725797927
-3320.537969631076
-3283.2001282145916
-3263.668703103241
-3304.1303219961383
-3296.5957565620783
-3239.7268673407502
-3279.732243018462
-3294.746420390278
-2993.3838487059907
