-8810.10917783124
-6043.3857090096435
-4725.066140304524
-4154.912215292316
-3549.9368367030356
-2812.8364718685143
-2459.2572041148132
-2182.4330104581145
-2080.901641764222
-2049.58942259348
-1999.8616228695985
-1963.200162504015
-1890.0960660725536
-1837.8801897281933
-1780.614471433001
-1728.7870151990705
-1720.3759387562368
-1666.6717360364612
-1654.3918116157322
-1628.858796812409
-1591.40081487135
-1566.7021081271282
-1533.2165357253905
-1513.314111364231
-1515.286796550909
-1491.1427509715338
-1469.0853906869206
-1488.0368612960283
-1447.2192595069691
-1483.053989883401
-1443.3303957680832
-1465.5333150374565
-1432.7747652526818
-1456.297056412759
-1442.092912507257
-1424.6273455965652
-1447.2898378464656
-1428.098899306034
-1416.7760793320685
-1440.1130171498758
-1449.449499671044
-1432.0176399221205
-1424.0595016354644
-1396.9383064463098
-1402.2611787952471
-1411.515369001763
-1392.8242845277623
-1413.7634484498271
-1409.5400972583639
-1400.27258677317
