-8810.10917783124
-4104.042198469309
-2147.083881237858
-1909.8212874306137
-1743.189691363465
-1698.9529104518272
-1609.0989848518307
-1585.9245416607089
-1635.2536582621894
-1654.915505225259
-1714.9931038510254
-1700.4015690340693
-1667.5542118420472
-1632.5215439533024
-1612.6105867591166
-1581.958680730181
-1591.6925197576109
-1584.4593215918865
-1577.637547537623
-1574.6923462570119
-1593.8789060425693
-1650.2704118606882
-1765.522003507691
-1841.7671038079193
-1884.873508629523
-1795.1977411583957
-1843.7170602796382
-2157.5754816187427
-2225.098285075535
-2006.0157572572782
-1937.4758920698082
-1936.660522385686
-1845.67274555634
-1817.9897546107106
-1781.4909235501193
-1716.0584494271893
-1698.697949078769
-1660.8541729515134
-1652.4484508361322
-1646.989932136948
-1640.69204236292
-1603.6270277167093
-1589.9291208031586
-1559.7009912203969
-1568.4023023588884
-1566.5820298224935
-1561.9109620640327
-1654.7186430490506
-1645.008584321534
-1703.2778472777777
