-10153.45849609375
-18262.5712890625
-17341.87890625
-18301.212890625
-21781.637939453125
-20998.5791015625
-16098.897705078125
-12434.054321289062
-11328.966064453125
-7535.539733886719
-5824.40185546875
-5076.752624511719
-4260.8179931640625
-3686.774322509766
-3148.0327148437505
-3033.1401672363286
-3058.2702941894536
-3060.2900390625005
-3086.9223632812505
-3097.7565612792973
-3117.3574523925786
-3131.053344726563
-3092.0182800292973
-3047.3222961425786
-3060.6726379394536
-3048.231109619141
-3030.743316650391
-3024.040618896485
-3004.8937683105473
-3039.486450195313
-2991.9751586914067
-2995.00375366211
-2947.015533447266
-2977.1170043945317
-2955.863372802735
-2935.1050109863286
-2957.587341308594
-2908.8565063476567
-2870.785766601563
-2885.1103210449223
-2866.8031921386723
-2834.721771240235
-2801.92660522461
-2748.2295074462895
-2752.394470214844
-2745.87631225586
-2692.964447021485
-2696.362228393555
-2676.705200195313
-2657.8447113037114
