-8810.10917783124
-6477.455894288481
-5673.249557372994
-5129.613464912457
-4019.7382954618906
-2955.2505546356797
-2557.1473871447024
-2210.9793137276765
-2084.737225704076
-2039.355940140918
-1993.9714439402135
-1953.3388582535622
-1890.8576212200048
-1840.5303043657798
-1775.7115120327967
-1715.2455523463843
-1711.8220038002692
-1655.67476118473
-1641.2505184004924
-1611.7856489867308
-1576.8584584245998
-1555.998312695473
-1525.5655823793313
-1507.4219156785064
-1509.0584095735478
-1485.9347387558905
-1467.1571416388224
-1485.6650885238046
-1446.1759842832753
-1482.614525620738
-1442.0052613492069
-1465.030316568665
-1431.5271231007805
-1455.7782943785871
-1442.770935785069
-1425.3183129961883
-1447.8495936857687
-1429.092346791645
-1418.461590307297
-1441.552225763011
-1450.7913764410462
-1433.0531695254092
-1425.647910836472
-1398.165774581881
-1403.5259484784349
-1413.0194373302295
-1394.3271415224453
-1415.2149526769213
-1410.8482242697692
-1401.422283638832
