-8810.10917783124
-6383.020070925481
-5019.176038104821
-4370.265533850729
-3512.3494625283174
-2762.5016921579154
-2442.8501335623887
-2184.8762971788938
-2082.3799263642
-2049.928810996567
-1998.2973466442388
-1967.3739707866353
-1891.436776315346
-1843.4112602551718
-1784.1307691423706
-1733.7497061139334
-1723.493779918773
-1669.0584114173373
-1657.542575145319
-1631.1516366645399
-1593.192750651353
-1567.7926061733629
-1534.0031687836695
-1516.1696088320102
-1518.0217201570135
-1494.7034299907807
-1472.6442413208779
-1491.2997858683725
-1450.5549587301298
-1486.4944715732088
-1446.2780790507322
-1468.8341211230468
-1436.239608666203
-1459.5289831495174
-1444.9726400109953
-1426.7437060215702
-1449.397576053307
-1430.1919500948118
-1418.9504816786261
-1442.2611892587963
-1451.6725002663784
-1433.5365564515594
-1425.5116136050187
-1398.17788793494
-1403.4734760125336
-1412.8166223675748
-1394.2583223342601
-1415.0485472727246
-1410.7637342582163
-1401.2368251205116
