-8810.10917783124
-35716.4680618267
-42434.48647214255
-36702.882191294215
-32523.511803651967
-32833.05930043043
-32618.103154589673
-32586.782980734144
-34556.40574149116
-34659.65075143804
-32394.466351404943
-26516.167500690346
-11104.12428209565
-20817.082499136617
-30924.226941904206
-34337.375278576175
-34114.46298073417
-34261.19694047378
-35382.57339591949
-36461.89262433565
-35650.26735657291
-37570.468162808334
-17725.42917578052
-8621.963033339653
-5648.253657106243
-8490.588760925299
-7776.589833115948
-5627.464189181739
-4113.209923953417
-3200.695254578095
-2593.1558515252955
-1899.1003928446419
-2131.191943748613
-2217.2603935705583
-2137.0091121700707
-1980.1614604714862
-1940.888592331788
-1844.4773999162667
-1717.7116843894717
-1688.6347493537426
-1709.841498461135
-1686.7602002311567
-1727.715206290663
-1786.8921320708869
-3362.6101605612785
-3534.1402844074228
-3953.811633808165
-4330.387133260914
-4255.328485120927
-4317.504459840862
