-10679.107421875
-10362.5673828125
-10585.3935546875
-10796.564453125
-10772.1669921875
-10631.7001953125
-10898.9150390625
-10561.1328125
-10757.271484375
-10400.5986328125
-10535.826171875
-10723.564453125
-10725.6025390625
-10905.013671875
-10338.0537109375
-10594.7607421875
-10530.6220703125
-10863.4267578125
-10400.408203125
-10563.0478515625
-10872.3818359375
-10529.669921875
-10558.9677734375
-10468.857421875
-10920.828125
-10545.208984375
-10717.650390625
-10812.5537109375
-10449.9052734375
-10464.509765625
-10597.7978515625
-10806.5595703125
-10594.7099609375
-10649.8154296875
-10497.90625
-10525.9052734375
-10466.146484375
-10628.388671875
-10814.3125
-10519.2822265625
-10546.732421875
-10440.74609375
-10635.869140625
-10551.1025390625
-10547.373046875
-10766.916015625
-10720.017578125
-10530.705078125
-10723.40234375
-10839.666015625
