-10679.109177831237
-13916.536568618936
-13081.104754892072
-12901.185345448534
-18070.705191318146
-22018.09221914135
-20881.43382936903
-18346.28657542922
-11282.635102530787
-8949.816368523532
-7202.5687110165745
-6006.606402074998
-5082.942591702724
-4005.346457065892
-3608.3424533829034
-3540.05235027058
-3469.910027694371
-3470.106289595492
-3470.5291280160004
-3463.5677538370246
-3490.8445958198886
-3527.24096438014
-3519.477674582543
-3495.8006470358428
-3486.0237747701167
-3440.8125466179335
-3426.7483469115346
-3367.11813996618
-3326.584239523638
-3354.891952439225
-3317.037132010383
-3291.6288555727456
-3227.0570925122042
-3257.757834046856
-3195.8128296384493
-3165.996536873118
-3143.5345678707554
-3121.568332547939
-3080.955013654713
-3104.4091323086604
-3087.8784011337257
-3066.020565346459
-3034.044793707369
-2998.857408525725
-3018.3804628750845
-3018.165608616889
-2975.926246305913
-3012.7446957005213
-3009.7829120404267
-2990.170262557304
