-10679.109177831237
-9514.043739447774
-9491.406938185864
-9437.356112183441
-8326.392426038794
-6698.884217253333
-5315.111246312749
-4514.753051252522
-4103.700385194958
-4101.364554847062
-3850.0901177411024
-3785.3349802815915
-3631.656717755371
-3578.0925183991008
-3475.449118937234
-3458.535068766324
-3430.3823858601236
-3295.7945821064413
-3287.1674494407134
-3206.8096314918957
-3188.440035968793
-3152.1431450964456
-3118.9192503867425
-3081.6321623365097
-3090.366221792213
-3062.2064915054816
-3048.415206685077
-3045.424904148475
-3025.2685224608954
-3060.2791300992467
-3013.3874704741183
-3031.78294519632
-3002.4413987666994
-3036.3755014096796
-3000.653657757869
-2991.6614590507816
-3004.3091372331573
-2974.666919142316
-2958.9531530389945
-2996.5026146810737
-2998.5042402608997
-2993.0497819605644
-2977.59387959179
-2947.3592603690245
-2964.87819011838
-2979.7199725244245
-2932.9816596333244
-2973.5604414517124
-2968.877886455401
-2962.771592343971
