-9277.359177831235
-8127.513625120414
-7312.619054600915
-6614.479531340854
-4925.434410400632
-3606.1343548767973
-3208.9202078682074
-2847.202039038984
-2631.2718558752867
-2561.100486103058
-2439.3642426552947
-2357.18787768795
-2253.051808518919
-2168.014423653003
-2102.0533796135765
-2039.145203033196
-2018.3582979961313
-1971.3916634853715
-1957.2949554384836
-1926.050051540065
-1905.508048875304
-1902.358533158954
-1883.080766887766
-1860.9684894810457
-1868.4448716565144
-1849.222809607584
-1832.067173746748
-1850.5565868346835
-1816.1115609205026
-1857.2031201655086
-1819.5536987303105
-1839.3904057051786
-1806.674824395536
-1836.625281204612
-1819.0904183928494
-1804.8166196865757
-1829.3701267293534
-1808.5413608165175
-1797.0060088681773
-1825.6190390941592
-1833.1693395375805
-1818.129701154726
-1806.601979281045
-1781.1508164811214
-1791.3164937922459
-1800.6105767742883
-1775.9314856614405
-1802.5797785254722
-1798.2270239873967
-1790.6729526409222
