-8810.10917783124
-16854.382564449574
-17408.948316891492
-12866.101698825621
-22606.418070450432
-28660.993875317617
-31105.7686973839
-31663.738915004644
-32236.25638762394
-32599.404497907486
-32443.1786517393
-31986.147281991394
-31787.232130734534
-30997.6017591138
-30952.286540482783
-29077.74373074071
-27664.479649304638
-24044.364117691985
-20223.19156264174
-17234.417842141953
-11977.954361557355
-7181.204073941712
-3449.4407098144975
-2472.253745910855
-2197.778520145998
-2066.4770306690707
-2012.2672146017153
-2006.7698394322676
-1895.95612132047
-1898.2361547005398
-1845.3245076528092
-1846.7193544419915
-1801.1878011773265
-1823.4496685849801
-1783.4041886649188
-1758.1762447270034
-1848.3751029076673
-1890.888200883242
-1866.5940735288245
-1873.2245729538386
-1897.8809547672372
-1871.6960657612883
-1817.8077782901837
-1739.9321412448498
-1716.0822834589314
-1708.0598285382116
-1683.0062995650849
-1700.5092824613105
-1673.5577328518962
-1656.6505661912645
