-10679.107421875
-5614.3720703125
-5317.2060546875
-4556.2822265625
-4034.710205078125
-3497.02392578125
-3441.0078125
-3475.424560546875
-3491.550048828125
-3473.405517578125
-3406.623779296875
-3381.526123046875
-3318.5625
-3298.40478515625
-3283.89453125
-3237.5830078125
-3241.7041015625
-3194.7353515625
-3177.388427734375
-3130.509033203125
-3105.93505859375
-3096.8896484375
-3056.510986328125
-3015.47607421875
-3020.653564453125
-2990.57470703125
-2992.935546875
-2987.84423828125
-2972.36669921875
-3024.680419921875
-2988.39013671875
-3000.7841796875
-2963.4501953125
-3020.1962890625
-2987.55810546875
-2971.94677734375
-2992.99169921875
-2972.621337890625
-2955.625732421875
-2998.84423828125
-3003.120849609375
-3001.39208984375
-2976.380126953125
-2953.576171875
-2979.60546875
-2984.5078125
-2949.538330078125
-2989.029296875
-2990.99658203125
-2985.332763671875
