-10679.107421875
-4207.52978515625
-3376.326171875
-3580.028076171875
-3608.200439453125
-3311.36376953125
-3245.7265625
-3130.004150390625
-3158.4892578125
-3088.45068359375
-3049.688232421875
-3103.82958984375
-3085.99853515625
-3145.51806640625
-3082.93896484375
-3053.034423828125
-3035.774658203125
-3045.783203125
-3091.196044921875
-3152.43994140625
-3490.32470703125
-3494.68408203125
-3576.623046875
-3998.833251953125
-4806.7900390625
-5065.7080078125
-5045.17724609375
-3365.1953125
-3268.4638671875
-3247.60302734375
-3187.689697265625
-3230.504150390625
-3113.400390625
-3186.207763671875
-3095.042236328125
-3487.078125
-3680.501953125
-3618.840576171875
-3371.25927734375
-3398.74462890625
-3101.468994140625
-3078.68994140625
-3047.778564453125
-3035.4267578125
-3069.883056640625
-3104.75830078125
-3237.16455078125
-3278.645263671875
-3178.59619140625
-3121.50537109375
