-10679.109177831237
-9356.15276920321
-10178.5879473446
-8147.759573388391
-6908.563872115503
-5616.515191557284
-4859.015607683484
-4179.780335445334
-3877.0105330670376
-3716.4553360898763
-3578.4405720951595
-3491.46771188794
-3403.211234749107
-3340.3376854227
-3288.818832536718
-3230.83897677569
-3196.5277209972164
-3165.920950296191
-3153.127087164051
-3104.3089245731085
-3104.618553261253
-3086.9603439692505
-3059.2580695220768
-3022.0736973038565
-3035.081652288597
-2996.8284313135364
-3002.01068840508
-2990.8729236432623
-2969.7544570003165
-3015.7889634644334
-2969.887956998984
-2983.2023647686465
-2946.3623520338565
-2991.9937309594748
-2959.2322461018985
-2949.404592333089
-2969.175366099923
-2948.2474363467472
-2930.7009379604788
-2970.3914194090257
-2969.9004477593016
-2965.845149547408
-2943.371417700121
-2917.9367828681025
-2941.438703902379
-2947.6620440182814
-2908.2667303988765
-2943.8590147691116
-2942.5477634200615
-2936.177626412797
