-10679.107421874998
-9491.039062499998
-9645.4580078125
-9436.4384765625
-8229.7685546875
-6690.157226562499
-5185.448242187499
-4430.640624999999
-4028.357421874999
-4033.694091796874
-3807.522949218749
-3665.642089843749
-3529.046386718749
-3220.110839843749
-3057.2836914062495
-2927.1604003906245
-2805.0366210937495
-2669.650146484375
-2613.768798828125
-2572.80517578125
-2556.901611328125
-2523.734619140625
-2502.900390625
-2461.241943359375
-2474.907470703125
-2445.70556640625
-2407.67626953125
-2440.063720703125
-2388.198974609375
-2425.75732421875
-2396.279296875
-2400.3427734375
-2372.02685546875
-2418.24853515625
-2384.9853515625
-2366.05810546875
-2387.19189453125
-2371.757080078125
-2342.715087890625
-2377.20458984375
-2382.97216796875
-2369.421142578125
-2347.2548828125
-2317.9365234375
-2342.10498046875
-2348.208984375
-2304.114013671875
-2380.33251953125
-2333.96337890625
-2323.942138671875
