-10679.109177831237
-9764.400198757849
-9650.673366774758
-9072.58615812541
-7935.288054671427
-5996.492523750652
-4840.926373432698
-4371.123062174299
-4043.644237342909
-3926.290997530558
-3694.593591257263
-3579.64491952066
-3525.7440917013055
-3414.733524220188
-3357.500465425395
-3306.5858058175413
-3262.425142103249
-3188.296414277296
-3168.5810832539382
-3112.608626617054
-3105.831344729037
-3084.715740406726
-3061.53209909837
-3024.5976361573516
-3037.616259458945
-3000.9125511777124
-2999.208832037182
-2996.6670794739653
-2971.158308128308
-3023.976241259495
-2983.763293013272
-2995.046101033601
-2955.41828104597
-3005.801107349038
-2969.710939027356
-2962.879466787054
-2982.4249448234077
-2959.1719036758723
-2942.7751160933717
-2984.0636490735696
-2984.197402672409
-2978.918745018303
-2955.0125042344976
-2927.6031365577983
-2949.7847475733142
-2955.9551420316766
-2913.3546967425073
-2952.2703643985474
-2950.4195435864067
-2944.7313585575694
