-9277.359177831235
-40545.51657587641
-42281.59210209137
-39884.8074352029
-30697.670574622236
-41747.78032067436
-42371.07809963265
-42423.752288082294
-42337.707883215255
-42481.83562131103
-42407.09660438017
-42385.248146758815
-42395.65016699552
-42416.633077151455
-42551.79703509248
-42428.19201507513
-42451.2656317495
-42497.00744803225
-42467.892967327134
-42501.4560321212
-42350.089896067584
-42399.5870739317
-42440.63170874615
-42413.87758392807
-42452.60312556308
-42390.585284265675
-42398.48413972009
-42501.89195666089
-42412.104222980335
-42637.22537590987
-42407.83920801316
-42506.18120702812
-42342.88343291277
-42471.871398186384
-42506.57007828583
-42466.38724900987
-42534.1014362083
-42465.45257348216
-42394.090388939934
-42534.58479528759
-42546.640397588504
-41922.24542291179
-37587.584370160024
-32934.437081996206
-33797.35478373511
-38764.51943878141
-42259.27760202724
-42409.815094359496
-42538.213836868315
-42404.09144576285
