-10679.109177831237
-11903.961750190037
-6013.204545700059
-3801.3203246817347
-3547.861936283629
-3474.679342255879
-3359.044922164002
-3358.9588259331676
-3346.261041181811
-3267.265070957167
-3233.5751468293765
-3233.2185052212435
-3155.2744146272553
-3109.144071576606
-3079.5397963259993
-3039.9588458652365
-3034.2773382200403
-3007.4514905248943
-3006.7176633593913
-2980.209044986274
-2980.2982121176224
-2981.4289718373757
-2970.311587874937
-2956.157589601672
-2978.7311251073274
-2961.1792552403012
-2970.490231332221
-2970.44367488265
-2951.3345676713934
-3003.1219754199874
-2967.318540452628
-2980.381657244475
-2941.6305909753587
-2999.188576423183
-2967.4399210586794
-2960.0808068061783
-2982.594466383073
-2966.56321379543
-2949.7628486149383
-2993.569867119025
-2998.175381645967
-2999.199955551433
-2978.1405209878135
-2953.150569949621
-2975.8554031854014
-2983.013165572712
-2946.8852134426156
-2978.363248584015
-2977.6713739546854
-2969.771450778391
