-9277.359177831235
-6300.652769203226
-6076.778008893826
-5081.061168341044
-4575.682188016217
-3891.3074763121717
-3306.8554570486435
-2812.8217366826984
-2584.150767312155
-2446.406544244149
-2375.7252472687132
-2315.373224633233
-2212.5915363595386
-2160.5498505018504
-2116.7566795001794
-2061.854353108582
-2043.018658491029
-2002.799269310895
-1993.5479308868362
-1960.9317215138121
-1941.8448663635395
-1936.864880459636
-1912.165823742481
-1886.8763285015725
-1889.8451189343311
-1865.2835866012679
-1849.4929767965616
-1867.0603402335353
-1832.745769800827
-1874.4047854114292
-1834.209921807027
-1853.6016997443203
-1818.370101274658
-1847.1313275125553
-1827.7442974065962
-1814.3356077879441
-1837.1982045265886
-1817.424647506788
-1805.0342465521048
-1832.5101360743706
-1839.9145425940928
-1826.1150116356937
-1815.549143312502
-1787.1739908082789
-1796.311645698684
-1806.2668922890557
-1780.8497855960027
-1805.7873018540934
-1803.367135167649
-1794.8520011335768
