-10679.107421875
-9356.146484375
-10227.9306640625
-8064.1962890625
-6981.01416015625
-5646.623046875
-4872.9873046875
-4233.33203125
-3906.7265625
-3749.67431640625
-3587.016845703125
-3516.484375
-3418.378173828125
-3344.439453125
-3289.086669921875
-3258.802978515625
-3231.048828125
-3178.22705078125
-3165.35693359375
-3112.787353515625
-3123.16943359375
-3114.08056640625
-3073.1572265625
-3036.8359375
-3045.83056640625
-3004.122314453125
-3005.823486328125
-3002.40625
-2975.756591796875
-3027.811279296875
-2983.604248046875
-2995.55322265625
-2965.724609375
-3010.22607421875
-2974.67236328125
-2966.52490234375
-2986.834716796875
-2961.6953125
-2946.37646484375
-2986.98486328125
-2987.85986328125
-2983.889892578125
-2960.6923828125
-2930.571044921875
-2957.37744140625
-2960.4677734375
-2920.635986328125
-2956.265869140625
-2955.43359375
-2949.2822265625
