-10679.109177831237
-12227.93710664926
-7068.214680878307
-3858.9204358315956
-3561.8071256025223
-3536.2447708901573
-3507.5677562915175
-3466.613773828615
-3474.8408413138213
-3469.243893111653
-3433.862705826477
-3420.488525280668
-3410.091161558932
-3376.68759250422
-3363.8131541702846
-3312.9001576036694
-3295.449187569144
-3278.368284304983
-3254.9615442401
-3202.6608557794416
-3191.790808093519
-3200.556199918259
-3184.554685315204
-3156.2158208089277
-3177.912805446101
-3135.302098035262
-3122.1950343456033
-3105.0867260172427
-3074.1133568455225
-3103.1142605545797
-3042.0572537113912
-3050.4883182005865
-3007.9837677097485
-3058.8265287545464
-3020.9732804112923
-3011.933881624152
-3029.478396528792
-3002.562198385197
-2981.3715279184316
-3026.346253498354
-3029.307464501578
-3025.777986416366
-3007.091314499935
-2982.2205260980163
-3006.0555596504523
-3009.390411204889
-2975.724969807342
-3014.8295392468426
-3011.4958370176673
-3002.8701773680723
