-10679.109177831237
-9867.613735971794
-8620.04632123704
-7166.281339390147
-6212.895590578229
-4999.9902449803185
-4439.6940983883605
-4023.4679105021432
-3788.2914115626904
-3727.1398613976135
-3606.0102621011597
-3519.079571061411
-3456.289381688281
-3393.312989609097
-3343.859432476382
-3298.6353293157604
-3278.0735424330596
-3214.8413947285812
-3202.7853801411943
-3156.8095688687727
-3132.417373265892
-3120.1314720383957
-3075.750958349286
-3040.274127953022
-3057.0917014418014
-3013.53914073372
-3013.4003319741123
-3005.497506082557
-2984.3967394045985
-3029.2060227976626
-2985.740005328089
-2993.615114760438
-2957.3824453463026
-3004.867664908177
-2967.3693673560965
-2956.167891611622
-2978.293795410794
-2956.2877928894804
-2939.401872114803
-2977.6541486272536
-2977.550713575284
-2971.770701315925
-2948.91933433183
-2921.4564398513885
-2944.7241360571174
-2950.7958468523493
-2911.3599718030764
-2947.2563357725344
-2946.2957617206307
-2939.8213491617057
