-8810.10917783124
-5282.0711471650475
-4692.947388670086
-4046.6998957476108
-3737.8420936467724
-3182.8237706733084
-2673.8211530822578
-2264.9355428623157
-2123.803647670363
-2013.3919116858349
-1946.9942470590881
-1902.028981915595
-1801.086507992398
-1775.8761954547797
-1723.6689910147622
-1670.336966044073
-1655.5724238322698
-1604.476976314847
-1591.2537572090382
-1564.0192612700318
-1544.7183214380686
-1530.6001270927386
-1509.9772088855293
-1490.5642462336475
-1493.7425893766747
-1471.4546567439409
-1452.190617569158
-1475.91724510207
-1435.6466691583344
-1473.9225081462207
-1436.7275453037453
-1458.3451152074172
-1429.6229328959757
-1454.6285256192907
-1441.2166164652945
-1425.426513023558
-1447.6358496079188
-1430.5756907812101
-1419.4273028616512
-1445.0732949639892
-1457.0327824058404
-1439.7229555015333
-1434.6548333956941
-1409.6972986305996
-1415.5287530676267
-1426.0687068851323
-1405.7219836989916
-1426.2180371119307
-1423.0808319843309
-1414.765478091275
