-9277.359177831235
-4132.819834205732
-2257.1238927195955
-2191.454580271564
-2155.818426729217
-14302.59499750433
-2044.5919702618362
-2100.384799184497
-2081.7731018314053
-2050.1398827686753
-1995.8362278977097
-1964.765840595735
-1946.3407259793864
-1940.9886460586833
-1946.8680128573737
-1942.819664135373
-1962.0283436150555
-1942.1602417842273
-1996.0634102925203
-1985.2580132100363
-1971.2487403813393
-1943.5270385253134
-1877.2273260161946
-1888.6139972415017
-1926.0828339542259
-1922.1120018886072
-1942.2363873011996
-1967.28539034411
-1929.2862266353604
-1956.959876065342
-1917.656393831942
-1947.6438554480815
-1907.8538098700053
-1947.6056279024117
-1956.4453450540416
-1905.17149426933
-1912.5034246126197
-1889.4012365196645
-1876.0674829190684
-1917.3218756242536
-1923.068901100572
-1914.573561212443
-1925.3674131307648
-1881.6264357929256
-1887.997259113934
-1932.6147390640756
-1931.042796252558
-2004.5132991479925
-2064.6713781620333
-2307.8975920575076
