-9277.359177831235
-18165.43348628123
-15261.888503733393
-14248.727312194143
-13033.528024844016
-9856.322388023387
-3827.7676097896883
-2810.78296786537
-2441.2437995306564
-2380.8724518669655
-2332.768705087724
-2275.8066220502205
-2214.2163685857295
-2189.659796587574
-2184.464495178313
-2122.710720204357
-2104.242592214851
-2032.900338626992
-1979.570834423956
-1926.0019225469744
-1879.0123388571142
-1870.5379181475123
-1849.1868071180008
-1831.3759615989766
-1835.1114561648733
-1816.7718796291265
-1808.6626679782748
-1828.0958247381673
-1799.257287167796
-1844.8510142361072
-1813.8574397119635
-1843.9035278761203
-1821.2439631736765
-1855.9924726197137
-1847.4464407423009
-1827.2562105490856
-1849.3038380776761
-1827.069136352114
-1810.5881129663194
-1842.1624755775963
-1850.050747551987
-1839.0118534941116
-1828.1137359825439
-1804.2840743820063
-1816.6194061258925
-1830.1235544181677
-1815.1935699428127
-1843.7811858510163
-1837.8390068418248
-1823.7243709964987
