-9277.359177831235
-8520.264839028374
-8829.02412388689
-9297.503837248332
-8214.95674217139
-7008.922331445133
-5549.399325644503
-3964.819932984992
-3297.580936862882
-3149.264182526467
-2905.901846503918
-2801.6242191274855
-2691.768154755645
-2656.226459853817
-2624.726902842741
-2618.62631444079
-2575.336009270687
-2581.13218063549
-2605.310164689182
-2580.7344884506924
-2563.2742843945334
-2547.755385398007
-2533.027872026383
-2487.3042044922045
-2463.405693740676
-2417.9139647855022
-2375.6171536282895
-2376.248856523662
-2345.331673110343
-2400.114968249055
-2364.8048963158008
-2356.864213732869
-2303.9758931891265
-2372.0667625694396
-2335.8052891208367
-2322.517885834554
-2372.7865132873485
-2334.2364327184414
-2283.5191595521073
-2357.1289907037653
-2381.3246020033894
-2356.4156135593876
-2320.801953374245
-2281.156661383605
-2304.6654332726453
-2319.447576044936
-2291.070078583663
-2301.001539911953
-2295.2671624200902
-2279.7521742680865
