-9277.359177831235
-5454.492466017901
-4165.182723039752
-3487.4591318216794
-2900.7449745304675
-2351.5937761786654
-2296.9595326017957
-2338.419143740565
-2345.0548663716895
-2313.6114280943543
-2274.8389292245524
-2233.8519656687954
-2172.705693159385
-2157.6532739025006
-2147.4297934551623
-2080.19793664849
-2058.613153671457
-2039.584977732251
-2030.9866216038579
-1973.0285923766296
-1938.1731598189442
-1934.2269848859928
-1913.3484888018313
-1884.883691050362
-1872.9716558306263
-1843.0069740720282
-1823.7479041010763
-1834.9675795428088
-1800.405462319135
-1842.0821462728065
-1808.274229363633
-1836.9005268684982
-1811.5418764247165
-1852.0984606727664
-1845.6890334140148
-1825.2491937631476
-1845.644721162595
-1826.838340536259
-1812.611532503879
-1843.1852990417724
-1852.3217365604128
-1839.181676286645
-1828.5013097684866
-1803.2530378615477
-1814.0979492860108
-1823.7931415393236
-1801.1032789406363
-1826.987077193267
-1825.7356482216314
-1821.188592079934
