-10679.107421874998
-19287.578125
-20505.52734375
-20102.53515625
-29372.771484375
-33914.83203125
-33601.18359375
-32579.671875
-31739.70703125
-28508.859375
-22435.82421875
-14412.1376953125
-11162.755859374996
-6059.289550781249
-4519.470703125
-3543.813232421875
-3622.8815917968745
-3781.923339843749
-3537.960937499999
-3384.786621093749
-3357.305175781249
-3370.634033203124
-3390.417968749999
-3355.934814453124
-3338.946044921874
-3259.190917968749
-3257.458496093749
-3236.520263671874
-3197.145751953124
-3235.910888671874
-3150.168457031249
-3104.130371093749
-3060.947265624999
-3041.358886718749
-3044.133789062499
-3046.961181640624
-2988.335449218749
-2995.229003906249
-2935.187011718749
-2948.641357421874
-2922.698974609374
-2931.590820312499
-2921.805175781249
-2924.932128906249
-2899.530517578124
-2937.749511718749
-2927.594238281249
-2897.961425781249
-2950.333251953124
-2900.662841796874
