-8810.10917783124
-13859.536568618933
-9342.196939982092
-14105.864418856649
-17154.849526637052
-22742.226735483495
-26352.568097338644
-24396.138675016155
-22638.855995017766
-21000.221362914588
-18766.051939575053
-13304.970559662082
-10898.631000173338
-8623.80957295989
-6538.925054985468
-4906.186833776171
-3690.9299816368343
-2569.229188098013
-2234.4314505234606
-2211.825424962475
-2264.81790230257
-2320.209956821234
-2311.5433244640867
-2303.4124865295935
-2273.6530302408723
-2264.138964767364
-2242.297622936585
-2284.613481445136
-2247.6176534286205
-2301.668324637289
-2252.6991536432165
-2279.8321569451123
-2231.0040777321533
-2257.2485069104
-2199.3416204478135
-2143.4548040157756
-2176.2025010358816
-2132.4295337840003
-2100.8755938705567
-2101.3648554330007
-2104.2727958752444
-2054.627260008707
-2029.7574552513684
-1957.4740881653815
-1950.1578566706462
-1925.744056427527
-1862.5007576445726
-1877.125430252526
-1832.6785087973342
-1819.5241642288856
