-8810.10917783124
-5401.329334710128
-3807.3470809501523
-2767.7479846238293
-2090.903139423598
-1871.9758494239184
-1922.8875168633804
-1927.6734303853223
-1870.2810753139063
-1801.0098143285534
-1723.8486513170424
-1697.455535513553
-1668.5206779196237
-1653.6196240130419
-1630.4776343448711
-1598.1973003259463
-1569.6954673817038
-1525.1924238286406
-1511.4916576148003
-1483.7012450141576
-1459.4864908055122
-1463.5553919024057
-1458.5888362529722
-1448.4256120619923
-1453.5487125343768
-1439.3602512615282
-1430.498282411528
-1455.8683847919026
-1420.8144645744956
-1464.2690664542788
-1429.7792844064954
-1457.1186725293885
-1430.0790867646906
-1458.0850983696846
-1452.4141280489373
-1439.2371832829347
-1466.3823420445465
-1452.872573638759
-1445.9636426731943
-1472.4392361049595
-1485.31261481393
-1472.4615784210669
-1468.011460031682
-1440.2119201110706
-1446.4910241667865
-1458.5170652613667
-1439.9884715517594
-1459.5553055733876
-1457.2149851031718
-1451.087800817736
