-10679.107421875
-5611.9814453125
-5317.16357421875
-4553.9365234375
-4034.729736328125
-3496.80859375
-3439.944580078125
-3476.908935546875
-3492.54248046875
-3461.098876953125
-3406.57568359375
-3381.33984375
-3317.94287109375
-3305.14013671875
-3303.91748046875
-3238.93603515625
-3203.8505859375
-3184.823974609375
-3167.22412109375
-3120.5166015625
-3092.411376953125
-3088.465087890625
-3060.8369140625
-3021.122314453125
-3022.710205078125
-2983.74560546875
-2977.986572265625
-2973.4560546875
-2950.143798828125
-3000.820556640625
-2964.763427734375
-2982.13916015625
-2952.28076171875
-3013.087890625
-2986.427978515625
-2972.73779296875
-2990.883056640625
-2972.076904296875
-2953.35009765625
-2995.174072265625
-2997.559814453125
-2993.420654296875
-2971.489990234375
-2946.24169921875
-2970.586669921875
-2975.781982421875
-2939.59228515625
-2976.7265625
-2977.72412109375
-2973.177001953125
