-8810.10917783124
-6270.613735971782
-5299.280727628347
-4770.684224100975
-3755.182863697296
-2843.435094444501
-2481.503363809441
-2185.7707423526062
-2072.3289400086414
-2032.4179152048232
-1992.3805675096046
-1951.8168053626716
-1891.7825567239165
-1869.5526869927555
-1834.328148159981
-1776.9201119098561
-1769.369871140068
-1720.7586812631175
-1716.4955222618737
-1692.1955178498265
-1662.8527463248115
-1631.3792891000974
-1589.1044566030305
-1565.419599716472
-1563.943118549263
-1524.7972134152774
-1504.5346838985524
-1522.058321880542
-1478.669581978786
-1511.7871449844963
-1471.041984562602
-1491.7507893458421
-1459.7375786179232
-1480.9357128446686
-1463.5149853014927
-1446.2472311406063
-1467.6060108439547
-1448.0388739809941
-1438.1261335312336
-1461.1380260186972
-1472.4595409355284
-1452.5198662110736
-1447.7874802199055
-1421.2536006694852
-1426.3603364197395
-1436.1151540117903
-1414.132794225682
-1434.4969199984491
-1430.6990081427302
-1421.0657387038473
