-10679.109177831237
-5611.992466017897
-5317.182723039747
-4553.959131821677
-4034.7449745304666
-3496.8437761786554
-3439.959532601796
-3476.9191437405634
-3492.5548663716886
-3461.1114280943534
-3406.5889292245492
-3381.3519656687918
-3317.9556931593806
-3305.1532739025033
-3303.929793455153
-3238.9479366484893
-3203.863153671465
-3184.834977732247
-3167.236621603847
-3120.528592376635
-3092.4231598189463
-3088.476984885996
-3060.848488801833
-3021.1336910503633
-3022.721655830625
-2983.75697407202
-2977.9979041010884
-2973.4675795428097
-2950.155462319138
-3000.832146272809
-2964.7742293636284
-2982.1505268685087
-2952.2918764247056
-3013.0984606727734
-2986.43903341401
-2972.749193763142
-2990.894721162598
-2972.0883405362547
-2953.3615325038795
-2995.185299041771
-2997.571736560414
-2993.4316762866492
-2971.501309768485
-2946.2530378615434
-2970.597949286005
-2975.7931415393246
-2939.6032789406354
-2976.737077193265
-2977.73564822163
-2973.1885920799386
