-8810.10917783124
-40995.100478536566
-40618.21658824022
-36479.87354603339
-33236.86971543587
-32252.82652173882
-31745.401533293836
-31861.252243328985
-31534.402099508072
-31497.91724470026
-30731.05270781334
-30200.796391292162
-30216.557912405366
-30254.291764681424
-30212.116084709072
-30097.883143919888
-29811.950147034768
-30045.01068676625
-29603.9368755851
-5770.622427550934
-4616.771220648757
-2452.520594761314
-1985.580010363142
-1951.90519208599
-2044.3872754733486
-1939.1182362191353
-1945.3110423917103
-2302.765423026175
-2269.8771884389625
-2711.637682275505
-3246.7756485200216
-3353.4900713102784
-3460.434448153626
-3387.7605769168067
-3449.9834075013628
-3477.776693708411
-3516.140473272423
-2881.73692548084
-2284.6228308195255
-1882.8769912246048
-1756.9486337870912
-1725.5808953408614
-1751.5214147388247
-1695.9657460875544
-1789.2716861300578
-1891.609981983907
-2072.6717159547266
-2257.1452562861355
-2131.998757921931
-2164.6230341177884
