-10679.109177831237
-4207.540919496449
-3376.351370024427
-3580.0370882592338
-3608.214453640858
-3311.378182867806
-3245.736636413955
-3130.0161207874107
-3158.501706627122
-3088.4629908753136
-3049.699780274222
-3103.8408027585638
-3086.0096568222853
-3145.5297149295047
-3082.950938054706
-3053.046791305859
-3035.786498196462
-3045.7950091114153
-3091.204847230979
-3152.45160200948
-3490.3380400543947
-3494.696709431868
-3576.6373098942445
-3998.8498105056615
-4806.803811961684
-5065.720989550158
-5045.195217928451
-3365.2114037444067
-3268.476152334023
-3247.616707823307
-3187.701972556649
-3230.515148779513
-3113.4138344141174
-3186.2209456353926
-3095.053228681417
-3487.08852142767
-3680.514240399801
-3618.852971107002
-3371.271661655965
-3398.7566505565323
-3101.4810804920335
-3078.7010194069
-3047.790656431161
-3035.438381367581
-3069.89294102227
-3104.7689203097816
-3237.176726780054
-3278.6561177692893
-3178.609001983885
-3121.517384107904
