-10679.107421874998
-36590.50390625
-42479.12890625
-42405.58984375
-42455.5703125
-42507.19140625
-42371.5546875
-42423.75390625
-42337.70703125
-42481.8515625
-42407.09765625
-42385.2421875
-42395.6484375
-42416.64453125
-42551.796875
-42428.1875
-42451.2578125
-42497.01171875
-42467.8984375
-42501.4765625
-42350.09765625
-42399.58984375
-42440.65234375
-42413.8828125
-42452.60546875
-42390.59375
-42398.48828125
-42501.8984375
-42412.109375
-42637.2265625
-42407.84375
-42506.1796875
-42342.875
-42471.8828125
-42506.578125
-42466.38671875
-42534.1015625
-42465.45703125
-42394.09375
-42534.58984375
-42555.1484375
-42555.16015625
-42482.78125
-42443.07421875
-42374.3203125
-42498.5234375
-42407.76171875
-42433.43359375
-42538.2265625
-42404.09765625
