-10679.109177831237
-9797.27565567545
-10393.020802316703
-10428.880797966494
-9098.223185149829
-7200.785914653638
-5726.367345871436
-4690.23152307361
-4191.609950742057
-4115.795900900814
-3722.56021747708
-3520.44311450002
-3212.119228635035
-3108.8034368480876
-2990.566336701718
-2934.383765086942
-2880.3079395743785
-2750.296911244522
-2754.0784917795254
-2661.9135034918227
-2645.2677151575617
-2618.0781850095173
-2586.358652677475
-2542.5100599714306
-2524.5694472296195
-2509.8334643949465
-2462.264647266901
-2474.8000472310873
-2427.0194096475852
-2481.2421448246705
-2457.5172402287562
-2442.4694831737806
-2423.0038647883875
-2466.9487128452156
-2406.0221512984344
-2391.4543912607096
-2410.6305292257866
-2397.699810184709
-2372.1364604361916
-2412.5221456148647
-2430.175498090043
-2407.44922271177
-2391.392268312059
-2345.118231773483
-2364.8137221455772
-2382.443205882226
-2341.0268472944404
-2370.0210774135726
-2366.9671588591555
-2341.3229390647543
