-10679.109177831237
-9873.455894288456
-8733.249557372996
-7394.613464912474
-6338.738295461904
-5070.250554635673
-4480.1473871447
-4058.9793137276783
-3818.737225704066
-3752.3559401409193
-3613.971443940198
-3522.3388582535636
-3465.8576212200096
-3403.5303043657827
-3344.7115120327917
-3296.245552346397
-3271.8220038002682
-3209.6747611847313
-3189.2505184004954
-3147.7856489867327
-3127.858458424592
-3115.9983126954658
-3070.565582379332
-3040.421915678514
-3057.058409573545
-3012.9347387558773
-3012.1571416388283
-3003.665088523817
-2982.1759842832676
-3027.614525620741
-2984.0052613492053
-2992.030316568673
-2958.5271231007728
-3003.778294378593
-2966.770935785069
-2958.3183129961876
-2980.849593685775
-2956.092346791655
-2939.461590307305
-2977.552225763001
-2977.791376441054
-2972.053169525405
-2949.6479108364756
-2922.1657745818793
-2945.5259484784374
-2952.0194373302293
-2912.327141522445
-2948.2149526769217
-2946.8482242697723
-2940.4222836388412
