-9978.2421875
-20605.212890625
-4818.22021484375
-7032.317626953125
-3781.603271484375
-5303.946533203125
-3935.114013671875
-3184.802734375
-3137.2591552734375
-3607.9163818359375
-3272.97119140625
-3373.56591796875
-3000.0401611328125
-3009.6990966796875
-3022.6875
-3009.020751953125
-3003.965576171875
-2975.685546875
-3011.13232421875
-3002.684326171875
-3036.3973388671875
-3074.4254150390625
-3484.85595703125
-4136.5904541015625
-3445.0943603515625
-3301.5364990234375
-3577.167236328125
-5321.53125
-5710.05078125
-6296.853759765625
-8397.557861328125
-10720.92431640625
-10687.66015625
-5703.953125
-5087.3133544921875
-3561.1204833984375
-3443.568115234375
-3516.054931640625
-3459.2919921875
-3403.1807861328125
-3346.633056640625
-3262.00244140625
-3184.95166015625
-3138.3934326171875
-3108.42626953125
-3078.8831787109375
-2994.11767578125
-3036.2547607421875
-3046.9410400390625
-3071.9278564453125
