-10153.45849609375
-35716.51171875
-42434.5234375
-36702.90234375
-32523.521484375
-32833.0546875
-32618.10546875
-32586.74609375
-34556.4140625
-34659.609375
-32394.431640625
-26516.134765625
-11718.755004882812
-20817.10546875
-30924.224609375
-34337.37109375
-34114.4326171875
-34261.1640625
-35382.5234375
-36461.8515625
-35650.2314453125
-37570.43115234375
-17727.54736328125
-9411.157348632812
-6763.002746582031
-8499.195190429688
-8421.297607421875
-5912.0628662109375
-4123.957214355469
-3493.9251403808594
-3190.4226379394536
-2901.7444152832036
-3041.118774414063
-3114.2485046386723
-3066.3381958007817
-2972.0280456542973
-2878.8432617187505
-2847.1194458007817
-2791.5122070312505
-2796.93392944336
-2850.4851684570317
-2823.091949462891
-2823.0793457031255
-2882.255249023438
-3362.610595703125
-3534.12548828125
-3953.794921875
-4330.3701171875
-4255.31396484375
-4317.48681640625
