-9277.359177831235
-39861.27221529517
-42044.60268300054
-42307.24474861506
-42455.57184374468
-42507.19562092242
-42371.54949987446
-42423.752288082294
-42337.707883215255
-42481.83562131103
-42407.09660438017
-42385.248146758815
-42395.65016699552
-42416.633077151455
-42551.79703509248
-42428.19201507513
-42451.2656317495
-42497.00744803225
-42467.892967327134
-42501.4560321212
-42350.089896067584
-42399.5870739317
-42440.63170874615
-42413.87758392807
-42452.60312556308
-42390.585284265675
-42398.48413972009
-42501.89195666089
-42412.104222980335
-42637.22537590987
-42407.83920801316
-42494.355213977906
-41758.032163071664
-38210.994782605536
-33617.12228287283
-24993.323620061234
-29086.526498748695
-10499.852084283455
-17918.348885312273
-21579.699215940076
-18640.326489652914
-37620.540292133795
-37585.84207209888
-37453.244410176994
-37334.500403302365
-36983.598074835645
-36702.229766124285
-35413.90042377395
-29644.195634791802
-26460.97623457581
