-10679.109177831237
-9844.87693074583
-8831.865215449721
-7133.292913086761
-6179.514565648074
-4969.148240170113
-4398.92690072287
-4015.7436249139964
-3772.684763521833
-3719.354410935293
-3599.6462635298276
-3518.3583850606656
-3452.257853313029
-3384.9851875997947
-3340.0061002550597
-3298.0121745753722
-3269.169892299941
-3218.220786369221
-3213.7198249041307
-3166.2462744131167
-3138.9677314379214
-3126.946477880003
-3086.373989270613
-3047.9629281665584
-3064.6688193659866
-3018.4448021609
-3020.0246959737433
-3009.720005409166
-2988.163337781599
-3032.6695740228474
-2989.8059703953613
-2999.9393763127964
-2964.338785667555
-3008.6812938201974
-2972.6205387359996
-2960.86065589959
-2983.459564279546
-2957.2208081628532
-2939.927573355185
-2977.9723491033046
-2978.843609719899
-2973.115376215803
-2950.199622959505
-2922.7080354882933
-2946.0775688670797
-2952.2560861884685
-2912.063150536328
-2947.9618515173793
-2946.786941040156
-2940.08547253515
