-10679.109177831237
-16168.662189508625
-4485.607302049486
-5056.50907786258
-4051.122846212157
-21202.820951297123
-28417.15097503006
-27520.713137438986
-29069.25129667555
-26593.65342426302
-29689.68902902872
-28686.218270760968
-17955.09885998574
-22193.803756627363
-35310.701618831314
-37581.60921388811
-37665.266056072054
-37472.12486073982
-37587.48322864068
-37455.81831658418
-37523.85601080348
-37587.934405882894
-37516.90835545187
-37237.07419290924
-37049.36882659928
-36257.10025745649
-33404.7083139233
-25563.1714630351
-15097.23871019763
-14146.719493460532
-11107.137275235198
-8739.244786076748
-7516.893430944762
-7452.766234704346
-6805.889485417351
-5861.329745711539
-4864.987126983409
-3750.821994500705
-4359.677755980187
-3776.1297924517776
-3566.3263150303965
-3462.0406838241806
-3437.6755866025187
-3315.067091217154
-4404.872986442774
-11028.59536218219
-18008.127175340407
-25672.081003403782
-27926.804791177252
-31326.799974182133
