-9277.359177831235
-40995.220638017214
-40618.323833830946
-36480.0258241913
-33237.00246282657
-25840.514475171825
-24393.724433105323
-23298.101474250954
-23704.339439325577
-20313.030061892245
-19471.624415492737
-18513.875754876128
-18935.77446025909
-19309.065563494376
-18623.728134084253
-17821.68982341582
-17513.524191751258
-15548.891259868036
-14818.180654746044
-13489.620157632973
-12360.01352233336
-11661.547824221054
-10650.931027705603
-8848.753124368257
-7213.923861989594
-4446.153808354368
-2382.1124707069453
-2356.8020046368515
-2390.8725214564665
-2452.7202354922238
-2444.875001860757
-2409.095518283369
-2397.569263599847
-2402.7636951259756
-2428.1403080468044
-2432.061162371864
-2459.615261481219
-2434.2888591954606
-2448.1943534063985
-2455.481715767509
-2458.6289653435842
-2459.4376610552163
-2447.895884167162
-2430.8897113455264
-2388.5075195229356
-2429.000244097604
-2428.122060806829
-2447.343957120963
-2462.4405587696187
-2467.609974245461
