-10153.45849609375
-39899.1015625
-42075.234375
-42405.59619140625
-34682.07421875
-32463.36328125
-32028.56640625
-31984.38671875
-32624.87109375
-33055.0390625
-33428.109375
-33666.2421875
-34820.0205078125
-36597.125
-37205.52734375
-36975.578125
-35930.76953125
-33192.625
-30141.98046875
-27083.375
-20276.130859375
-15024.859375
-13186.5185546875
-12344.767578125
-11585.8173828125
-9719.80859375
-9686.9443359375
-8842.43359375
-7082.941833496094
-6599.571716308594
-6306.3359375
-6020.800842285156
-5389.7276611328125
-5550.680969238281
-5438.235778808594
-4905.6849365234375
-3503.7231140136723
-3282.9588012695317
-3161.7231750488286
-3209.258239746094
-3172.8981933593755
-3145.5080871582036
-3074.7932434082036
-2990.0547485351567
-3006.180328369141
-3037.676391601563
-2984.25765991211
-2991.786560058594
-2990.142761230469
-2933.662719726563
