-9277.359177831235
-8127.513625120414
-8502.596300134355
-9065.16690160515
-7807.225994571316
-6219.899516243871
-4491.129346326258
-3344.2010059656677
-2961.0519255663144
-2905.223513713803
-2680.706548237936
-2596.2935029617975
-2447.879643594948
-2385.7785372297826
-2303.337217712435
-2233.3960339957757
-2194.207157650555
-2125.963714845277
-2096.872703938555
-2074.566009635837
-2043.7997155944206
-2001.7881642578973
-1963.5510813385238
-1932.211940703744
-1934.7259863704307
-1904.0529360179407
-1886.132294210382
-1899.0971160594036
-1857.0552297355857
-1894.2776536000044
-1856.1021484541593
-1872.1461105346687
-1837.3859408852527
-1865.5452170065084
-1841.833274750345
-1827.842131587645
-1846.286727590978
-1823.5029911950758
-1813.2624781882612
-1839.3485134975206
-1849.4237600262663
-1834.5424843105582
-1823.5923489928803
-1793.6137270726456
-1804.0078120693688
-1811.4564496966436
-1786.61381737983
-1813.0776596254825
-1809.1561838276466
-1801.1221003995954
