-10679.109177831237
-20605.212714527872
-4993.445734067775
-11544.49929841857
-13120.592544606368
-13519.977331822494
-21652.942432225856
-11485.503145885925
-9686.235559842393
-8963.214032412616
-8528.984629674873
-7969.626029730824
-7483.544848796982
-7059.897690112595
-6781.620354516596
-6192.923474838231
-5947.834536767963
-5512.826283374656
-4876.801740393012
-4359.766021547441
-4154.254704761432
-3386.8944707871015
-3403.5983855321856
-3488.0180784399686
-3505.9120994980126
-3476.8380907818223
-3478.850767286104
-3478.3473983944364
-3449.7479686805004
-3683.1065788935002
-4155.783745615642
-5058.101795033978
-3702.1400544227363
-3723.1064166238566
-3736.0217796583383
-3781.6921875404055
-3808.9282789185054
-3831.38039132103
-3813.6143525834113
-3884.750430683432
-3911.255488119082
-4129.734966540302
-3676.727341538933
-3719.713234822005
-4053.051297760074
-3863.2424647935813
-3859.367332999243
-3843.490785895042
-3887.0524224565406
-3906.2749816358873
