-10679.107421874998
-38259.27734375
-41889.72265625
-42389.625
-42453.0859375
-40300.68359375
-32530.82421875
-32389.60546875
-33411.8046875
-33612.5546875
-35374.1015625
-36918.859375
-35716.25390625
-34774.7109375
-33039.90234375
-37528.9453125
-37653.6328125
-37456.94140625
-37576.1640625
-37451.359375
-37512.90625
-37562.8359375
-37481.43359375
-37129.765625
-36545.28125
-35489.9609375
-33339.2734375
-28101.12890625
-20355.837890625
-18312.29296875
-15592.8642578125
-14733.197265625
-13284.7138671875
-13714.173828125
-12356.0361328125
-10791.6455078125
-10247.0771484375
-7711.579589843749
-6122.516113281249
-4951.1064453125
-3888.6750488281245
-3621.205810546874
-3361.859863281249
-3284.523925781249
-3306.558105468749
-3341.971435546874
-3317.960205078124
-3337.868652343749
-3338.289062499999
-3306.096435546874
