-8810.10917783124
-25471.155118401428
-34318.118495811126
-37643.39936926503
-39285.625437651004
-40155.657326572116
-40584.235210359664
-39563.21992688637
-37061.639234464885
-35758.99701290989
-34005.86172501896
-32821.200728904165
-31993.507262791198
-30741.152091586362
-30002.027564227843
-29258.656557932245
-28958.806079884787
-28945.292169165845
-28691.494382968573
-28722.461521371482
-28346.957619357807
-28251.158563466714
-28257.822912324154
-28154.668498081795
-28100.214528382076
-28069.224348739663
-28169.134458172302
-28304.33900827051
-28586.55235577924
-29366.13641759495
-29868.530181263293
-30161.83051764805
-30343.3153237933
-30497.317737865385
-30743.086831661734
-30950.710214379797
-30993.285387774733
-31142.819624767908
-31090.463029166385
-31133.38270575851
-31240.872034318727
-31483.281753336534
-31462.33651470224
-31580.167144161078
-31409.660806845313
-31671.470945790923
-31719.30948128865
-31616.80169933362
-31827.384632265755
-31726.09654537809
