-9277.359177831235
-5454.579334710126
-4165.212401267584
-3487.5776129572305
-2900.7677208643977
-2351.9591878284396
-2297.215138135677
-2337.0526502868584
-2349.7886971681237
-2321.6873623037104
-2282.405025821225
-2239.1993751075906
-2181.638662020463
-2165.593401828636
-2124.2296913616738
-2063.9487313850113
-2040.7701329055076
-1998.4206968933063
-1978.9957028609078
-1905.4927193482017
-1872.2457475523902
-1870.6412331448962
-1859.4528260887218
-1836.8910734289434
-1839.9950493440779
-1816.0261820500498
-1806.8851679330517
-1825.7432523899301
-1797.0619585783993
-1839.959303876018
-1808.4653915913077
-1832.8908915441557
-1803.14872986172
-1837.146615746637
-1830.3855655786197
-1816.858318820628
-1844.005291816451
-1827.1965892916153
-1814.8274444391004
-1845.9705531859568
-1855.5257650434942
-1844.120706845349
-1834.6179604894546
-1811.4243699427418
-1822.7200540937095
-1834.0697448492513
-1818.114311879072
-1846.1246748885173
-1848.1678785221889
-1848.418982899658
