-8810.10917783124
-13416.64938135526
-15256.782534998638
-15110.994506743726
-17199.250155543115
-17572.001484498924
-13883.837135025777
-4205.916639979536
-2824.6194822010284
-2060.693793767471
-1884.6861516084432
-1875.1502822445393
-1924.7652434723339
-1985.2612292417093
-1990.1411531783288
-1841.9681975238575
-1977.7103003852112
-1847.6252637393259
-1799.2071352935418
-1832.0540007018074
-1791.2805616947844
-1758.3892340782597
-1685.8395758078618
-1638.517385663028
-1598.3095262888387
-1567.561409547909
-1534.6182980608173
-1547.4853472501936
-1497.0795693143264
-1511.7479603505833
-1468.0136016910262
-1488.2540040647275
-1452.747891321396
-1471.8722847564427
-1459.1113888729
-1439.8217077848726
-1461.740009540618
-1443.966353440153
-1436.7226768811354
-1463.0289807562829
-1475.2184900534314
-1465.3766950804977
-1460.1323875012024
-1434.8658539320404
-1443.1867370814666
-1457.7184618437232
-1443.4729000797442
-1468.5863535945884
-1469.725538219258
-1462.7404763622758
