-9277.359177831235
-11748.68710664926
-7222.270336835953
-3502.8377094021403
-2773.722440648875
-2397.911300686408
-2294.4959756965723
-2231.3522852163633
-2213.288534959823
-2175.635939916662
-2158.5001813590657
-2146.538943347915
-2118.8549636758116
-2088.9155270593246
-2069.84183991802
-2028.593335617831
-1989.6062246511872
-1930.775739728093
-1911.8449114517596
-1878.7822868709507
-1861.0293536072174
-1867.4637301903372
-1851.7766274569287
-1837.3513089382736
-1838.325247538735
-1818.9918970847666
-1809.9319527989799
-1828.0998848385552
-1798.9924486156153
-1842.5484961652503
-1810.704825513191
-1836.4751904972582
-1809.2364934919328
-1846.73566785946
-1840.7003429530967
-1821.272549117799
-1844.2835462351202
-1823.556944252198
-1807.3523511692688
-1838.0594231589323
-1846.8873508244683
-1838.2017261348706
-1829.0900402051866
-1805.4549104762204
-1820.3124028035854
-1835.1360892683424
-1818.3757992330836
-1842.5578307952608
-1840.7448018810287
-1832.1072916295482
