-10679.109177831237
-5614.297646486927
-4510.4558740131715
-4013.6256008651435
-3484.435110804619
-3461.0627891611184
-3455.7775991400763
-3315.6137556788735
-3277.630490523961
-3270.4142435637823
-3239.370560289595
-3218.705988626126
-3164.9841878944194
-3131.6200956644893
-3106.279131063799
-3051.84433072518
-3033.3741063276693
-3001.149141187938
-3001.9784728756113
-2979.220443786335
-2974.707605981178
-2983.9023436414454
-2968.029620922106
-2951.4126722891124
-2974.211537102183
-2950.0253858036663
-2961.665390469001
-2962.1465779041814
-2947.4718611903004
-3001.0870973061005
-2964.9464392461246
-2978.2147858614626
-2938.866057891251
-2996.5347375491665
-2965.749893084887
-2958.1727442608844
-2980.1532431396167
-2966.02258842714
-2950.042543749053
-2992.2032138354284
-2997.7570066285457
-2996.6132882692955
-2979.4529073538774
-2956.5763715816033
-2978.9394669597127
-2984.756998740128
-2950.691859295651
-2989.8582692084583
-2990.912612759842
-2984.5443004620715
