-10679.109177831237
-13916.536568618936
-5960.6902897196605
-4256.372949162886
-3828.938165759352
-3496.806105930732
-3469.4565647774025
-3443.7947800651505
-3464.628788102548
-3423.3479249911825
-3359.6525541759656
-3330.65566160845
-3281.8417166746053
-3264.6322082522033
-3222.8603360360967
-3148.835007439914
-3114.509664087616
-3064.0289031248294
-3045.2022555828603
-3013.9948630164354
-2997.835010431518
-3000.3689490942143
-2982.4707004149855
-2964.539209625671
-2991.253677564697
-2966.9876441468246
-2975.2905709655724
-2974.567205194615
-2959.5438907587627
-3014.882166539947
-2982.6141274164456
-2996.5703872578038
-2963.986291981067
-3020.4275297841405
-2986.6990940534142
-2976.660357322114
-2995.82546671995
-2972.9967199111215
-2955.227986072189
-2997.5262326050088
-2998.1705320784445
-2996.2294354699047
-2973.5268230472416
-2946.5287664424504
-2968.9076242759866
-2975.900682624361
-2943.9496935314955
-2979.637657977498
-2979.3812926494847
-2974.3207054321388
