-8810.10917783124
-9100.495147431782
-10622.255381885467
-10546.99821069514
-9255.804835250183
-7340.553355923395
-5681.893597971373
-3971.331372706902
-3389.805292239836
-3249.0817725931506
-3077.783706026198
-3081.4861997750695
-2949.7375874156432
-2958.3282928633644
-2949.341139933498
-2888.988386945971
-2783.1403385660847
-2719.9061000140036
-2787.384948908872
-2660.437499203084
-2609.3663637507098
-2609.074335658577
-2581.7893598143237
-2549.7530490888203
-2482.0065642773966
-2403.280133719404
-2389.4714786460336
-2401.3225156526064
-2358.511866267083
-2429.5613050472525
-2385.4770442609765
-2331.8800452248306
-2315.5275213836585
-2426.7015759064448
-2377.7063181458184
-2354.7532729943823
-2393.4909384197063
-2337.3513302631295
-2297.519466561018
-2361.370487992298
-2359.3492983883452
-2331.856267992878
-2247.9521764182996
-2225.1805455324147
-2231.809850815172
-2246.246883462339
-2246.5045013677955
-2284.0977428272126
-2294.322837771416
-2289.429605185749
