-10153.45849609375
-40995.24609375
-40618.328125
-36480.02734375
-33237.01416015625
-37153.158203125
-42188.34765625
-42415.765625
-42337.70703125
-42481.84375
-42407.09765625
-42385.2421875
-42395.6484375
-42416.63671875
-42551.8046875
-42428.1953125
-42451.2578125
-42497.0078125
-42467.8984375
-42501.46484375
-42350.09375
-42399.58984375
-42440.63525390625
-42413.875
-42452.60546875
-41631.1015625
-24709.80078125
-22515.02734375
-20380.23828125
-16934.4521484375
-18122.031005859375
-19952.5087890625
-21385.880615234375
-16166.876220703127
-13162.342529296877
-15908.730712890627
-23753.739990234375
-25136.31640625
-30822.51416015625
-33592.6953125
-34150.5078125
-34301.8359375
-34475.234375
-34542.7890625
-34825.95703125
-34971.44921875
-34825.37939453125
-32541.98681640625
-33273.6875
-33653.0859375
