-10679.107421875
-5614.2529296875
-4510.41259765625
-4014.33740234375
-3488.68310546875
-3455.95068359375
-3439.49609375
-3330.268310546875
-3292.56103515625
-3279.87353515625
-3255.427734375
-3256.161865234375
-3188.567626953125
-3143.79248046875
-3115.435791015625
-3074.856689453125
-3066.04345703125
-3028.854248046875
-3018.79296875
-2988.12158203125
-2977.7216796875
-2984.748046875
-2968.859130859375
-2950.29833984375
-2972.05126953125
-2951.2861328125
-2963.650634765625
-2967.498046875
-2954.395751953125
-3010.02587890625
-2973.80126953125
-2986.18017578125
-2947.14306640625
-3004.39794921875
-2971.071533203125
-2964.164794921875
-2985.922119140625
-2968.323974609375
-2951.522216796875
-2993.915771484375
-2997.123046875
-2996.470458984375
-2972.951904296875
-2946.51904296875
-2969.19873046875
-2973.5234375
-2939.271484375
-2976.286376953125
-2975.943115234375
-2971.12646484375
