-10153.45849609375
-16116.402954101562
-22504.749267578125
-30439.853515625
-32662.20703125
-33196.22265625
-33270.16796875
-33773.3828125
-34845.24609375
-35302.4921875
-34975.4140625
-34610.69384765625
-33976.81640625
-33495.814453125
-32751.047119140625
-32500.79248046875
-32847.1640625
-33670.828125
-33770.8828125
-33714.66796875
-33578.92041015625
-32861.3984375
-28467.150390625
-17509.419921875
-7869.2252197265625
-5439.449462890625
-3809.7185668945312
-3350.7972412109375
-3123.560699462891
-3086.971130371094
-3035.90316772461
-3078.6076354980473
-2995.6383972167973
-2982.022064208985
-2963.2070312500005
-2973.3993835449223
-2916.3444824218755
-2918.233001708985
-2862.239440917969
-2866.728698730469
-2851.851959228516
-2827.5204772949223
-2778.8147277832036
-2770.6892089843755
-2720.086608886719
-2731.6821289062505
-2704.3778991699223
-2700.4233703613286
-2733.475006103516
-2681.3020629882817
