-9277.359177831235
-6300.652769203226
-6040.837947344595
-5033.75957338839
-4503.313872115531
-3758.0151915572796
-3205.2656076834805
-2730.7803354453313
-2547.260533067061
-2431.7053360898703
-2356.6905720951668
-2305.7177118879326
-2206.2112347491147
-2159.0876854227076
-2109.818832536718
-2042.8389767756985
-2024.2777209972096
-1986.9209502961912
-1974.12708716405
-1943.3089245731123
-1925.6185532612465
-1916.960343969255
-1893.7580695220781
-1870.0736973038534
-1874.0816522886034
-1849.328431313535
-1836.5106884050845
-1850.1229236432566
-1815.5044570003326
-1854.7889634644337
-1813.38795699899
-1833.45236476864
-1801.1123520338533
-1830.9937309594745
-1813.9822461018998
-1799.654592333089
-1821.6753660999243
-1802.9974363467463
-1789.9509379604747
-1818.3914194090285
-1824.6504477593055
-1811.5951495474078
-1800.3714177001225
-1774.9367828681068
-1784.938703902369
-1793.4120440182778
-1769.7667303988746
-1794.1090147691102
-1790.5477634200652
-1781.9276264127864
