-8810.10917783124
-5401.3829428584695
-3781.225920038527
-3131.304353732962
-2522.7248277341178
-1970.05958561506
-1917.022909829342
-1957.434275698242
-1961.5617704327876
-1940.4170103260512
-1897.6373679142755
-1854.5389499005491
-1794.5756571918428
-1771.4176031464842
-1747.9086354132396
-1692.5951169011598
-1702.7172788049731
-1658.7474449085425
-1656.4004787504407
-1600.5215547604066
-1566.946848843932
-1557.9013073770423
-1529.5228758043015
-1497.4874394437022
-1487.6643014506471
-1466.5863009980205
-1453.9463995219378
-1472.8553601532753
-1439.3782863646545
-1479.6915413667757
-1446.4015406675612
-1473.7956492608014
-1445.461454655274
-1472.207006103071
-1466.5695356251551
-1441.958628801772
-1466.0025994170517
-1445.6323022642048
-1434.6368959811964
-1462.8553572196895
-1476.1328599847684
-1462.403740454109
-1452.391175553279
-1429.5874965579658
-1437.6167306793536
-1448.5189794863907
-1434.5500605425755
-1456.0399211021852
-1455.0078785654207
-1449.3436881169414
