-10679.109177831237
-40995.220638017214
-40618.323833830946
-36480.0258241913
-33237.00246282657
-37153.14797666729
-42188.34832778135
-42415.76374814175
-42337.707883215255
-42481.83562131103
-42407.09660438017
-42385.248146758815
-42395.65016699552
-42416.633077151455
-42551.79703509248
-42428.19201507513
-42451.2656317495
-42497.00744803225
-42467.892967327134
-42501.4560321212
-42350.089896067584
-42399.5870739317
-42440.63170874615
-42413.87758392807
-42452.60312556308
-41631.10122931462
-24709.757986810037
-22515.023214980134
-20380.23244133993
-16936.1406911722
-18774.25056374675
-20575.196441348726
-21953.7145592729
-17303.400257710095
-14384.93434844183
-17140.61030785186
-24206.83711247683
-25444.286664309802
-30838.544399680377
-33592.69473047478
-34150.500911100105
-34301.84476674454
-34475.22569148826
-34542.79347172541
-34825.95305455624
-34971.44821644963
-34825.36809009328
-32541.973791897744
-33273.68833221614
-33653.08535330192
