-9277.359177831235
-11382.09171390042
-3514.362136772984
-2508.7996997970877
-2613.9249085672614
-2588.9847503624796
-2452.5433413724454
-4364.048685277433
-3811.823275795699
-6224.973365964141
-4530.537200660687
-4601.858505158865
-4747.217522219689
-4316.745127570912
-4186.149415374352
-4175.157001982706
-4051.318713487126
-3738.0624449260877
-3454.862905123322
-3290.265049344488
-3080.409677273496
-2915.328319120128
-2690.653936892416
-2515.885036801169
-2439.4390779401156
-2364.2843014019295
-2341.6732625905174
-2374.4049175387618
-2390.1082844090406
-2428.077958592673
-2410.5148642561353
-2545.303558096068
-2611.9030800227833
-2713.269295516655
-2709.8082779117085
-2695.9093074284815
-2676.4316670255516
-2605.5519335634503
-2623.827067139185
-2598.1340064834085
-2581.210995022394
-2523.252030483175
-2500.858301111845
-2428.4727802375105
-2433.023238644835
-2423.211669762744
-2386.677146475952
-2399.224287459316
-2389.820585028049
-2374.7719374126636
