-10679.109177831237
-10622.826087813632
-3486.4367161484092
-3494.8142396917997
-3517.1018783767404
-3482.9954831674177
-3379.480270369929
-3437.5631809592624
-3448.9458736612787
-3547.4233595843957
-3547.9837152232167
-3563.023686627632
-3551.4607058339775
-3559.3448331911736
-3615.739370963991
-3550.947146055817
-3610.1352396543307
-3757.100805843323
-3910.062389980593
-3855.981001578566
-3662.1313300934003
-3648.306550041506
-3619.937632112932
-3649.938983092465
-3986.479256530042
-3538.4331589571834
-3575.0918316876255
-3536.4153063994586
-3506.108020567669
-3549.504209603509
-3498.0562476169953
-3473.706859389541
-3455.8406707654067
-3506.789693690119
-3489.5490228815775
-3427.058031849735
-3460.6575069781
-3470.9945380598156
-3449.7587713927096
-3475.851620448341
-3512.5057157944575
-3474.997718239473
-3490.0963558440417
-5048.538596438326
-3317.38499225544
-2956.2254215213507
-2818.199086881611
-2908.944622649783
-3415.5925487643226
-3452.0821092208716
