-10679.107421875
-9356.185546875
-10178.564453125
-8147.72802734375
-6908.54541015625
-5616.4931640625
-4859.0
-4179.76220703125
-3876.998046875
-3716.44140625
-3578.428955078125
-3491.453857421875
-3403.19677734375
-3340.324951171875
-3288.807373046875
-3230.826904296875
-3196.51513671875
-3165.908935546875
-3153.11572265625
-3104.296875
-3104.6064453125
-3086.94873046875
-3059.24609375
-3022.06201171875
-3035.06982421875
-2996.817138671875
-3001.9990234375
-2990.86181640625
-2969.7431640625
-3015.77783203125
-2969.87646484375
-2983.191162109375
-2946.35107421875
-2991.982421875
-2959.22119140625
-2949.39306640625
-2969.16455078125
-2948.236572265625
-2930.689453125
-2970.38037109375
-2969.88916015625
-2965.83447265625
-2943.360107421875
-2917.925537109375
-2941.42724609375
-2947.650634765625
-2908.255859375
-2943.8486328125
-2942.53662109375
-2936.165771484375
