-9277.359177831235
-6300.652769203226
-5955.47489126459
-4922.619007444219
-4431.236982109255
-3635.842233373683
-3103.996037740745
-2708.5263752892583
-2547.4717847630227
-2447.6961669092793
-2370.5400954588013
-2315.9853897087023
-2215.870841113376
-2162.1832877296883
-2122.645189618247
-2066.693819599139
-2047.0748942374619
-2002.9942839702476
-1987.2188420047
-1950.4239517529809
-1931.977510181679
-1925.880678946818
-1899.5772076808414
-1875.588624296644
-1879.517329450898
-1852.652477593209
-1839.3169048168493
-1852.257124840999
-1817.950390247488
-1856.4369842499211
-1816.1745820502686
-1836.461448615009
-1802.7413083010802
-1833.5497680170029
-1814.473331749384
-1799.1810390823616
-1823.3252326955849
-1804.0505106012242
-1791.305131980684
-1819.3652294861452
-1825.8263211117774
-1812.3870800673608
-1801.0000500167775
-1773.3803985258467
-1783.5766074220967
-1791.6846135835756
-1768.5692753883607
-1793.0048533322654
-1788.9611796722977
-1780.6037450542426
