-9277.359177831235
-5454.492466017901
-3579.1518274428736
-2878.330587007537
-2343.163313256258
-2304.8667768482437
-2295.464360015162
-2185.0991547890867
-2141.6030656588964
-2129.863624496612
-2114.4760296422796
-2081.993587248392
-2008.480519934496
-1966.6245243252063
-1948.3050846243252
-1908.84333971785
-1905.2517940089183
-1868.4767392845624
-1865.665392479043
-1834.6958921402238
-1820.1273910490647
-1827.9087796094489
-1823.8075266891308
-1814.6817656310518
-1824.527393973423
-1812.797520428175
-1808.4010199034212
-1829.610501187591
-1798.8083169503996
-1841.0360445288247
-1807.5354587803115
-1832.2368551029035
-1801.9437740490346
-1840.2476375474457
-1834.005907001963
-1823.3821249972607
-1851.4271904513275
-1834.4516440534499
-1819.3154638613196
-1850.28087231351
-1857.4816682392513
-1848.0102715399655
-1837.32169035761
-1810.0069363931252
-1818.9650576956278
-1828.311903330822
-1807.3051818425433
-1833.4143896334056
-1829.6451008060612
-1824.6813342928356
