-8810.10917783124
-5282.0711471650475
-4661.537008729632
-3995.6805618916283
-3701.534383642235
-3138.402405305979
-2653.9251448294062
-2247.722048853667
-2103.978367772213
-2003.4822207200352
-1949.515657116271
-1910.3883753969644
-1807.027261810065
-1765.0908662943416
-1722.3407194853316
-1652.739135190904
-1639.2636030014896
-1598.1328812960146
-1584.9640561062192
-1559.7638716000133
-1534.9010934271619
-1527.1168578561778
-1504.969915175506
-1485.0478197769296
-1486.1160237698336
-1465.684201321766
-1447.6686041966445
-1469.521226641648
-1430.4903164049144
-1468.2454300661016
-1428.7182731614698
-1451.1467046233256
-1420.4230626242465
-1444.8988669868434
-1433.5574633729157
-1417.594569800266
-1439.7277039332087
-1422.001289769079
-1410.5882751223824
-1435.3198179375904
-1444.048892694988
-1427.3815861545604
-1420.3243183886957
-1395.1135907200191
-1400.617809932731
-1410.1007439875486
-1391.5330660563045
-1411.79252085925
-1407.5386799284156
-1398.1193383797113
