-8810.10917783124
-5401.297646486927
-3268.45587401318
-2504.625600865141
-1957.4351108046158
-1934.0627891611268
-1931.777599140074
-1797.613755678869
-1744.6304905239544
-1731.4142435637737
-1730.3705602895982
-1694.7059886261238
-1640.9841878944208
-1601.6200956644832
-1573.2791310637924
-1524.8443307251885
-1506.3741063276755
-1474.1491411879424
-1477.9784728756183
-1455.2204437863293
-1438.7076059811845
-1444.9023436414413
-1441.0296209221005
-1433.4126722891162
-1441.2115371021846
-1429.0253858036774
-1419.665390469002
-1447.1465779041798
-1414.4718611902995
-1456.087097306101
-1422.9464392461273
-1451.214785861461
-1420.8660578912481
-1448.5347375491615
-1444.7498930848878
-1428.1727442608787
-1453.1532431396172
-1439.0225884271388
-1429.042543749041
-1456.2032138354307
-1470.7570066285423
-1457.6132882692993
-1455.4529073538633
-1432.5763715816079
-1436.9394669597193
-1448.7569987401291
-1432.6918592956595
-1456.8582692084588
-1454.9126127598452
-1448.5443004620738
