-10679.109177831237
-18262.552840763754
-17341.87817495227
-18301.21254750024
-21781.635680311923
-20998.5676164991
-16106.500926765308
-12831.456909017
-12134.766337454552
-8013.958607230932
-6258.104825611201
-5494.4274993029085
-4691.149716014041
-4124.693350975766
-3590.1727648319334
-3462.621729584943
-3487.7513352517794
-3489.7720011880856
-3515.556140045489
-3526.3964805913142
-3549.3732581409217
-3563.909508249424
-3521.498617367648
-3474.2753842407487
-3491.841493365077
-3476.0255765254324
-3464.4426318308447
-3450.1427160284343
-3436.0630741767454
-3474.02293383285
-3425.6764695169854
-3424.4864629452204
-3373.963518079158
-3412.5057237313204
-3383.655448887218
-3365.4325203620474
-3387.0695646999134
-3338.338090709532
-3298.582081844418
-3317.1228684907737
-3296.2849696542958
-3267.5778996992026
-3230.5650207033223
-3176.868579842325
-3186.0930952304043
-3177.8881921901284
-3119.915093617549
-3127.529980244784
-3108.7173487000605
-3089.856696383542
