-8810.10917783124
-40995.220638017214
-40618.323833830946
-36480.0258241913
-33237.00246282657
-32252.893275832095
-31745.51193864628
-31861.216166129034
-31530.897579920515
-31494.480530815646
-19143.711855323112
-12429.943498379802
-2185.335424993321
-2504.682182012513
-2254.975585665815
-2237.325082874998
-2302.0430132901956
-2178.0052535792256
-2179.5937991876012
-2138.518802730375
-2172.484660958354
-2210.254010444464
-2138.1604861563314
-2104.753059987442
-2097.770503752078
-2074.5168736999144
-2091.90916328804
-2069.406316318552
-2006.532519909751
-2027.0412671998372
-1990.6780207385564
-2017.4431014145407
-1980.93519754593
-2000.6081364337429
-1962.1097934144175
-1910.6745041972317
-1951.7120979325505
-1904.749869843937
-1857.7863795111148
-1848.2989680292999
-1836.231537584569
-1826.6079516387065
-1844.2456378706024
-1775.5250301799358
-1820.9612531028693
-1822.0545176582914
-1825.6838990216609
-1845.0207347673033
-1900.822343456277
-1882.9965288070514
