-9277.359177831235
-6300.5787982787115
-5955.620244570557
-4922.465004104973
-4429.285606675938
-3636.809683656293
-3105.720481116834
-2710.1664585201074
-2548.12982387841
-2448.037777069111
-2370.3015782000684
-2312.097830610395
-2215.0381557453475
-2160.43345271233
-2120.6002087291126
-2064.4801815549536
-2045.9866488026014
-2001.5291791484083
-1985.0169093606212
-1949.4411109735634
-1929.9612903867715
-1924.8132330661024
-1900.3136560253606
-1876.054147523057
-1880.063514499945
-1853.6055026034815
-1839.4953979714574
-1852.6321159300212
-1817.3800901940606
-1856.3656159582704
-1816.1649009895493
-1835.8540089464937
-1802.378698774166
-1833.026863755385
-1813.8934078134753
-1799.0906807376236
-1821.3461362905946
-1801.9988886912488
-1788.982846515415
-1816.9630559552345
-1823.6815925328592
-1810.1950477094374
-1798.9629286996073
-1773.5666904844675
-1783.136578194155
-1791.470410440493
-1768.063485608792
-1792.5414111942296
-1788.7128645388225
-1780.1322423256029
