-8810.10917783124
-5401.276735744396
-3781.1971023021056
-3131.350685134144
-2522.83157305128
-1970.289739097901
-1915.1650962120889
-1957.2347705962493
-1954.6462365622465
-1914.3806190099938
-1878.2974150078146
-1841.7215637328857
-1780.4087939989688
-1754.5559860158676
-1712.4985342093928
-1667.2454413833516
-1665.3180022997735
-1652.6579677580746
-1620.616468849529
-1563.668062523954
-1533.9942613447267
-1527.7125309726703
-1515.197561062831
-1494.7882148930325
-1487.255045749069
-1462.9018141822783
-1444.3557127075574
-1468.1473798089069
-1431.9445794497242
-1472.1982532969864
-1438.1287464127984
-1467.345983310703
-1437.1134558711406
-1462.4582540129504
-1459.1954017583214
-1440.5531949950894
-1462.9899361760192
-1446.0384928391272
-1436.1317339505702
-1465.479417236386
-1479.9640718572878
-1466.9923111227451
-1461.2864255254829
-1440.158107891893
-1449.2367771275879
-1457.4865706961712
-1441.6318794051676
-1460.8211293202096
-1458.3892513250414
-1446.8194649718046
