-10153.45849609375
-36862.81884765625
-42310.03515625
-42405.5625
-42455.53515625
-42507.15869140625
-42371.515625
-42423.71484375
-42337.6640625
-42481.8046875
-42407.0546875
-42385.19921875
-42395.6015625
-42416.59375
-42551.75390625
-42428.14453125
-42451.2158203125
-42496.9609375
-42467.8515625
-42501.4140625
-42350.05078125
-42399.54296875
-42440.59765625
-42413.828125
-42452.5546875
-42390.546875
-42398.44140625
-42501.8515625
-42412.05859375
-42637.171875
-42407.7890625
-42506.1328125
-42342.82421875
-42471.8203125
-42506.51953125
-42466.3359375
-42534.05078125
-42465.3984375
-42394.04296875
-42534.5390625
-42555.09375
-42555.10546875
-42482.7109375
-42443.0234375
-42374.26171875
-42498.46484375
-42407.7109375
-42433.37890625
-42538.16015625
-42404.03515625
