-10679.107421874998
-19287.576171875
-23040.470703125
-25524.240234375
-28947.99609375
-30794.353515625
-31218.365234375
-30840.5
-31276.35546875
-31737.44921875
-31535.962890625
-30763.693359375
-29564.82421875
-25892.64453125
-21986.291015625
-16926.0859375
-14012.1748046875
-7963.122070312499
-6147.143554687499
-5076.689941406249
-4366.780273437499
-3944.352294921874
-3710.727050781249
-3784.795654296874
-3940.838378906249
-3744.296874999999
-3561.660888671874
-3460.307861328124
-3439.102050781249
-3432.602050781249
-3404.346191406249
-3423.945312499999
-3400.897705078124
-3503.187011718749
-3454.211425781249
-3239.450439453124
-3218.205322265624
-3175.1008300781245
-3073.8515624999995
-3009.0737304687495
-2919.87255859375
-2978.62744140625
-3331.3203125
-3227.89111328125
-3251.20947265625
-3045.64111328125
-2878.84521484375
-2834.173095703125
-2759.68115234375
-2691.64208984375
