-10679.109177831237
-13006.150328737504
-12071.21377760817
-14624.337750095783
-16468.342175137506
-13495.022606950539
-7703.266897750067
-6381.611797757837
-5581.731333453541
-5237.341786108783
-4985.7214480535895
-4155.511524610146
-3617.3649675753745
-3384.4736234411234
-3498.9618374184274
-3613.9490365846964
-3649.810052314876
-3476.4147208776203
-3358.6903611140215
-3292.819565153529
-3231.7807822453524
-3253.5176984605737
-3248.757988508001
-3226.3249368669854
-3239.4615936517703
-3192.73819100236
-3185.6306685930745
-3149.952105788467
-3098.630644980304
-3125.2499980613707
-3081.910801797462
-3088.6523309916765
-3043.0924713831746
-3079.736452416103
-3031.0895890867205
-3006.693265050713
-3019.155211092138
-2995.942877463405
-2973.133551871015
-3013.4600741500863
-3015.7939852633026
-3011.2835654457517
-2989.8676663008046
-2960.806886490973
-2981.3725098769455
-2984.319544859496
-2951.952812296384
-3004.6197885480447
-3031.320725943906
-3019.8254801398552
