-9277.359177831235
-6300.574052849088
-6040.788335141693
-5033.682939243173
-4503.284866248409
-3757.906086077043
-3205.178034084934
-2730.724051548768
-2547.2294588848044
-2431.732401641608
-2356.7663148603788
-2305.639718619637
-2206.026337510507
-2158.8432564064506
-2115.3500457352143
-2049.4804822463825
-2031.3988327518055
-1992.5725062007823
-1978.5423552026302
-1948.1494475589825
-1929.245112862322
-1917.0518797129541
-1894.5209021371006
-1869.3599663511384
-1875.0376547058124
-1849.146652366934
-1837.463050793426
-1850.244189116604
-1815.9250696633171
-1855.0779395526456
-1814.113731386693
-1834.0983832499999
-1801.8994715822105
-1831.6026934331057
-1814.8971744396313
-1800.407024001194
-1822.4241758267704
-1803.6636658099123
-1790.7159466301193
-1819.1865343663958
-1825.4758216912837
-1812.421855789765
-1801.1631205399947
-1773.771284581854
-1784.0934078585137
-1792.7899388005226
-1769.4011593030168
-1793.516262484304
-1789.971805986591
-1781.299342296103
