-10679.109177831237
-9920.583211041449
-8709.703458970596
-7321.1487895334285
-6238.2256623592175
-5027.669491671398
-4456.600217310043
-4074.1389562256836
-3825.554174094353
-3775.0728884084283
-3641.1275178304413
-3556.688538591563
-3502.9178790398582
-3454.798439068375
-3415.353642442979
-3360.338140306786
-3335.762535467744
-3268.840451210252
-3288.098885645177
-3240.6289591665263
-3230.41948148949
-3205.1604144628127
-3149.7103838658795
-3114.8235973175324
-3123.933176625804
-3078.940285741611
-3071.0995625791065
-3062.015463988071
-3032.8166544471387
-3073.1537003803383
-3027.135609435173
-3032.670333799807
-2995.9055862001997
-3042.0379325357326
-2995.098285769617
-2988.800937579571
-3006.1649350986495
-2981.516331266232
-2968.9838974837735
-3003.5577851097205
-3007.1272530812407
-2999.1447290130955
-2977.8987607707977
-2949.4100787472075
-2975.5608524103527
-2981.4006562481545
-2939.3565723351862
-2972.4660230728723
-2972.352283653184
-2963.3210031958706
