-10679.109177831237
-25471.233790207174
-34318.24166574671
-37643.53237286133
-39285.761542816916
-40155.78879253636
-40584.363416658474
-40948.10098049612
-41105.32679814178
-41375.015599373844
-41385.78482944144
-41246.432577907835
-41230.98845162853
-39135.118704362394
-38217.97805648206
-35580.893351284016
-34486.33706136374
-33776.791693799336
-33257.909736684036
-32649.518209030426
-32463.628994447798
-32482.927565419355
-32524.026844425825
-32622.18743357276
-32925.057718221484
-33056.89420170825
-33146.299804341004
-33507.956056892566
-33725.55493141899
-34328.379889273834
-34402.614893697726
-35033.442021721035
-35323.73670481841
-36497.37966250891
-37704.18797421529
-38645.9082789482
-40004.4489103291
-39634.580546537305
-37285.0199514248
-38130.29021321655
-37746.90829528269
-38942.50068387743
-38985.06665184082
-37996.179848125474
-40189.38267655652
-41812.546851432904
-42405.40830021356
-42431.00523564156
-42437.426978434654
-41939.61927206918
