-8810.10917783124
-6383.020070925481
-5515.824292424831
-4914.989508443889
-3809.2794308400407
-2857.6321061273056
-2485.588742784249
-2178.0271388740075
-2072.233244486974
-2033.237305702615
-1990.234995598376
-1949.6991923225075
-1890.5306676071662
-1839.2125890922912
-1778.387898289823
-1718.151313212622
-1714.429364442858
-1659.2434585624947
-1647.7819198401535
-1622.905116274794
-1587.4505061881118
-1562.3716964417704
-1529.3573400422704
-1510.2576156732755
-1512.0222570602305
-1486.8687257930746
-1468.8888753002561
-1488.7097761985306
-1449.636338458222
-1486.1610639208811
-1445.6721661111094
-1468.147062677465
-1435.1914820431505
-1458.3765414535114
-1444.7360714050405
-1427.0319541419176
-1451.8357532443638
-1431.8403775559038
-1420.906656086457
-1444.357952194157
-1453.0800583408823
-1434.9446796823252
-1426.9467810036726
-1399.409111566008
-1404.8003734035499
-1413.9795988430649
-1395.0694662878525
-1416.1117121372213
-1411.7460722792769
-1402.3375188411615
