-9277.359177831235
-7326.455894288473
-6438.249557372994
-5695.863464912457
-4599.4882954619
-3484.0005546356706
-3037.8973871447033
-2672.979313727677
-2518.2372257040724
-2467.60594014092
-2398.9714439402105
-2345.588858253562
-2284.6076212200105
-2231.2803043657777
-2167.961512032789
-2110.495552346388
-2101.8220038002673
-2044.1747611847288
-2028.2505184004908
-1995.7856489867306
-1964.6084584245946
-1945.9983126954685
-1911.8155823793336
-1890.6719156785068
-1896.0584095735503
-1867.6847387558823
-1853.407141638827
-1865.1650885238032
-1830.1759842832732
-1868.8645256207371
-1827.5052613492026
-1846.780316568663
-1813.277123100781
-1842.778294378594
-1823.7709357850715
-1808.5683129961872
-1831.099593685769
-1810.8423467916487
-1798.7115903073013
-1825.5522257630073
-1832.541376441049
-1817.803169525408
-1806.6479108364704
-1779.1657745818807
-1789.0259484784372
-1797.7694373302304
-1773.8271415224438
-1798.4649526769222
-1794.8482242697687
-1786.1722836388321
