-8810.10917783124
-5401.329334710128
-3268.4956382597734
-2503.44170683864
-1959.428225096175
-1927.0709146324639
-1911.8375284017718
-1792.4782863958094
-1755.4415877412998
-1747.529218393341
-1750.5817197282977
-1694.041548434217
-1634.6630668964658
-1598.2992028679591
-1588.2627900774035
-1544.2919558438618
-1527.8060821534486
-1483.1678789082698
-1479.8246874522108
-1464.7286058567647
-1465.1976647060965
-1466.0485478094313
-1458.1098488968075
-1452.3029914927235
-1460.158475445308
-1450.0633949632024
-1439.2181884474435
-1466.8611662108046
-1432.1204522824644
-1472.6388636488396
-1435.6788224790819
-1460.5797911986997
-1429.4969678944203
-1454.1088272936172
-1447.1740133326957
-1429.991119814784
-1455.2363918586464
-1437.9893415041504
-1426.778805103143
-1455.866790037198
-1466.9530590010413
-1452.5424806264427
-1447.2831389890932
-1422.0424781103861
-1427.6922682432328
-1438.4671540387021
-1423.8852793765077
-1448.59364392538
-1449.0380889447674
-1445.0713004832746
