-9277.359177831235
-9549.655785045006
-10203.008834348431
-10351.703095059253
-8300.808037270735
-6165.104941112671
-4659.172325839858
-3731.9237285654417
-3451.4697732637665
-3388.1227807757255
-3253.546828487508
-3204.4306410122786
-3093.614854276352
-3014.6473011975786
-2958.96165403783
-2872.53818057264
-2798.8987569738206
-2718.59169798819
-2763.7135431925067
-2682.415131153414
-2630.2523700400097
-2665.0301404774013
-2603.2637852130842
-2568.2525258262112
-2535.014543201882
-2507.916959194601
-2486.8093144699837
-2471.6279215387945
-2440.2124430078097
-2500.370560887947
-2445.9237184472595
-2449.434863881791
-2396.993968567568
-2501.1562085461464
-2441.0313531418365
-2410.0713312997063
-2458.176432904522
-2419.547316519535
-2379.1262460992243
-2425.075687333198
-2434.352853756312
-2403.986713220412
-2374.7346343220265
-2341.9223094120066
-2359.013932228979
-2362.1736236832953
-2338.8024053402232
-2350.8240716625046
-2340.552343735631
-2336.5745236498033
