-8810.10917783124
-11588.93710664926
-3321.2146808782722
-2124.920435831597
-2019.8071256025146
-2009.2447708901539
-1983.567756291528
-1948.6137738286193
-1941.84084131382
-1930.2438931116485
-1924.86270582648
-1893.4885252806598
-1886.0911615589382
-1846.6875925042175
-1830.813154170294
-1785.9001576036771
-1768.4491875691467
-1751.3682843049814
-1730.9615442401014
-1678.6608557794461
-1655.7908080935224
-1661.5561999182678
-1657.5546853152016
-1638.215820808929
-1644.9128054461005
-1614.302098035269
-1580.1950343456024
-1590.0867260172406
-1541.113356845525
-1558.1142605545874
-1500.0572537114
-1523.4883182005892
-1489.983767709748
-1510.8265287545507
-1499.9732804112882
-1478.9338816241484
-1502.478396528803
-1475.5621983851984
-1463.3715279184244
-1490.34625349835
-1502.3074645015834
-1486.7779864163633
-1483.0913144999306
-1458.2205260980127
-1464.0555596504546
-1473.3904112048936
-1457.724969807346
-1481.8295392468542
-1475.4958370176741
-1466.8701773680666
