-10679.109177831237
-9890.020070925497
-8724.176038104812
-7115.26553385073
-6131.34946252833
-4958.501692157918
-4410.850133562401
-4035.87629717889
-3810.379926364198
-3738.928810996572
-3612.2973466442527
-3545.3739707866416
-3469.4367763153496
-3403.41126025516
-3350.130769142358
-3308.7497061139375
-3277.4937799187755
-3223.0584114173403
-3217.54257514533
-3164.151636664549
-3141.1927506513593
-3124.7926061733715
-3085.003168783666
-3052.169608832017
-3066.021720157013
-3021.703429990772
-3026.6442413208897
-3012.299785868372
-2986.554958730126
-3031.494471573206
-2988.278079050727
-2995.8341211230363
-2960.2396086662015
-3007.528983149506
-2968.972640010998
-2959.743706021576
-2982.397576053308
-2957.1919500948206
-2939.950481678631
-2978.2611892587993
-2978.6725002663825
-2972.5365564515596
-2949.511613605019
-2922.177887934944
-2945.4734760125225
-2951.8166223675757
-2912.2583223342617
-2948.0485472727223
-2946.7637342582157
-2940.2368251205075
