-10679.109177831237
-4207.540919496449
-3405.178428230623
-3355.540048894979
-3375.5642064421418
-3439.8891720863276
-3784.1272094326837
-5265.256021212494
-6238.865656436564
-8685.97664764191
-9186.886141517612
-8408.020383946456
-9477.936746658452
-8379.674811086847
-7761.660797930196
-7725.975987288577
-8708.816665132557
-8951.23197667043
-7103.735367523787
-6664.688814959994
-6322.988707681955
-5985.989808536503
-5583.911752140004
-4896.653492233641
-4590.012351099322
-4210.899074079629
-4154.625111562266
-3893.8650481918535
-3659.906757405575
-3401.5897705210496
-3425.5491766844452
-3390.7258008249396
-3847.7301003819484
-3877.877168709611
-3772.7606533473954
-3717.619932016204
-3785.6954545330736
-3763.3303961771176
-3759.3233819327593
-3708.3887463340848
-3622.247413866672
-3562.6341176966716
-3493.29405350646
-3437.71057230162
-3407.7565666853216
-3406.1650808230866
-3399.722367906356
-3396.92992622325
-3450.705664319631
-3421.3237190672057
