-8810.10917783124
-4103.721750257949
-1807.1578532610897
-2281.1883239843824
-1857.1962513759186
-1817.4170424669749
-1705.9011503812253
-1664.3882068385385
-1601.2602131464314
-1557.5276165064206
-1541.819755288027
-1555.7984776394767
-1568.0882426674061
-1571.595444516603
-1588.3941611208054
-1527.564893678175
-1504.9819488777625
-1487.107426435646
-1508.2576442945906
-1492.2227174838067
-1456.0566565145757
-1472.0174615238516
-1479.8814921045143
-1477.6910019857014
-1492.1225284940103
-1495.206219884968
-1495.720390585194
-1537.2488959845853
-1475.981302549159
-1514.8785069897015
-1491.1881621875261
-1519.2188639495212
-1501.0177988501405
-1590.2631153250045
-1547.633671869356
-1538.7307774671538
-1563.3957900971875
-1534.5002569490898
-1519.7788017139505
-1572.8802249047046
-1594.3705377362169
-1602.3152118899402
-1602.385743858038
-1592.2778840382105
-1582.090760710404
-1679.5688709325102
-1578.852313745784
-1655.0354913360425
-1640.9326176226484
-1606.403801453921
