-10679.109177831237
-5614.38294285847
-5317.225920038525
-4556.304353732947
-4034.724827734112
-3497.0595856150553
-3441.022909829325
-3475.434275698255
-3491.5617704328006
-3473.417010326044
-3406.6373679142844
-3381.538949900535
-3318.575657191838
-3298.4176031464813
-3283.908635413234
-3237.5951169011582
-3241.7172788049784
-3194.747444908543
-3177.4004787504414
-3130.521554760394
-3105.9468488439284
-3096.9013073770434
-3056.5228758042977
-3015.487439443707
-3020.664301450651
-2990.5863009980085
-2992.946399521942
-2987.8553601532753
-2972.378286364649
-3024.691541366768
-2988.4015406675526
-3000.7956492608087
-2963.4614546552707
-3020.207006103069
-2987.569535625148
-2971.9586288017645
-2993.0025994170564
-2972.632302264209
-2955.6368959811953
-2998.855357219694
-3003.1328599847625
-3001.403740454106
-2976.39117555328
-2953.587496557968
-2979.6167306793473
-2984.5189794863863
-2949.5500605425755
-2989.0399211021804
-2991.007878565429
-2985.343688116929
