-10153.45849609375
-33098.26416015625
-42479.1328125
-42405.58984375
-42455.5703125
-42507.1953125
-42371.5546875
-42423.75390625
-42337.70947265625
-42481.84619140625
-42407.10009765625
-42385.2421875
-42395.6484375
-42416.640625
-42551.796875
-42428.1875
-42451.27734375
-42497.0126953125
-42467.8984375
-42501.4609375
-42350.09375
-42399.58984375
-42440.6328125
-42413.875
-42452.60546875
-42390.59619140625
-42398.48828125
-42501.90234375
-42412.10791015625
-42637.232421875
-42407.83984375
-42506.189453125
-42342.87890625
-42471.86962890625
-42506.5703125
-42466.38671875
-42534.1015625
-42465.44921875
-42394.09375
-42534.58837890625
-42555.1484375
-42555.16259765625
-42482.765625
-42443.0791015625
-42374.328125
-42498.51953125
-42407.76171875
-42433.43359375
-42538.2265625
-42404.1044921875
