-10679.109177831237
-37119.138045363616
-42427.69636155556
-42405.59287720309
-42455.57184374468
-42507.19562092242
-42371.54949987446
-42423.752288082294
-42337.707883215255
-42481.83562131103
-42407.09660438017
-42385.248146758815
-42395.65016699552
-42416.633077151455
-42551.79703509248
-42428.19201507513
-42451.2656317495
-42497.00744803225
-42467.892967327134
-42501.4560321212
-42350.089896067584
-42399.5870739317
-42440.63170874615
-42413.87758392807
-42452.60312556308
-42390.585284265675
-42398.48413972009
-42501.89195666089
-42412.104222980335
-42637.22537590987
-42407.83920801316
-42506.18120702812
-42342.88343291277
-42471.871398186384
-42506.57007828583
-42466.38724900987
-42534.1014362083
-42465.45257348216
-42394.090388939934
-42534.58479528759
-42555.14776214123
-42554.98618792554
-42472.18573103366
-42424.89367469477
-42360.76734003999
-42464.41017637188
-42400.135610839156
-42426.366344043534
-42536.10180395217
-42404.09144576285
