-8810.10917783124
-8843.275655675428
-10219.020802316705
-10242.880797966494
-8735.223185149825
-6558.785914653662
-4829.367345871431
-3427.2315230736044
-3003.6099507420536
-2909.795900900804
-2741.560217477091
-2752.4431145000235
-2750.1192286350297
-2823.803436848088
-2822.5663367017164
-2826.3837650869405
-2718.307939574378
-2618.2969112445203
-2670.0784917795245
-2556.9135034918218
-2528.267715157562
-2507.0781850095163
-2472.3586526774734
-2458.5100599714306
-2455.5694472296204
-2422.833464394945
-2399.264647266901
-2411.8000472310873
-2352.0194096475834
-2418.2421448246714
-2358.5172402287576
-2367.469483173783
-2357.003864788386
-2418.9487128452147
-2352.022151298435
-2325.4543912607096
-2380.6305292257866
-2331.69981018471
-2312.1364604361906
-2385.522145614864
-2403.1754980900423
-2377.4492227117694
-2352.392268312059
-2306.1182317734824
-2346.8137221455772
-2343.443205882226
-2302.02684729444
-2322.0210774135726
-2318.9671588591555
-2323.3229390647543
