-8810.10917783124
-11588.93710664926
-18890.31619667423
-24185.323062668802
-29086.217877421404
-31584.68572904027
-32538.14673369786
-33016.50671623053
-33872.97813123035
-34611.07439561815
-34672.38380526046
-34682.76216463574
-33944.13337954397
-33181.95490327326
-32498.518732890785
-31420.16038720331
-30869.92003430786
-29253.49397723139
-27753.73325930906
-26049.552790231894
-21832.26867838753
-18049.88629825243
-13704.60450083472
-8154.502886261689
-3871.3195275875696
-2776.7232575005337
-2117.662807853795
-2005.3974734648923
-1975.5849470201333
-2041.7486789919706
-1954.491418907802
-1997.6481760727045
-1914.8000637933972
-1864.829724172525
-1817.7663747728086
-1790.7587296839786
-1804.9205994037652
-1781.371873434796
-1725.8085206206802
-1748.487814748005
-1758.4732271278328
-1726.9098794378283
-1698.888653075685
-1672.2872291604308
-1671.2442764801435
-1699.4577093689381
-1853.641720689059
-1968.2269694563424
-1733.5089604376135
-1607.7425550993994
