-10679.107421874998
-39861.296875
-42479.12890625
-42405.6015625
-42455.5703125
-42507.19140625
-42371.5546875
-42423.7734375
-42337.70703125
-42481.84375
-42407.09765625
-42385.24609375
-42395.6484375
-42416.63671875
-42551.796875
-42428.203125
-42451.2578125
-42497.0078125
-42467.8984375
-42501.46484375
-42350.09375
-42399.58984375
-42440.64453125
-42413.875
-42452.60546875
-42390.59375
-42398.48828125
-42501.90234375
-42412.109375
-42637.22265625
-42407.84375
-42506.1796875
-42342.87109375
-42471.8671875
-42506.5703125
-42466.390625
-42534.10546875
-42465.453125
-42394.09375
-42534.58984375
-42555.1484375
-42555.16015625
-42482.765625
-42443.08203125
-42374.3203125
-42498.51953125
-42407.76171875
-42433.4375
-42538.2109375
-42404.08984375
