-8810.10917783124
-16116.40000251505
-22504.756498151954
-30439.837515222822
-32662.208428999536
-33196.20015224525
-33270.16845277934
-33773.36586863796
-34845.24090028608
-35302.50892352623
-34975.41791019298
-34610.69155316519
-33976.82934896265
-33495.81666463249
-32751.044391854248
-32500.805177919967
-32847.18235709955
-33670.85284500706
-33770.93333773895
-33714.71667961044
-33578.961720912666
-32861.44789457217
-28467.174068766297
-17509.410404454604
-7209.423078435105
-4850.8178999883785
-3538.041791620376
-2751.3814095543908
-2280.473263118504
-2174.8910560779877
-2093.6364212169915
-2106.153476098753
-2066.3081888353304
-2057.005719947538
-2008.00113514305
-1966.4444457875593
-1969.7653039779193
-1934.997419799561
-1913.503012035834
-1920.1468373862353
-1933.3005523630939
-1883.0973651866811
-1836.5476827406044
-1787.4525737490035
-1777.8200091541937
-1776.4748596835411
-1731.9216647825092
-1773.24931147139
-1769.6444586255025
-1751.9707258289059
