-10679.107421875
-9356.169921875
-10227.958984375
-8130.80224609375
-6999.1904296875
-5773.39208984375
-4983.7197265625
-4297.5224609375
-3938.77685546875
-3760.419921875
-3601.47802734375
-3529.850341796875
-3433.9453125
-3353.409423828125
-3318.40380859375
-3278.91650390625
-3242.385498046875
-3198.910888671875
-3180.389404296875
-3121.34033203125
-3108.156982421875
-3092.24853515625
-3065.06298828125
-3039.44384765625
-3050.40625
-3007.7509765625
-3011.81591796875
-3001.54541015625
-2980.811767578125
-3027.367431640625
-2982.82373046875
-2997.599853515625
-2964.265380859375
-3004.159423828125
-2969.04150390625
-2960.986083984375
-2978.67138671875
-2958.862548828125
-2940.684326171875
-2977.9189453125
-2979.121826171875
-2973.5751953125
-2954.541259765625
-2924.658203125
-2948.469482421875
-2954.25537109375
-2914.36376953125
-2950.10791015625
-2949.966796875
-2943.56787109375
