-10153.45849609375
-9572.80517578125
-10459.340576171875
-10327.168212890625
-9169.949340820312
-7219.030212402344
-5525.76318359375
-4318.849700927734
-3967.205993652344
-3695.4005737304688
-3445.8019104003906
-3279.1698608398438
-3199.1929626464844
-3131.4105529785156
-3012.6087036132812
-2983.2578735351562
-2941.4871215820312
-2821.5446166992188
-2838.0065002441406
-2767.181610107422
-2682.7946166992188
-2669.9266052246094
-2625.3672790527344
-2573.1847534179688
-2567.5257568359375
-2549.307373046875
-2492.6842041015625
-2495.197265625
-2435.761016845703
-2493.3888244628906
-2444.317901611328
-2425.1709594726562
-2396.1000366210938
-2447.83447265625
-2387.0100708007812
-2361.7816162109375
-2384.1578674316406
-2368.8050537109375
-2329.3944091796875
-2379.0824279785156
-2386.3277282714844
-2362.8308715820312
-2341.2203369140625
-2309.21630859375
-2345.576934814453
-2351.5195922851562
-2317.2926635742188
-2341.4275512695312
-2325.3548278808594
-2323.708465576172
