-9277.359177831235
-8296.142178910823
-8542.991747056569
-8979.435700497415
-7674.5133039426555
-5567.464612886558
-4094.17030240911
-3275.08605630156
-2984.6558519493215
-2924.734243076241
-2728.3670572320852
-2631.384616668848
-2461.286610333634
-2399.597928217635
-2345.153865377951
-2255.478499837024
-2177.414271162611
-2117.7354819303755
-2103.6439549920424
-2071.270134232797
-2038.3097617211472
-2002.3362059674498
-1960.6522333874013
-1935.2343033803081
-1930.5962302038042
-1905.334008585273
-1883.306144342009
-1898.0287386926339
-1858.6673148399568
-1893.044395705187
-1853.3864511668573
-1874.563860576472
-1841.6843219264665
-1881.8351988453792
-1858.2367344759682
-1846.1384461266232
-1865.2194061484722
-1840.877693068891
-1829.9730475221943
-1860.5044570074097
-1873.3225497068845
-1857.9947292714107
-1848.6254246463413
-1815.5136241076489
-1834.8657589620238
-1842.1845376798217
-1816.4168000237435
-1845.3770606583116
-1842.592464089305
-1832.8587234881902
