-10679.107421874998
-9591.2744140625
-9733.5029296875
-9749.728515625
-8876.431640625
-7618.671874999999
-6258.111328124999
-4869.280761718749
-4184.063964843749
-4168.497558593749
-3893.638183593749
-3728.611816406249
-3708.751464843749
-3441.463623046874
-3290.7141113281245
-3201.3647460937495
-3018.5727539062495
-2835.367919921875
-2769.54736328125
-2711.22021484375
-2664.510498046875
-2630.993408203125
-2591.51318359375
-2534.5400390625
-2533.14111328125
-2483.15185546875
-2449.854248046875
-2484.236083984375
-2439.81884765625
-2492.346923828125
-2457.041748046875
-2464.85205078125
-2445.71337890625
-2468.8037109375
-2425.79296875
-2408.005615234375
-2438.02392578125
-2417.473388671875
-2405.00634765625
-2429.11669921875
-2442.06201171875
-2419.403076171875
-2406.28955078125
-2373.39501953125
-2387.90283203125
-2402.68505859375
-2363.0595703125
-2413.4853515625
-2398.753662109375
-2389.996826171875
