-10679.107421875
-9356.15625
-10227.9404296875
-8078.68896484375
-6982.76025390625
-5684.8994140625
-4911.95703125
-4237.89892578125
-3922.069091796875
-3753.76025390625
-3613.611328125
-3518.79443359375
-3439.815673828125
-3354.31591796875
-3300.88232421875
-3269.55712890625
-3242.28076171875
-3174.2568359375
-3166.319580078125
-3119.29052734375
-3104.986083984375
-3097.673095703125
-3066.649169921875
-3032.86083984375
-3046.455078125
-3001.30029296875
-2999.223388671875
-2997.23583984375
-2970.84326171875
-3020.29296875
-2978.474365234375
-2988.329345703125
-2953.48095703125
-3002.172607421875
-2961.35400390625
-2959.93994140625
-2974.052734375
-2956.044677734375
-2939.59130859375
-2978.00537109375
-2980.23974609375
-2975.66455078125
-2954.85498046875
-2927.61279296875
-2951.83349609375
-2954.89208984375
-2918.0869140625
-2954.628662109375
-2953.04345703125
-2947.39013671875
