-10679.107421875
-9356.0986328125
-10077.587890625
-7982.43603515625
-6784.96240234375
-5490.31982421875
-4760.5810546875
-4182.8349609375
-3887.77978515625
-3738.2578125
-3599.423828125
-3509.298095703125
-3422.706298828125
-3338.521484375
-3296.532470703125
-3247.88427734375
-3217.94580078125
-3172.95263671875
-3155.157958984375
-3102.072509765625
-3098.77783203125
-3094.611572265625
-3064.207763671875
-3029.05615234375
-3039.3701171875
-3002.103515625
-3000.876953125
-2993.792236328125
-2969.844970703125
-3015.182861328125
-2972.43701171875
-2980.896484375
-2947.993896484375
-2994.54345703125
-2955.24462890625
-2946.78466796875
-2967.712158203125
-2948.39208984375
-2931.32568359375
-2971.00537109375
-2970.662841796875
-2965.987548828125
-2943.45751953125
-2917.51904296875
-2941.353271484375
-2944.93212890625
-2908.1123046875
-2943.74169921875
-2941.991455078125
-2933.228515625
