-8810.10917783124
-7673.013625120408
-8137.346300134357
-8866.416901605142
-7574.72599457132
-5975.399516243874
-4176.879346326259
-2953.4510059656686
-2592.8019255663153
-2499.473513713811
-2296.706548237936
-2192.043502961799
-2043.6296435949462
-1981.5285372297851
-1901.3372177124324
-1821.6460339957757
-1783.9571576505489
-1728.4637148452725
-1699.372703938555
-1679.3160096358347
-1643.2997155944172
-1605.038164257895
-1570.5510813385276
-1544.4619407037442
-1545.4759863704285
-1517.8029360179385
-1496.8822942103848
-1515.0971160593995
-1472.3052297355912
-1507.2776536000033
-1470.6021484541604
-1488.146110534673
-1454.8859408852527
-1477.7952170065062
-1459.3332747503468
-1443.0921315876456
-1464.5367275909757
-1441.7529911950774
-1433.7624781882591
-1455.348513497518
-1467.673760026272
-1449.7924843105536
-1441.8423489928746
-1412.6137270726408
-1417.7578120693702
-1426.7064496966464
-1407.8638173798347
-1429.8276596254848
-1424.406183827648
-1416.372100399596
