-10679.109177831237
-9356.08666650097
-10178.54541922395
-8147.693686994312
-6908.538357981483
-5616.421936565055
-4858.940901696334
-4179.7325062566
-3876.984233701297
-3716.4833995427107
-3578.5191681442434
-3491.3950791782227
-3403.0406726140427
-3340.049765463757
-3294.366620010403
-3239.6596809620037
-3207.6379326694473
-3175.9436765326946
-3159.775164515366
-3110.417409227413
-3107.73364416558
-3086.9632373801805
-3061.999212217645
-3021.090870058787
-3040.527813775222
-2998.9165039276854
-3007.634750512466
-2993.566177450161
-2972.6719549923987
-3016.6247595378177
-2970.925009554615
-2984.293972918459
-2947.57369118165
-2993.273190205376
-2960.6339445740123
-2950.462431469364
-2972.8832798741946
-2949.0658940457793
-2931.7548557952764
-2971.4137266404014
-2971.0750573831615
-2969.3199523008993
-2944.2986190622537
-2916.831983507373
-2940.5875039847224
-2947.2950626800875
-2908.0370278114856
-2943.5702439580027
-2942.247446615781
-2935.8850221139614
