-10679.107421874998
-10053.6630859375
-10313.2294921875
-10473.1865234375
-8638.279296875
-6743.3349609375
-5367.889160156249
-4582.404296874999
-4178.201660156249
-3853.8520507812495
-3577.5297851562495
-3330.417236328125
-3212.850341796875
-3145.135986328125
-3024.197509765625
-2955.77099609375
-2913.63916015625
-2815.32763671875
-2819.951171875
-2752.147216796875
-2702.2431640625
-2719.01904296875
-2661.749267578125
-2626.738525390625
-2591.250732421875
-2566.40087890625
-2534.04736328125
-2539.11572265625
-2494.19970703125
-2547.60888671875
-2522.408935546875
-2516.92041015625
-2491.47998046875
-2541.64404296875
-2474.768310546875
-2459.55810546875
-2480.66357421875
-2466.78466796875
-2408.36181640625
-2454.3134765625
-2459.1171875
-2444.473876953125
-2421.970703125
-2380.16015625
-2399.50146484375
-2400.40869140625
-2374.790283203125
-2409.312255859375
-2390.03955078125
-2377.06201171875
