-10679.107421874998
-37119.1640625
-42432.82421875
-42405.58984375
-42455.5859375
-42507.19140625
-42371.5546875
-42423.75390625
-42337.70703125
-42481.84375
-42407.09765625
-42385.24609375
-42395.6640625
-42416.63671875
-42551.796875
-42428.1953125
-42451.265625
-42497.0078125
-42467.8984375
-42453.9140625
-41898.87109375
-39124.4921875
-34856.6640625
-21502.34765625
-17829.501953125
-15463.560546875
-7241.464843749999
-5851.312499999999
-4766.653320312499
-4206.127441406249
-3645.115722656249
-3588.874999999999
-3563.757080078124
-3609.579345703124
-3540.492675781249
-3568.329345703124
-3586.143066406249
-3533.380126953124
-3488.554199218749
-3463.104003906249
-3463.085449218749
-3752.541503906249
-3890.264160156249
-4142.666503906249
-3791.414550781249
-3627.133544921874
-3494.631347656249
-3379.456542968749
-3379.467285156249
-3217.802490234374
