-10679.107421875
-9356.220703125
-10228.0078125
-8141.03125
-7019.16259765625
-5815.03955078125
-5007.84375
-4318.05322265625
-3940.890625
-3753.643310546875
-3613.21142578125
-3521.358154296875
-3432.07568359375
-3362.03369140625
-3306.99365234375
-3256.59814453125
-3228.75634765625
-3186.2880859375
-3174.786376953125
-3124.16943359375
-3116.332763671875
-3111.35595703125
-3079.904052734375
-3043.365234375
-3050.83447265625
-3015.024169921875
-3008.22998046875
-3007.799072265625
-2982.48486328125
-3035.39306640625
-2990.6982421875
-3003.340576171875
-2963.6083984375
-3008.1181640625
-2972.980224609375
-2966.324462890625
-2984.686767578125
-2962.6630859375
-2945.773193359375
-2984.49853515625
-2985.153564453125
-2980.353759765625
-2960.78759765625
-2930.163330078125
-2952.800048828125
-2962.75537109375
-2917.088623046875
-2955.52685546875
-2957.60595703125
-2949.098876953125
