-10679.107421874998
-9607.28515625
-10035.98046875
-9802.49609375
-8648.880859375
-6700.925781249999
-5332.937011718749
-4566.999999999999
-4068.207519531249
-4018.893310546874
-3723.2856445312495
-3450.0905761718745
-3158.3129882812495
-3052.1840820312495
-2962.736572265625
-2892.9833984375
-2833.95458984375
-2702.62158203125
-2681.292724609375
-2646.46533203125
-2589.416015625
-2607.72119140625
-2563.4580078125
-2533.7119140625
-2529.214111328125
-2498.79541015625
-2442.451416015625
-2479.877197265625
-2439.239501953125
-2474.066162109375
-2440.6494140625
-2433.77099609375
-2402.21533203125
-2442.490478515625
-2401.1044921875
-2390.232666015625
-2410.08056640625
-2391.44775390625
-2385.859130859375
-2431.034423828125
-2449.586181640625
-2428.72314453125
-2401.2451171875
-2359.99853515625
-2370.7412109375
-2394.732421875
-2381.265869140625
-2393.333251953125
-2388.142822265625
-2383.86181640625
