-10679.109177831237
-4209.062098172372
-3281.907677504685
-3309.1532377668823
-3278.358766460612
-3278.2776049041377
-3345.3436357284145
-3280.9763941506767
-3515.7311676218706
-3416.805537866419
-6625.446806674668
-4676.051193765855
-5755.94283808576
-4503.789339720262
-4371.359204957949
-4661.085978513351
-4184.9306604554085
-4116.0735951671995
-4189.6090453167435
-3947.2389971837083
-3588.0137405011274
-3384.798437851104
-3629.0597263277145
-4056.2461380618906
-3524.5132976818677
-3149.651290386714
-3214.353000350927
-3215.3234350154203
-3198.1662115314184
-3207.1891664068808
-3160.357470456371
-3121.4440318670004
-3078.9239145066103
-3144.0649834806686
-3150.611513252951
-3199.8609943855386
-3356.4883327523435
-3661.120177468149
-3624.0871814886596
-3193.915329776733
-3123.595687330197
-3125.759526533696
-3119.9049605085265
-3109.872048688244
-3112.900009101778
-3112.6661192251627
-3084.9389534143766
-3123.2750746667325
-3105.8202570703193
-3091.541413117214
