-8810.10917783124
-24923.60084684394
-32376.039967201068
-34940.99508732352
-35697.822495866596
-36121.551313622986
-35968.32504602782
-35719.45135844479
-35274.67950258557
-35546.645829197354
-35042.46804886498
-34235.46644511484
-33921.04663928492
-33887.546588855075
-35401.1848713566
-36593.65304529964
-38046.96452292339
-37696.912374332984
-36961.771020385706
-36497.30067214102
-35120.13814142449
-33766.39677104935
-32603.162428615655
-29106.632259684044
-25161.964928945097
-21169.94466672316
-17535.128240022845
-15616.051627645074
-13006.826808221755
-11712.682975175148
-6549.844004779114
-4400.010324847166
-3772.2690771616712
-3469.0738358667595
-3016.1922017460133
-2532.923007936658
-2567.6389347711493
-2401.441802479735
-1911.34173733522
-1884.4102456677017
-1965.0979871467375
-2030.8873476505494
-2061.8684630592734
-2016.8479042767117
-2011.6344951821895
-1964.847780167501
-1857.401519178761
-1832.4073589487227
-1778.921679031201
-1755.9977386269609
