-8810.10917783124
-5401.3829428584695
-3807.8573276017587
-2844.264516641847
-2176.369659709509
-1916.0949112063631
-1901.6924837016436
-1921.8889922234334
-1891.635272001403
-1818.4819483698925
-1799.2236185199151
-1790.7438845535446
-1726.2041370932225
-1714.7581261793741
-1673.0101757411187
-1610.285600850646
-1586.5275173145633
-1549.9847721644933
-1525.4297842191677
-1486.0611605661488
-1462.9012516002133
-1471.2703576065162
-1468.0184142720725
-1455.991461583009
-1454.736265232875
-1436.196028980127
-1420.8679006975767
-1448.4842752854595
-1415.3657682731944
-1457.97042734361
-1427.008014572108
-1457.7074762955488
-1432.64431190463
-1469.1528079772074
-1468.8366235307963
-1455.4209136207212
-1483.144327870462
-1450.7139421950512
-1440.3889102811381
-1467.6411316163221
-1476.7863029547393
-1461.969156113039
-1454.5991842077897
-1426.5125959002112
-1431.0192003274424
-1443.4263401420521
-1426.066581728941
-1447.7758807140551
-1446.2135557396732
-1439.784913817753
