-10679.107421874998
-40995.1328125
-40618.19140625
-36479.8359375
-33236.828125
-32252.787109375
-31745.349609375
-31861.234375
-31534.369140625
-31497.880859375
-30731.02734375
-30200.75390625
-30216.509765625
-30254.244140625
-30212.068359375
-30097.83203125
-29811.900390625
-30044.958984375
-29603.88671875
-11209.606445312496
-6836.746093749998
-4264.499023437498
-3512.557128906249
-3469.894042968749
-3673.375488281249
-3472.104003906249
-3487.298339843749
-3817.749511718749
-3223.8547363281245
-2807.622802734375
-3246.763916015625
-3353.475341796875
-3460.418701171875
-3387.74560546875
-3449.970703125
-3477.760986328125
-3516.12548828125
-2881.72216796875
-2722.6079101562495
-3331.864501953124
-3283.936035156249
-3264.570068359374
-3275.508300781249
-3219.951660156249
-3331.263183593749
-3415.597656249999
-3455.660644531249
-3535.131347656249
-3508.989013671874
-3472.611816406249
