-9277.359177831235
-4132.819834205732
-2466.7496882347077
-2446.5253980706393
-2424.3170933177
-2390.7086885503177
-2283.4639579961313
-2352.3595322021743
-2308.6012508943845
-2237.830980675602
-2166.2725371815454
-2163.702736324545
-2336.3076101647885
-3381.1535459322854
-22690.293970615952
-29110.278025144584
-32670.687019668472
-32762.696025242745
-20632.11616474796
-28291.70593706083
-9506.470597297468
-10146.999925692038
-13287.798660223987
-13221.289120101294
-11390.038656652947
-15713.906085328996
-20277.72783406464
-23562.34805003087
-20851.15058801684
-20766.682846570693
-16117.03126921656
-15361.157811502748
-10244.157927650254
-9073.904584742686
-8501.473059326934
-8690.32694726854
-8017.086991507339
-6813.060983925893
-5940.789495261905
-5665.387440883647
-5249.766961662352
-4821.040756716079
-4468.023439725995
-3997.1282744362625
-3843.6599706974093
-3619.123998087398
-3352.34125282986
-3308.820403126465
-3060.0126147219676
-11694.318273467597
