-9277.359177831235
-5454.586301774524
-4164.863245777676
-3487.4123110036257
-2900.3659990664105
-2350.9908173062477
-2298.471033228281
-2340.6065481958276
-2361.5079374258066
-2288.3573274068294
-2221.1627833506086
-2157.93511127954
-2123.1372596650976
-2120.8143868156467
-2089.6371675887526
-2041.4220117428736
-2004.4636159194245
-1951.9851467322037
-1935.9920479704729
-1901.4650671382963
-1879.3183588370098
-1868.764175077225
-1851.0126478484592
-1830.858940638221
-1835.1589354629552
-1816.4145242723475
-1806.6999067512868
-1827.0926890160895
-1796.5131649665832
-1840.7492412115662
-1809.1662389780952
-1832.6730350464804
-1803.1234027402447
-1839.9754215462563
-1830.3644831351726
-1816.2015048828282
-1842.3590168436172
-1825.4319785359087
-1811.546111723626
-1842.5056052489363
-1851.2224379933555
-1841.5159851680842
-1832.818958983898
-1805.9494134014021
-1816.5110302114663
-1827.948131793939
-1807.5931758530382
-1836.9763051194132
-1839.6470487690262
-1837.7550758358188
