-10679.107421875
-4207.55078125
-3405.18408203125
-3355.52392578125
-3375.545654296875
-3439.878173828125
-3784.126220703125
-5265.2451171875
-6238.83642578125
-8685.955078125
-9186.869140625
-8407.9921875
-9477.9111328125
-8379.64453125
-7761.6376953125
-7725.95166015625
-8708.7880859375
-8951.19921875
-7103.7236328125
-6664.6669921875
-6322.97216796875
-5985.9697265625
-5583.8974609375
-4896.6357421875
-4589.99169921875
-4210.88134765625
-4154.6064453125
-3893.861328125
-3659.891357421875
-3401.57958984375
-3425.53173828125
-3390.715576171875
-3847.714111328125
-3877.86328125
-3772.745361328125
-3717.60791015625
-3785.68212890625
-3763.31494140625
-3759.30859375
-3708.37646484375
-3622.233642578125
-3562.626953125
-3493.28125
-3437.697265625
-3407.743408203125
-3406.151123046875
-3399.708984375
-3396.91650390625
-3450.69384765625
-3421.31103515625
