-9277.359177831235
-9338.842721374123
-9399.672382077342
-9610.828031022314
-9595.43042417084
-9337.984362727679
-9483.699439770391
-9330.410708964193
-9180.055929745486
-9466.869571487194
-9406.355699743512
-9796.602759540441
-9357.623572352557
-9665.29972963443
-8961.086356159165
-9213.288807391244
-9043.386920907245
-9288.46750554822
-9216.936989152671
-9298.579926123235
-9319.915684527952
-9370.933335434294
-9290.003906633308
-9152.634668579254
-9665.3590400927
-9053.49413636911
-9223.683789513505
-9656.089131716231
-9120.189611430469
-9416.040972581028
-9630.331769593084
-9465.607425075616
-8947.746401205335
-9666.598852106896
-8927.437059444337
-9488.677278059793
-9473.926731822477
-9269.418266797395
-9342.844029305328
-9491.059941530302
-9466.766342289018
-9554.286794177318
-9216.148547079314
-9009.878822479386
-9150.145596600374
-9578.947520553047
-9338.555719680588
-9146.988967247982
-9285.686123889589
-9174.691063237524
