-9277.359177831235
-7734.900198757848
-6896.0086142793125
-6426.766005059935
-4893.422240850176
-3572.5002552356623
-3183.793712346749
-2797.9386675554892
-2581.57897519202
-2527.79958365015
-2417.705898875666
-2364.247685315013
-2295.609995182919
-2252.773884297198
-2184.1859854111667
-2100.640212003585
-2084.0356160835754
-2025.6759650836989
-2019.1757658341544
-1986.4304048526687
-1965.2734607524721
-1946.803662935504
-1922.0976139044365
-1899.568771442732
-1900.233303113267
-1881.4350641125839
-1861.3529982787356
-1882.2886626452746
-1842.8233733051838
-1879.8112911035994
-1838.9124068918427
-1855.8985446833412
-1823.553638785435
-1852.8602225191996
-1831.4355975923877
-1819.4402354644596
-1840.9317429316386
-1819.7853245898252
-1809.8891120650533
-1839.1770928956248
-1849.4633495554706
-1835.6269447222755
-1825.2420520470691
-1798.2212811677305
-1807.9668604330404
-1817.6835898551078
-1789.8404954804578
-1814.6632370025868
-1812.9260676830659
-1801.7060239791492
