-9277.359177831235
-20605.212714527872
-3917.1080958650396
-6104.243399591036
-2970.495688678123
-4168.848242676819
-2980.007729424301
-2455.8202873565574
-2491.5212080627725
-2598.8066477026637
-2437.111218363716
-2516.327568980957
-2420.6788132260654
-2435.9578920531194
-2447.8259201916885
-2435.2842521646858
-2431.3525952313257
-2403.0767980287933
-2439.6433523209485
-2431.1973034601388
-2460.411469708973
-2497.3117423074223
-2913.3668068433767
-3871.1051293491814
-3329.2355101785906
-2876.298332124391
-3015.8032399844406
-3988.3953497189455
-5105.937592135185
-5856.999792044706
-7890.183165411792
-10720.94425875354
-10687.709451072533
-5223.623210407395
-3897.0799927045364
-2985.1204310621683
-2866.447069915011
-2932.1932880459995
-2885.556125683161
-2827.190319579432
-2774.019700041442
-2684.891854426101
-2613.463816711881
-2565.7842581987657
-2527.939269064179
-2500.6483073193626
-2424.879788097866
-2461.392987853977
-2470.9528987850426
-2495.9426957313244
