-10679.109177831237
-5614.276735744393
-5317.197102302107
-4556.350685134143
-4034.8315730512877
-3497.2897390978956
-3439.165096212078
-3475.2347705962516
-3487.6462365622415
-3450.380619009983
-3387.2974150078094
-3371.721563732882
-3310.4087939989645
-3287.5559860158655
-3251.498534209385
-3203.2454413833566
-3195.318002299772
-3182.657967758075
-3144.616468849523
-3090.6680625239574
-3069.9942613447283
-3066.712530972674
-3042.1975610628297
-3012.788214893034
-3020.255045749055
-2983.9018141822717
-2986.3557127075574
-2983.1473798089205
-2964.9445794497256
-3017.1982532969914
-2980.1287464127945
-2994.3459833107013
-2955.1134558711487
-3010.458254012948
-2980.195401758316
-2970.5531949950955
-2989.989936176017
-2973.0384928391313
-2957.1317339505713
-3001.479417236379
-3006.9640718572837
-3005.992311122741
-2985.2864255254854
-2964.1581078919007
-2991.236777127596
-2993.4865706961764
-2959.6318794051745
-2993.821129320204
-2994.389251325042
-2982.8194649718025
