-9277.359177831235
-12871.150328737502
-4648.769431556599
-2557.0175347431286
-2404.1096250920305
-2377.2737039049466
-2301.109697875063
-2247.0324367402554
-2237.0078185830525
-2271.957767203672
-2279.9388276066616
-2210.78339461628
-2157.3053553572354
-2136.363664284339
-2109.9421151034303
-2057.699238557845
-2045.7040328327773
-2003.4632752703706
-2006.7015098481952
-1960.9381589294426
-1922.0283045563197
-1914.131855375903
-1887.3774195325652
-1861.6301860155515
-1862.595979216118
-1842.8229258334406
-1833.6409451880706
-1847.3555696295473
-1810.0771393415791
-1852.0255695510955
-1817.533815106882
-1843.8833746129699
-1810.6503300740546
-1851.8777872052956
-1842.3561778600208
-1826.4123813211652
-1851.892915065732
-1832.8122581216514
-1819.3263689857008
-1851.0982551340826
-1859.1048730462928
-1846.7436835686178
-1834.735952140023
-1808.8296998171677
-1817.534464676999
-1827.1354668826855
-1807.1108549718865
-1832.9077541754627
-1832.7809900804502
-1826.2891465794569
