-9277.359177831235
-7405.0832110414485
-6124.372085208488
-5217.428431521376
-4205.662853420408
-3320.311572026275
-2951.4262912198055
-2645.501814032858
-2500.62170761825
-2461.2948971584233
-2392.991837574751
-2348.684531931047
-2283.1143464109928
-2232.405154267407
-2174.069470172485
-2121.5045592141732
-2110.5937157779854
-2056.4211762458363
-2045.5891816039627
-2013.7309412979787
-1979.1431735599588
-1956.0669106451423
-1920.952405799624
-1899.5339466465405
-1904.3617758526677
-1873.6079783740552
-1858.9738424305738
-1870.796888876093
-1834.496613705644
-1872.634668776492
-1832.5368302204247
-1852.2965713359768
-1818.836383400498
-1847.2765917323584
-1827.0713528021904
-1811.4879903035592
-1834.153919988716
-1813.4115829524985
-1800.5105017863928
-1827.3991787775808
-1835.124622196085
-1819.7736770738968
-1808.7830968886599
-1781.0452594784335
-1791.932338489407
-1800.2947362992447
-1776.0580839908998
-1801.005977510542
-1797.5678807769018
-1789.0124314121665
