-10153.45849609375
-9269.9169921875
-9926.4921875
-9969.525146484375
-8509.634399414062
-6422.784484863281
-5003.286926269531
-4124.724853515625
-3719.765563964844
-3691.981536865235
-3473.326568603516
-3283.6145019531255
-3054.295654296875
-2962.501007080078
-2858.8305053710938
-2829.4911499023438
-2790.161651611328
-2678.3428344726562
-2656.719024658203
-2605.874298095703
-2579.1608276367188
-2584.4440307617188
-2548.6456909179688
-2523.3286743164062
-2513.331024169922
-2488.088836669922
-2448.7675170898438
-2453.4249267578125
-2409.299591064453
-2456.3909301757812
-2413.6240234375
-2406.7689819335938
-2379.1551513671875
-2420.6165771484375
-2374.6425170898438
-2363.101776123047
-2385.96826171875
-2359.133819580078
-2335.4715576171875
-2376.8934020996094
-2395.7915954589844
-2371.358673095703
-2359.7642211914062
-2325.494659423828
-2338.3155822753906
-2345.038299560547
-2315.4100341796875
-2349.626922607422
-2346.931427001953
-2329.387725830078
