-9978.2421875
-23925.4375
-12890.46875
-19208.271484375
-22083.435546875
-31917.720703125
-12006.3359375
-4059.33447265625
-3916.295654296875
-4934.17041015625
-7004.1455078125
-7590.05712890625
-7780.24609375
-7829.4130859375
-8162.144775390625
-8140.3251953125
-8589.41064453125
-7568.325439453125
-7842.012939453125
-7984.100341796875
-8312.24755859375
-8233.201171875
-8450.27978515625
-8845.3974609375
-9031.970703125
-7942.42724609375
-7513.7021484375
-7700.7353515625
-7776.9873046875
-7465.8916015625
-6939.1865234375
-6434.35693359375
-5987.76416015625
-5880.60107421875
-5853.481201171875
-5817.2734375
-5799.0830078125
-5689.42333984375
-5416.822265625
-5293.64453125
-4962.84228515625
-4130.2822265625
-3775.841064453125
-2993.8717041015625
-2981.0242919921875
-2883.253662109375
-2852.4495849609375
-2896.302001953125
-2874.70947265625
-2859.8885498046875
