-10679.109177831237
-13006.150328737504
-12750.931664760124
-15902.444418036855
-24754.299362765712
-29517.469545664295
-31140.50109188208
-31706.24077848441
-31956.03499366757
-32149.08522167535
-32205.36961143568
-32235.72011024074
-32278.41763590343
-32350.32970294821
-32437.171825200017
-32388.54277622139
-32498.042972606687
-32431.688519223797
-32601.792678183876
-32643.970481670014
-32624.42348648411
-32623.202421945723
-32562.02222471892
-32342.52698256415
-32164.580451840786
-31712.00439441274
-30748.321279442294
-29279.56586803014
-26100.01078668661
-21913.823949122925
-15572.754508581918
-12225.579333822967
-7797.773065938169
-4921.510433513838
-3923.0520101868374
-3957.034891805397
-4191.6509679155715
-4048.8499076430976
-3820.3405450023556
-3630.3370829294254
-3544.4802758888336
-3465.01319595332
-3404.8100023206994
-3356.5836967328823
-3417.076736019728
-3430.535331194401
-3328.8218370741934
-3302.792656455275
-3283.479125665445
-3254.578810171295
