-10679.109177831237
-16168.662189508625
-6527.0148058342675
-23503.20938264381
-23497.84823640817
-21472.184897779356
-26231.291061329648
-26872.08057543809
-31125.19565225016
-34872.86713895858
-33313.21888661568
-27942.560138956913
-29435.906746386794
-26128.66937658973
-37574.761707929996
-37581.60921388811
-37666.206988563164
-37472.12486073982
-37588.366610155164
-37474.51956879776
-37537.32430399554
-37597.35844748398
-37553.615073995104
-37529.58722220803
-37580.17275342757
-37568.1157337209
-37506.7693498534
-37530.413488570266
-37449.358149266925
-37578.108003406014
-37503.2114633632
-37656.96484763852
-37534.10628142081
-37665.241017851185
-37565.936866391006
-37429.06081208844
-37642.543734730054
-37561.35915712149
-37550.8441242304
-37644.45165785217
-37722.18031165291
-37620.540292133795
-37634.41926944929
-37493.9793478535
-37661.20740921448
-37574.89494280419
-37485.29924284809
-37652.17077377111
-37541.80483718631
-36458.59274344633
