-9277.359177831235
-18165.43348628123
-21634.895941298655
-23518.778832860073
-29222.133459448953
-32450.021199083898
-33444.14189165319
-33567.62591889611
-33597.542864734256
-33403.65195942948
-33284.32127870684
-33081.66061293907
-32837.642799485315
-32657.611783835542
-32675.093233725223
-32535.175177061523
-32580.55192294325
-32380.666877618474
-32416.000267946794
-32378.431131543854
-32426.254835631098
-32374.073909542036
-31949.984924560635
-31217.899428268858
-29785.7416669914
-26479.42147311774
-20897.016007836854
-12679.133606505888
-4956.761193824965
-3254.8530902203615
-2592.6817771306205
-2490.703763920528
-2417.474928466173
-2368.3414822799105
-2282.8613607277343
-2211.5590579319096
-2181.1425845036188
-2147.3291163149493
-2159.920061053976
-2193.189228666489
-2180.92529852772
-2164.3335474582022
-2178.87225422542
-2115.794160396076
-2082.56654367135
-2014.9529353923194
-1932.4545909976696
-1923.4222059689534
-1907.569006719633
-1879.2242125839766
