-9978.2421875
-11988.3173828125
-18890.34375
-24185.32421875
-29086.21875
-31584.68359375
-32538.14453125
-33016.5078125
-33872.9765625
-34611.07421875
-34672.38671875
-34682.765625
-33944.13671875
-33181.9609375
-32498.525390625
-31420.15625
-30869.916015625
-29253.490234375
-27753.740234375
-26049.5517578125
-21832.26953125
-18049.890625
-13704.6123046875
-10725.1259765625
-5723.769775390625
-4173.579345703125
-3212.6483154296875
-2989.7628173828125
-2933.6953125
-3007.3607177734375
-2918.2281494140625
-2952.01318359375
-2863.5401611328125
-2832.3179931640625
-2768.3758544921875
-2746.9996337890625
-2759.28173828125
-2735.7340087890625
-2676.4229736328125
-2708.4732666015625
-2712.837890625
-2688.7723388671875
-2651.3785400390625
-2624.7745361328125
-2634.982421875
-2657.5731201171875
-2838.0048828125
-3018.2171630859375
-2685.99462890625
-2567.7307739257812
