-9277.359177831235
-7326.455894288473
-6364.67382340473
-5565.120215446506
-4496.043572974912
-3437.3613785455027
-3024.9988160118824
-2680.347037434009
-2520.2831470537767
-2471.971748513704
-2403.4223863197994
-2352.0706977525097
-2291.8399439593177
-2262.549888345774
-2238.878569811229
-2169.6080827087408
-2176.9745742313844
-2113.3967561498876
-2113.8793114774767
-2083.6076755110657
-2064.854681550828
-2031.7952001933434
-1982.2085606759708
-1960.7730110508976
-1964.3968558310924
-1919.9816614123
-1903.6353462857169
-1911.8869000401155
-1868.7930480575603
-1904.307623239078
-1862.728513140135
-1877.4611293511557
-1844.7665507358565
-1871.678484335179
-1849.6449356544358
-1835.4810338135649
-1862.1784150247179
-1835.9738547055051
-1823.101579659376
-1852.1666247915277
-1857.1900588804024
-1839.3332726535948
-1826.4425769872691
-1798.7781268427127
-1807.8682598883909
-1814.862689808538
-1790.4959786325248
-1813.891793042488
-1811.5460991863933
-1801.1029881501502
