-8810.10917783124
-37119.138045363616
-42432.82769325486
-42405.59287720309
-42455.57184374468
-42507.19562092242
-42371.54949987446
-42423.752288082294
-42337.707883215255
-42481.83562131103
-42407.09660438017
-42385.248146758815
-42395.65016699552
-42416.633077151455
-42551.79703509248
-42428.19201507513
-42451.2656317495
-42497.00744803225
-42467.892967327134
-42453.91882624118
-41898.86496492459
-39124.491262758274
-34856.656426055226
-21502.343360093197
-17829.529895636162
-15421.5823466895
-6281.475287740761
-4255.310098715748
-3074.636613973338
-2544.147186364126
-2265.1322186432053
-2115.8886857423845
-2051.7664105230906
-2061.588666076307
-2019.5045015380783
-2038.3428032467612
-2059.157787400503
-2006.3940639881116
-1967.5681379593461
-1927.1169226561783
-1957.1029114798773
-2210.549959694582
-2516.27687331464
-2792.6846419163116
-2531.4308336466643
-2328.14447438144
-2186.645555070252
-2128.4683721143874
-2056.4779402262193
-1933.8137390480083
