-8810.10917783124
-5956.580457312976
-4696.129011762863
-4021.840435508225
-3537.5166560287
-2817.753629996397
-2434.773474587276
-2167.6756339787557
-2075.2060133253217
-2036.6110030854736
-1992.0220078800073
-1961.0159510931876
-1882.8148984556078
-1828.2894618966027
-1771.2432163605306
-1723.1075848343091
-1713.804263641478
-1663.3871549480864
-1650.6787494070388
-1626.2375410356372
-1589.5520369833496
-1564.0104091163419
-1531.3424870584463
-1512.7977966267986
-1514.76791295523
-1491.493877187179
-1470.993186711728
-1489.6008478228746
-1449.3223377718803
-1484.8876192779999
-1445.2266830460935
-1467.8488328538556
-1435.3176184871572
-1458.3491895192124
-1444.3106327911146
-1426.3107495424697
-1448.4391581245832
-1429.318961446716
-1418.2577214064306
-1441.5295842519574
-1450.6154620022203
-1432.850554933526
-1425.1519353553886
-1397.8140178863987
-1402.9196286314414
-1412.2192385737437
-1393.4819799231518
-1414.2887260368666
-1410.0547424680904
-1400.611523337459
