-10679.107421874998
-9607.259765625
-9854.689453125
-9528.599609375
-8283.734375
-6304.487792968749
-5050.557128906249
-4485.319335937499
-4075.415527343749
-4018.088378906249
-3792.805908203124
-3502.193359374999
-3273.1684570312495
-3069.4895019531245
-2960.5859374999995
-2866.218994140625
-2761.461669921875
-2652.274658203125
-2624.84423828125
-2570.83154296875
-2533.8427734375
-2522.927490234375
-2502.673828125
-2463.79638671875
-2460.76025390625
-2449.4921875
-2406.400146484375
-2415.94775390625
-2385.983642578125
-2428.34521484375
-2392.008544921875
-2393.07958984375
-2358.82666015625
-2397.921142578125
-2354.0166015625
-2348.017822265625
-2355.540283203125
-2345.75439453125
-2311.860595703125
-2366.865234375
-2358.963623046875
-2351.009765625
-2328.94970703125
-2288.248046875
-2320.2333984375
-2306.326904296875
-2283.839599609375
-2328.50048828125
-2314.310302734375
-2294.30517578125
