-8810.10917783124
-4107.319834205734
-1871.6238927195932
-1809.7045802715681
-1774.8184267292138
-13880.344997504337
-1665.0919702618335
-1753.8847991845
-1750.2731018314075
-1709.6398827686778
-1656.8362278977088
-1613.0158405957322
-1565.3407259793853
-1558.4886460586818
-1563.6180128573728
-1561.0696641353766
-1583.2783436150523
-1560.4102417842253
-1632.313410292524
-1635.7580132100338
-1601.4987403813377
-1558.7770385253089
-1495.4773260161924
-1509.1139972415044
-1542.832833954223
-1541.862001888607
-1556.7363873012018
-1588.5353903441078
-1546.0362266353582
-1570.709876065342
-1532.1563938319387
-1565.8938554480803
-1528.3538098700026
-1560.60562790241
-1576.195345054045
-1522.6714942693266
-1530.7534246126243
-1507.6512365196631
-1495.8174829190637
-1533.3218756242563
-1541.3189011005722
-1529.8235612124474
-1544.3674131307605
-1500.626435792928
-1502.4972591139372
-1548.614739064071
-1550.0427962525614
-1616.013299147993
-1658.1713781620333
-1853.3975920575097
