-10679.107421874998
-40545.5390625
-42221.2890625
-42405.0703125
-41247.80078125
-42507.19140625
-42371.5546875
-42423.75390625
-42337.70703125
-42481.84765625
-42407.09765625
-42385.2578125
-42395.6484375
-42416.63671875
-42551.796875
-42428.20703125
-42451.2734375
-42497.0078125
-42460.17578125
-42042.3984375
-38131.29296875
-31333.400390625
-29575.87890625
-28210.494140625
-28090.53515625
-28540.740234375
-28937.646484375
-29746.166015625
-29152.171875
-28868.8125
-28671.65625
-28937.947265625
-29579.71875
-30422.603515625
-29888.46875
-29871.70703125
-34262.2734375
-32564.693359375
-38532.453125
-42217.50390625
-37517.19140625
-15302.642578125
-11467.358398437496
-3784.819824218749
-3465.363281249999
-3773.074951171874
-3371.699218749999
-3365.037841796874
-3497.813720703124
-3509.288574218749
