-10679.109177831237
-40995.220638017214
-40618.323833830946
-36480.0258241913
-33237.00246282657
-32252.893275832095
-31745.51193864628
-31861.216166129034
-31530.897579920515
-31494.480530815646
-19143.711855323112
-12573.943498379802
-4102.33542499332
-3812.682182012513
-3619.975585665812
-3509.3250828750033
-3709.0430132901884
-3561.00525357922
-3670.593799187592
-3662.5188027303693
-3660.48466095835
-3515.254010444457
-3473.1604861563383
-3433.7530599874444
-3468.77050375208
-3385.5168736999103
-3426.909163288042
-3356.4063163185638
-3335.5325199097606
-3353.0412671998297
-3301.6780207385555
-3274.443101414542
-3243.935197545934
-3251.6081364337506
-3240.1097934144154
-3260.6745041972326
-3244.712097932551
-3272.749869843936
-3321.7863795111252
-3363.2989680293053
-3363.2315375845656
-3365.6079516387063
-3368.245637870601
-3299.5250301799365
-3362.9612531028665
-3358.0545176582937
-3343.6838990216725
-3378.020734767295
-3436.8223434562833
-3418.996528807056
