-8810.10917783124
-7890.392178910833
-8286.834355206338
-8825.91200955187
-7908.237542088941
-5673.294073991797
-3901.1190461120946
-2879.23217336604
-2532.982884694181
-2590.4538034248735
-2293.7356623560604
-2199.1061645673963
-1994.1754296288295
-1928.1351872069044
-1842.8893976273353
-1778.701356858565
-1704.090558652523
-1647.7999012612854
-1627.841046415267
-1585.0747983481037
-1556.4187123195638
-1549.2646684898268
-1529.0657512225412
-1509.4016935995667
-1508.7858362953034
-1488.1956369003426
-1468.680412018424
-1491.3161633050354
-1449.8940370100695
-1485.539630550441
-1449.1921782061963
-1470.3680672678943
-1440.2659259556335
-1463.6542096407347
-1447.7290542563042
-1430.4220575227591
-1454.2324499026843
-1432.8736885381863
-1422.3998189401266
-1446.9671756167556
-1458.7466981460284
-1438.1532402838886
-1430.6195488109718
-1405.2564323163422
-1408.473229343152
-1419.287806932672
-1399.0977318583732
-1420.498689742093
-1417.8432088343084
-1408.4667802328004
