-9277.359177831235
-14275.952777315102
-4179.701508736487
-3932.2088453422925
-3251.1207676566028
-2524.9557739721627
-2330.001121941784
-2317.467292855309
-2356.7998688581624
-2301.5735298714426
-2255.972307841311
-2223.950881455165
-2190.2908159106237
-2165.7618186606624
-2131.1801073630168
-2088.289636405333
-2061.432903212279
-2008.5405674099488
-1978.5646595303187
-1919.0225231776567
-1886.159311787238
-1878.4119078602307
-1867.6929254926476
-1843.3445205276403
-1842.0240097257636
-1834.4192402621695
-1818.0936646240775
-1840.4579522211866
-1810.6331649148447
-1853.3395687359757
-1821.513935285595
-1850.503473186717
-1824.0428057652557
-1856.8463627358717
-1849.4658867155188
-1831.6374568649494
-1856.7179643460968
-1834.8069820449134
-1819.4585362596147
-1850.154892518604
-1856.2098945363136
-1844.7567069159784
-1833.1329903478768
-1806.8421989666426
-1817.1910704475329
-1827.1190593615877
-1807.3207554556375
-1832.95452793927
-1830.0574463991245
-1822.3745406622177
