-8810.10917783124
-12826.150328737502
-8628.931664760135
-15902.444418036855
-24754.299362765712
-29517.469545664295
-31140.50109188208
-31706.24077848441
-31956.03499366757
-32149.08522167535
-32205.36961143568
-32235.72011024074
-32278.41763590343
-32350.32970294821
-32437.171825200017
-32388.54277622139
-32498.042972606687
-32431.688519223797
-32601.792678183876
-32643.970481670014
-32624.42348648411
-32623.202421945723
-32562.02222471892
-32342.52698256415
-32164.580451840786
-31712.00439441274
-30748.321279442294
-29279.56586803014
-26100.01078668661
-21913.823949122925
-15572.754508581918
-8634.579333822969
-3906.773065938197
-2650.5104335138267
-2192.052010186842
-2394.0348918053905
-2652.650967915565
-2506.8499076430853
-2299.3405450023565
-2094.3370829294345
-2017.4802758888356
-1926.0131959533198
-1880.8100023207062
-1832.583696732891
-1875.0767360197322
-1897.535331194404
-1810.8218370741847
-1769.7926564552604
-1747.4791256654285
-1718.5788101712885
