-9277.359177831235
-8736.526985065106
-9838.016144646283
-9618.013425930087
-8223.65827894969
-6041.70891391162
-4534.222634838543
-3595.0246614758275
-3199.723580880064
-3130.1607451820155
-2947.04892250069
-2860.6096413962932
-2762.3333827786496
-2752.9454084483395
-2717.4957132445934
-2737.748585888662
-2660.7180370837527
-2560.8890530249682
-2600.302510649481
-2572.2271702193475
-2524.17294551121
-2528.984098949565
-2493.7217805575974
-2468.4742554348472
-2434.726462400678
-2411.058588350509
-2372.7126411126983
-2389.890440693206
-2340.2522510100926
-2415.579250036845
-2361.911344040053
-2357.283485199824
-2314.4721829501764
-2384.0009553192813
-2358.3718531506224
-2349.747058736746
-2380.8469189268308
-2357.708759889264
-2347.620710924576
-2415.2977351105974
-2427.101991023012
-2403.987887242971
-2354.0055381041097
-2312.7611863295733
-2332.5033260672553
-2349.7425996650954
-2329.525966132218
-2361.845752870617
-2356.656540827359
-2354.624081805082
