-10679.109177831237
-9530.852874775479
-9648.310045659206
-9653.416070911111
-8732.227793955048
-7487.723162621294
-5872.180545025958
-4708.249628847241
-4099.732988244432
-4109.438201665388
-3864.953012722182
-3711.0803833384985
-3674.6510445003596
-3580.7203633204977
-3441.977367395265
-3327.3683039279144
-3292.271632991173
-3005.496178286063
-2896.718199931468
-2836.2287372152314
-2795.6747198898365
-2732.301050424546
-2673.3355660753446
-2619.741785253452
-2631.1946697474054
-2561.977703388803
-2495.6036743348627
-2508.8115919438815
-2451.1768652547116
-2488.967860129905
-2447.516708969743
-2441.007219811493
-2405.202351404451
-2449.6237440099294
-2412.440314420349
-2404.1697724383966
-2428.9067625508897
-2396.9270750083474
-2393.776370668874
-2433.2236745534838
-2436.5631510638896
-2426.539215378037
-2408.5061358922953
-2377.2458625186723
-2381.102332426379
-2394.013045771954
-2357.5267370167808
-2391.827154431367
-2392.2047130447577
-2376.466579696458
