-9277.359177831235
-11748.68710664926
-4257.964680878274
-2558.420435831599
-2405.307125602511
-2390.994770890146
-2364.567756291528
-2328.113773828616
-2325.0908413138195
-2314.993893111646
-2302.112705826473
-2275.2385252806644
-2267.091161558934
-2229.1875925042177
-2214.0631541702887
-2167.650157603678
-2150.1991875691506
-2133.118284304981
-2111.961544240102
-2059.660855779444
-2039.7908080935154
-2046.306199918265
-2039.3046853152014
-2017.7158208089281
-2028.1628054461005
-1994.552098035266
-1965.6950343456015
-1968.8367260172388
-1924.36335684552
-1944.364260554589
-1885.5572537113985
-1905.238318200593
-1869.4837677097505
-1897.8265287545503
-1880.223280411296
-1862.1838816241557
-1884.228396528802
-1857.312198385198
-1842.8715279184282
-1874.3462534983523
-1884.0574645015834
-1871.5279864163608
-1864.09131449993
-1839.2205260980143
-1849.5555596504523
-1857.3904112048906
-1837.224969807346
-1865.079539246847
-1859.4958370176741
-1850.8701773680684
