-9277.359177831235
-40995.220638017214
-40618.323833830946
-36480.0258241913
-33237.00246282657
-32252.893275832095
-31745.51193864628
-31861.216166129034
-31530.897579920515
-31494.480530815646
-19143.711855323112
-12465.943498379802
-2664.5854249933177
-2831.6821820125124
-2596.225585665816
-2555.3250828749997
-2653.7930132901984
-2523.755253579228
-2552.3437991875985
-2519.5188027303725
-2544.4846609583537
-2536.5040104444574
-2471.9104861563333
-2437.0030599874453
-2440.520503752079
-2402.2668736999126
-2425.6591632880445
-2391.1563163185538
-2338.782519909755
-2358.541267199831
-2318.428020738558
-2331.6931014145425
-2296.685197545929
-2313.3581364337488
-2281.609793414415
-2248.1745041972313
-2274.9620979325505
-2246.749869843935
-2223.7863795111175
-2227.048968029299
-2217.9815375845687
-2211.3579516387053
-2225.2456378706083
-2156.525030179938
-2206.46125310287
-2206.054517658286
-2205.183899021667
-2228.270734767301
-2284.8223434562733
-2266.996528807053
