-8810.10917783124
-20605.212714527872
-3316.358095865033
-5485.493399591037
-2429.7456886781206
-3412.0982426768205
-2343.2577294243038
-1969.8202873565576
-2061.0212080627734
-1926.0566477026653
-1879.861218363716
-1944.827568980958
-2034.4288132260663
-2053.4578920531203
-2064.5759201916885
-2052.7842521646853
-2049.6025952313303
-2021.326798028791
-2058.643352320946
-2050.1973034601374
-2076.411469708971
-2112.561742307421
-2532.366806843379
-3694.1051293491814
-3251.985510178593
-2592.7983321243887
-2641.553239984441
-3099.645349718943
-4703.187592135183
-5563.749792044701
-7551.933165411794
-10720.94425875354
-10687.709451072533
-4903.373210407398
-3103.579992704545
-2601.1204310621674
-2481.6970699150115
-2542.943288046
-2503.0561256831616
-2443.1903195794334
-2392.269700041442
-2300.141854426103
-2232.4638167118846
-2184.0342581987634
-2140.9392690641803
-2115.1483073193654
-2045.3797880978623
-2078.142987853975
-2086.952898785045
-2111.9426957313217
