-10679.107421875
-4209.310546875
-3784.680908203125
-3815.28369140625
-4014.146484375
-4040.17822265625
-3544.02099609375
-3516.25
-3613.759033203125
-3100.875
-2918.819580078125
-2911.06787109375
-3015.51123046875
-3521.72265625
-3471.414794921875
-3437.35107421875
-3399.150390625
-3364.60791015625
-3379.39990234375
-3358.38671875
-3406.216064453125
-3500.92333984375
-3561.35498046875
-3672.32958984375
-3827.311279296875
-4093.66455078125
-4404.88671875
-4237.130859375
-3992.684326171875
-4108.96630859375
-4226.7783203125
-3901.121826171875
-3898.64501953125
-4008.04150390625
-3932.410888671875
-3884.002685546875
-3710.155029296875
-3691.10498046875
-3630.612060546875
-3676.24658203125
-3654.990234375
-3671.042236328125
-3575.440673828125
-3494.67822265625
-3478.122314453125
-3440.70556640625
-3487.5625
-3188.58642578125
-2962.72119140625
-3143.99853515625
