-9277.359177831235
-4129.221750257948
-2188.1578532610943
-2683.188323984382
-2238.196251375916
-2199.1670424669783
-2086.9011503812326
-2043.8882068385378
-1984.5102131464319
-1942.2776165064165
-1919.0697552880324
-1937.548477639472
-1949.088242667406
-1954.095444516603
-1971.6441611208108
-1909.3148936781715
-1886.7319488777623
-1868.8574264356453
-1889.2576442945858
-1873.22271748381
-1840.0566565145775
-1856.7674615238525
-1861.631492104511
-1857.1910019856964
-1875.3725284940163
-1875.4562198849685
-1881.2203905851918
-1916.7488959845825
-1859.2313025491608
-1901.128506989699
-1876.6881621875277
-1900.9688639495203
-1880.5177988501353
-1973.5131153250018
-1927.8836718693606
-1921.2307774671553
-1945.1457900971855
-1916.250256949099
-1900.0288017139567
-1956.8802249047062
-1976.1205377362226
-1987.065211889939
-1983.3857438580399
-1973.2778840382075
-1967.5907607104054
-2058.3188709325127
-1944.1023137457864
-1979.0354913360425
-1988.93261762265
-1978.4038014539128
