4.391972064971924
4.263787746429443
10.188334465026855
13.070985794067383
6.994265556335449
9.01244068145752
14.742998123168945
19.439685821533203
65.5331039428711
45.72771453857422
35.031822204589844
92.78268432617188
78.81365203857422
66.87542724609375
79.53547668457031
112.95919036865234
124.55621337890625
123.30101013183594
137.24795532226562
148.79962158203125
134.55992126464844
113.17695617675781
136.54769897460938
184.14205932617188
152.51138305664062
138.5736541748047
206.46200561523438
211.1949462890625
218.5553741455078
210.9526824951172
215.49462890625
231.708251953125
249.201904296875
237.39938354492188
238.9623565673828
246.476806640625
275.4053955078125
283.41497802734375
260.56103515625
295.2981262207031
268.59820556640625
282.7742004394531
270.2506103515625
301.6263427734375
310.7227478027344
311.49993896484375
321.08258056640625
333.51910400390625
317.5542907714844
348.4873046875
333.40399169921875
347.2680969238281
334.17529296875
294.4964294433594
343.8993835449219
327.7472229003906
317.3687438964844
346.45477294921875
344.8497009277344
337.47491455078125
361.2747802734375
352.77789306640625
353.66802978515625
365.32220458984375
362.8529968261719
366.832763671875
369.0501403808594
366.76751708984375
400.2499694824219
385.3724365234375
398.8206481933594
394.80181884765625
401.9749755859375
382.7010498046875
389.9914855957031
389.9732971191406
387.7921447753906
388.89593505859375
398.0498046875
369.8909912109375
