4.4
4.275
10.2
13.075
7.0
9.025
14.75
19.45
65.525
45.75
35.05
92.8
78.8
66.9
79.525
112.95
124.575
123.325
137.225
148.825
134.55
113.175
136.55
184.15
152.55
138.575
206.475
211.2
218.6
210.95
215.5
231.7
249.2
237.4
239.0
246.525
275.425
283.425
260.575
295.3
268.6
282.775
270.25
301.625
310.725
311.5
321.075
333.525
317.55
348.5
333.4
347.275
334.2
294.5
343.9
327.75
317.375
346.45
344.85
337.475
361.3
352.775
353.675
365.325
362.85
366.825
369.05
366.775
400.25
385.375
398.825
394.8
401.975
382.7
390.0
389.975
387.8
388.9
398.05
369.9
