
Optimal
Feature: [0, 91, 10]

States: [array([ 32.55180067,   0.        ,  36.59494358,   0.        ,
       -11.39134643,  -5.14501022]), array([ 32.55180067,  -0.5       ,  36.59494358,  -0.24951287,
       -11.39134643,  -5.14501022]), array([ 32.05180067,  -0.9       ,  36.34543071,  -0.44912316,
       -10.89134643,  -4.89549736]), array([31.15180067, -1.22      , 35.89630755, -0.60881139, -9.99134643,
       -4.4463742 ]), array([29.93180067, -1.476     , 35.28749616, -0.73656198, -8.77134643,
       -3.83756281]), array([28.45580067, -1.6808    , 34.55093418, -0.83876245, -7.29534643,
       -3.10100083]), array([26.77500067, -1.84464   , 33.71217173, -0.92052282, -5.61454643,
       -2.26223838]), array([24.93036067, -1.975712  , 32.79164891, -0.98593112, -3.76990643,
       -1.34171556]), array([22.95464867, -2.0805696 , 31.80571779, -1.03825776, -1.79419443,
       -0.35578443]), array([20.87407907, -2.16445568, 30.76746002, -1.08011908,  0.28637517,
        0.68247333]), array([18.70962339, -1.74662412, 29.68734094, -0.36409526, -0.8714397 ,
        7.64239782]), array([16.96299928, -1.33409404, 29.32324568,  0.20872379,  0.87518441,
        8.00649308]), array([15.62890523, -0.94502018, 29.53196947,  0.66697903,  2.20927846,
        7.79776929]), array([14.68388505, -0.58495792, 30.19894851,  1.03358323,  3.15429864,
        7.13079026]), array([14.09892713, -0.25353318, 31.23253173,  1.32686658,  3.73925656,
        6.09720703]), array([13.84539395,  0.29717345, 32.55939831,  1.30895247,  3.99278974,
        4.77034045]), array([14.1425674 ,  0.73773876, 33.86835078,  1.39020118,  3.69561629,
        3.46138798]), array([14.88030617,  1.09019101, 35.25855196,  1.39010159,  2.95787752,
        2.07118681]), array([15.97049718,  1.37215281, 36.64865355,  1.30951955,  1.86768651,
        0.68108521]), array([17.34264999,  1.59772225, 37.9581731 ,  1.14903994,  0.4955337 ,
       -0.62843434]), array([ 18.94037224,   1.02859695,  39.10721305,   0.41923195,
        -8.58253796, -18.3616103 ]), array([ 19.96896919,   0.54776864,  39.526445  ,  -0.16461444,
        -9.61113491, -18.78084226]), array([ 20.51673783,   0.14362421,  39.36183057,  -0.63169155,
       -10.15890356, -18.61622782]), array([ 20.66036204,  -0.19297004,  38.73013902,  -1.00535324,
       -10.30252777, -17.98453627]), array([ 20.467392  ,  -0.47548358,  37.72478578,  -1.30428259,
       -10.10955773, -16.97918303]), array([ 19.99190842,  -0.71333851,  36.42050319,  -1.54342607,
        -9.63407415, -15.67490044]), array([ 19.27856991,  -0.91465938,  34.87707711,  -1.73474086,
        -8.92073564, -14.13147437]), array([ 18.36391053,  -1.17649939,  33.14233626,  -1.88779269,
        -8.00607626, -12.39673351]), array([ 17.18741114,  -1.44119951,  31.25454357,  -1.96204655,
        -6.82957687, -10.50894082]), array([15.74621163, -1.65295961, 29.29249702, -1.97816349, -5.38837736,
       -8.54689427]), array([14.09325203, -1.82236769, 27.31433353, -2.0688212 , -3.73541775,
       -6.56873078]), array([12.27088434, -1.47690904, 25.24551233, -2.15505696, -1.91305007,
       -4.49990958]), array([10.7939753 , -1.10968427, 23.09045537, -2.22404557, -0.43614103,
       -2.34485262]), array([ 9.68429102, -0.72749101, 20.8664098 , -2.27923646,  0.67354325,
       -0.12080705]), array([ 8.95680001, -0.08199281, 18.58717334, -1.66866616,  8.88631842,
        1.97485011]), array([ 8.8748072 ,  0.43440575, 16.91850718, -1.04073973,  8.96831123,
        3.64351626]), array([ 9.30921295,  0.8475246 , 15.87776745, -0.37466529,  8.53390548,
        4.68425599]), array([10.15673756,  1.03609001, 15.50310216,  0.20026777,  7.68638088,
        5.05892128]), array([11.19282757,  1.14561878, 15.70336993,  0.66021421,  6.65029087,
        4.85865352]), array([12.33844634,  1.19906298, 16.36358415,  1.02817137,  5.50467209,
        4.1984393 ]), array([13.53750933,  1.36613918, 17.39175552,  1.3225371 ,  4.30560911,
        3.17026793]), array([14.90364851,  1.59291134, 18.71429261,  1.51980749,  2.93946993,
        1.84773083]), array([16.49655985,  1.77432908, 20.2341001 ,  1.25319507,  1.34655858,
        0.32792335]), array([18.27088893,  1.91946326, 21.48729517,  0.92159962,  3.79469656,
       13.18702059]), array([20.19035219,  1.65169902, 22.40889479,  1.2372797 ,  1.8752333 ,
       12.26542096]), array([21.8420512 ,  1.37919439, 23.64617449,  1.48982376,  0.22353429,
       11.02814126]), array([23.22124559,  1.12236457, 25.13599825,  1.69185901, -1.1556601 ,
        9.53831751]), array([24.34361017,  0.74976413, 26.82785725,  1.85348721, -2.27802467,
        7.8464585 ]), array([25.09337429,  0.0998113 , 28.68134446,  1.82478616, -3.0277888 ,
        5.99297129]), array([25.1931856 , -0.42015096, 30.50613062,  1.56755909, -3.1276001 ,
        4.16818513]), array([24.77303464, -0.83612077, 32.07368972,  1.46909536, -2.70744915,
        2.60062604]), array([23.93691387, -1.16889661, 33.54278507,  1.00139506, -1.87132838,
        1.13153068]), array([22.76801726, -1.43511729, 34.54418013,  0.48428357, -0.70243177,
        0.13013562]), array([ 21.33289997,  -1.05794796,  35.02846371,  -0.11257314,
         2.63341463, -14.2215385 ]), array([ 20.27495201,  -0.71470183,  34.91589056,  -0.59005851,
         3.69136259, -14.10896536]), array([ 19.56025018,  -0.4053617 ,  34.32583205,  -0.97204681,
         4.40606442, -13.51890685]), array([ 19.15488848,  -0.12764502,  33.35378524,  -1.27763745,
         4.81142612, -12.54686004]), array([ 19.02724346,   0.1190817 ,  32.07614779,  -1.52210996,
         4.93907114, -11.26922259]), array([19.14632516,  0.34305341, 30.55403783, -1.71768797,  4.81998944,
       -9.74711263]), array([19.48937857,  0.54983449, 28.83634986, -1.87415037,  4.47693603,
       -8.02942466]), array([20.03921306,  0.74606114, 26.96219949, -1.9993203 ,  3.92710154,
       -6.15527429]), array([20.78527419,  1.09684891, 24.96287919, -1.84922172,  3.18104041,
       -4.15595399]), array([21.8821231 ,  1.37747913, 23.11365746, -1.32570946,  2.0841915 ,
       -2.30673226]), array([23.25960223,  1.6019833 , 21.78794801, -0.60339107,  0.70671237,
       -0.98102281]), array([ 2.48615855e+01,  8.99835267e-01,  2.11845569e+01,  1.72871458e-02,
       -2.05665009e+00,  5.27673499e+00]), array([25.7614208 ,  0.26896999, 21.20184409,  0.51382972, -2.95648535,
        5.25944784]), array([26.03039079, -0.28482401, 21.7156738 ,  0.90466964, -3.22545535,
        4.74561813]), array([25.74556679, -0.7278592 , 22.62034344,  1.17208801, -2.94063134,
        3.84094849]), array([25.01770758, -1.08228736, 23.79243145,  1.3470334 , -2.21277214,
        2.66886047]), array([23.93542022, -1.36582989, 25.13946485,  1.44907552, -1.13048477,
        1.32182707]), array([22.56959033, -1.59266391, 26.58854037,  1.4890426 ,  0.23534512,
       -0.12724844]), array([20.97692641, -1.62574578, 28.07758297,  1.69123408, -7.58787412,
        9.86721869]), array([19.35118063, -1.72177209, 29.76881705,  1.85298726, -5.96212834,
        8.17598461]), array([17.62940854, -1.53738063, 31.62180432,  1.98238981, -4.24035624,
        6.32299734]), array([16.09202791, -1.3540976 , 33.60419413,  2.08591185, -2.70297561,
        4.34060753]), array([14.73793031, -1.16960511, 35.69010598,  2.16872948, -1.34887801,
        2.25469568]), array([13.56832519, -0.97269426, 37.85883546,  2.23498358, -0.1792729 ,
        0.0859662 ]), array([ 12.59563093,  -0.86533488,  40.09381904,   1.28798687,
         0.63524996, -15.24042946]), array([ 11.73029605,  -0.73972796,  41.38180591,   0.53038949,
         1.50058484, -16.52841633]), array([ 10.99056809,  -0.59933964,  41.9121954 ,  -0.07568841,
         2.2403128 , -17.05880582]), array([ 10.39122846,  -0.45904876,  41.836507  ,  -0.56055072,
         2.83965244, -16.98311742]), array([  9.9321797 ,  -0.32683301,  41.27595627,  -0.94844058,
         3.29870119, -16.4225667 ]), array([  9.60534669,  -0.20444813,  40.32751569,  -1.25875246,
         3.6255342 , -15.47412612]), array([  9.40089856,  -0.09087968,  39.06876323,  -1.50700197,
         3.82998233, -14.21537365]), array([  9.31001888,   0.07307892,  37.56176126,  -1.70560158,
         3.92086201, -12.70837168]), array([  9.3830978 ,   0.32635392,  35.85615968,  -1.86448126,
         3.8477831 , -11.00277011]), array([ 9.70945172,  0.56713563, 33.99167842, -1.99158501,  3.52142918,
       -9.13828884]), array([10.27658734,  0.79593264, 32.00009341, -2.09326801,  2.95429355,
       -7.14670383]), array([11.07251998,  1.02189146, 29.90682541, -2.17461441,  2.15836091,
       -5.05343583]), array([12.09441144,  1.25952085, 27.732211  , -2.23969152,  1.13646945,
       -2.87882142]), array([13.35393229,  1.50761668, 25.49251948, -2.26170547, -0.1230514 ,
       -0.6391299 ]), array([14.86154897,  0.70609334, 23.230814  , -1.89785279, -2.10071321,
       -2.73227731]), array([15.56764232,  0.06487467, 21.33296121, -1.22338675, -2.80680656,
       -0.83442452]), array([15.63251699, -0.44810026, 20.10957446, -0.50814594, -2.87168123,
        0.38896224]), array([15.18441673, -0.83043766, 19.60142852,  0.09348325, -2.42358097,
        0.89710818]), array([14.35397908, -1.09382074, 19.69491176,  0.5747866 , -1.59314331,
        0.80362493]), array([13.26015833, -1.26987729, 20.26969836,  0.95982928, -0.49932257,
        0.22883834]), array([11.99028104, -0.51590183, 21.22952764,  0.84567019, 16.82568673,
        3.77288974]), array([11.47437921,  0.08727854, 22.07519782,  0.72709049, 17.34158856,
        2.92721955]), array([11.56165775,  0.56982283, 22.80228831,  0.61158825, 17.25431003,
        2.20012907]), array([12.13148058,  0.95585826, 23.41387656,  0.50252603, 16.6844872 ,
        1.58854081])]

Actions: [array([-0.5       , -0.24951287]), array([-0.5       , -0.24951287]), array([-0.5       , -0.24951287]), array([-0.5       , -0.24951287]), array([-0.5       , -0.24951287]), array([-0.5       , -0.24951287]), array([-0.5       , -0.24951287]), array([-0.5       , -0.24951287]), array([-0.5       , -0.24951287]), array([-0.01505957,  0.5       ]), array([0.06320525, 0.5       ]), array([0.12225505, 0.5       ]), array([0.17105823, 0.5       ]), array([0.21443315, 0.5       ]), array([0.5      , 0.2474592]), array([0.5      , 0.3430392]), array([0.5       , 0.27794065]), array([0.5       , 0.19743828]), array([0.5      , 0.1014243]), array([-0.24958085, -0.5       ]), array([-0.27510892, -0.5       ]), array([-0.2945907, -0.5      ]), array([-0.30786941, -0.5       ]), array([-0.32110755, -0.5       ]), array([-0.33295164, -0.5       ]), array([-0.34398858, -0.5       ]), array([-0.44477188, -0.5       ]), array([-0.5      , -0.4518124]), array([-0.5       , -0.40852625]), array([-0.5       , -0.48629041]), array([-0.01901489, -0.5       ]), array([ 0.07184296, -0.5       ]), array([ 0.16025641, -0.5       ]), array([0.5       , 0.15472301]), array([0.5      , 0.2941932]), array([0.5       , 0.45792649]), array([0.35807033, 0.5       ]), array([0.31674677, 0.5       ]), array([0.28256796, 0.5       ]), array([0.40688879, 0.5       ]), array([0.5       , 0.46177781]), array([0.5       , 0.03734907]), array([ 0.5       , -0.08095643]), array([0.11612841, 0.5       ]), array([0.05783518, 0.5       ]), array([0.01900906, 0.5       ]), array([-0.14812753,  0.5       ]), array([-0.5      ,  0.3419964]), array([-0.5       ,  0.10773016]), array([-0.5       ,  0.21504808]), array([-0.5       , -0.17388123]), array([-0.5       , -0.31683248]), array([ 0.09014587, -0.5       ]), array([ 0.13165653, -0.5       ]), array([ 0.16639977, -0.5       ]), array([ 0.19664434, -0.5       ]), array([ 0.22119771, -0.5       ]), array([ 0.24778805, -0.5       ]), array([ 0.27539176, -0.5       ]), array([ 0.30619355, -0.5       ]), array([ 0.5       , -0.24976548]), array([0.5       , 0.15366792]), array([0.5      , 0.4571765]), array([-0.38175137,  0.5       ]), array([-0.45089822,  0.5       ]), array([-0.5       ,  0.49360586]), array([-0.5      ,  0.4483523]), array([-0.5       ,  0.40936299]), array([-0.5      ,  0.3714488]), array([-0.5       ,  0.32978219]), array([-0.35161465,  0.5       ]), array([-0.42117547,  0.5       ]), array([-0.15996295,  0.5       ]), array([-0.1241931,  0.5      ]), array([-0.08632704,  0.5       ]), array([-0.03701017,  0.5       ]), array([-0.08717947, -0.5       ]), array([-0.04746005, -0.5       ]), array([-0.00755727, -0.5       ]), array([ 0.02042295, -0.5       ]), array([ 0.040406, -0.5     ]), array([ 0.05701828, -0.5       ]), array([ 0.07267882, -0.5       ]), array([ 0.14578266, -0.5       ]), array([ 0.26789079, -0.5       ]), array([ 0.30605249, -0.5       ]), array([ 0.34222414, -0.5       ]), array([ 0.38514535, -0.5       ]), array([ 0.44200768, -0.5       ]), array([ 0.5       , -0.46995225]), array([-0.5       , -0.08848841]), array([-0.5       ,  0.29489548]), array([-0.5       ,  0.47056346]), array([-0.47195745,  0.5       ]), array([-0.42947062,  0.5       ]), array([-0.39482069,  0.5       ]), array([0.5       , 0.07780677]), array([0.5       , 0.05055434]), array([0.5       , 0.02991587]), array([0.5       , 0.01325543])]

Trash Locations: [(21.160454243365226, 31.44993335196107), (17.838183691149457, 37.329738765436744), (10.357834272069589, 20.74560274741652), (17.84311843436643, 20.56202344683735), (22.065585492429257, 34.67431575345499), (23.96631459931359, 20.806925201312783), (22.8049354428908, 26.461291927855566), (13.389052294480695, 37.944801659895475), (13.230880891856845, 24.853389578314683), (12.760835760430773, 20.498536698188552)]