
Optimal
Feature: [0, 90, 11]

States: [array([32.75244016,  0.        , 30.27513966,  0.        , -4.69693034,
        9.62330926]), array([32.75244016, -0.24170787, 30.27513966,  0.5       , -4.69693034,
        9.62330926]), array([32.51073229, -0.43253332, 30.77513966,  0.9       , -4.45522247,
        9.12330926]), array([32.07819897, -0.58513045, 31.67513966,  1.22      , -4.02268915,
        8.22330926]), array([31.49306852, -0.70715222, 32.89513966,  1.476     , -3.4375587 ,
        7.00330926]), array([30.7859163 , -0.80471807, 34.37113966,  1.6808    , -2.73040648,
        5.52730926]), array([29.98119823, -0.88272118, 36.05193966,  1.84464   , -1.92568841,
        3.84650926]), array([29.09847705, -0.94507389, 37.89657966,  1.975712  , -1.04296723,
        2.00186926]), array([ 2.81534032e+01, -1.25605911e+00,  3.98722917e+01,  1.50129646e+00,
       -9.78933449e-02,  2.61572564e-02]), array([ 26.89734405,  -1.24840917,  41.37358812,   0.70103717,
        -7.75176597, -11.54630999]), array([ 25.64893488,  -1.17179212,  42.07462528,   0.06082973,
        -6.5033568 , -12.24734715]), array([ 24.47714276,  -1.03951138,  42.13545501,  -0.45133621,
        -5.33156469, -12.30817689]), array([ 23.43763138,  -0.89515612,  41.6841188 ,  -0.86106897,
        -4.29205331, -11.85684067]), array([ 22.54247527,  -0.89778289,  40.82304983,  -1.18885518,
        -3.39689719, -10.9957717 ]), array([21.64469238, -0.860217  , 39.63419465, -1.45108414, -2.49911431,
       -9.80691652]), array([20.78447538, -0.80933039, 38.18311051, -1.66086731, -1.6388973 ,
       -8.35583238]), array([19.97514499, -0.73396733, 36.5222432 , -1.82869385, -0.82956691,
       -6.69496507]), array([19.24117766, -0.63280434, 34.69354935, -1.96295508, -0.09559959,
       -4.86627122]), array([18.60837332, -0.23202895, 32.73059427, -2.07036406,  0.53720475,
       -2.90331614]), array([18.37634437,  0.28843859, 30.6602302 , -2.15629125,  0.76923371,
       -0.83295207]), array([18.66478296, -0.26924913, 28.50393895, -1.32257635, -3.55479655,
        7.99295628]), array([18.39553383, -0.48113297, 27.1813626 , -0.55806108, -3.28554742,
        9.31553263]), array([17.91440086, -0.54895646, 26.62330152,  0.05355114, -2.80441445,
        9.87359371]), array([17.3654444 , -0.55536553, 26.67685265,  0.54284091, -2.25545799,
        9.82004258]), array([16.81007887, -0.52592852, 27.21969356,  0.93427273, -1.70009246,
        9.27720167]), array([16.28415035, -0.4900211 , 28.15396629,  1.24741818, -1.17416394,
        8.34292894]), array([15.79412925, -0.45025115, 29.40138447,  1.49793454, -0.68414284,
        7.09551076]), array([15.3438781 , -0.4081153 , 30.89931902,  1.69834764, -0.23389169,
        5.59757621]), array([14.9357628 , -0.04526331, 32.59766665,  1.85867811,  0.17422361,
        3.89922858]), array([14.8904995 ,  0.46378936, 34.45634476,  1.22093342,  0.21948691,
        2.04055047]), array([15.35428885,  0.87103148, 35.67727818,  0.50835514, -0.24430244,
        0.81961705]), array([16.22532034,  0.43434151, 36.18563332, -0.09331589, -2.26782366,
        0.56671018]), array([ 1.66596618e+01,  3.54603947e-02,  3.60923174e+01, -5.74652710e-01,
       -2.70216517e+00,  6.60026065e-01]), array([16.69512224, -0.47163168, 35.51766473, -0.40685016, -2.73762556,
        1.23467878]), array([16.22349056, -0.87730535, 35.11081456, -0.03599515, -2.26599388,
        1.64152894]), array([15.34618521, -1.20184428, 35.07481941,  0.31531341, -1.38868853,
        1.67752409]), array([14.14434093, -1.46147542, 35.39013283,  0.65619483, -0.18684425,
        1.36221068]), array([ 1.26828655e+01, -9.43786757e-01,  3.60463277e+01,  2.49558659e-02,
        6.93816598e+00, -1.46247925e+01]), array([ 11.73907875,  -0.50078992,  36.07128352,  -0.48003531,
         7.88195274, -14.64974836]), array([ 11.23828884,  -0.12563041,  35.59124822,  -0.88402825,
         8.38274266, -14.16971306]), array([ 11.11265842,   0.19567278,  34.70721997,  -1.2072226 ,
         8.50837307, -13.28568481]), array([ 11.3083312 ,   0.47161774,  33.49999737,  -1.46577808,
         8.31270029, -12.07846221]), array([ 11.77994895,   0.71006804,  32.0342193 ,  -1.67262246,
         7.84108255, -10.61268414]), array([12.49001699,  1.04610745, 30.36159683, -1.83809797,  7.1310145 ,
       -8.94006168]), array([13.53612444,  1.33688596, 28.52349887, -1.82383103,  6.08490706,
       -7.10196371]), array([14.8730104 ,  1.56950877, 26.69966783, -1.64042354,  4.7480211 ,
       -5.27813267]), array([16.44251916,  1.75560701, 25.05924429, -1.43188074,  3.17851233,
       -3.63770913]), array([18.19812618,  1.63080261, 23.62736355, -1.64550459,  1.42290531,
       -2.20582839]), array([19.82892879,  1.42450724, 21.98185896, -1.81640368, -0.20789729,
       -0.5603238 ]), array([21.25343602,  0.63960579, 20.16545528, -1.13732646, -2.84556841,
        1.39972697]), array([ 2.18930418e+01,  1.16846317e-02,  1.90281288e+01, -5.13812338e-01,
       -3.48517420e+00,  2.53705343e+00]), array([21.90472644, -0.49065229, 18.51431648,  0.02595595, -3.49685883,
        3.05086577]), array([21.41407415, -0.89252184, 18.54027244,  0.49042447, -3.00620653,
        3.02490982]), array([20.52155231, -1.21401747, 19.03069691,  0.89211643, -2.1136847 ,
        2.53448535]), array([19.30753484, -1.44156613, 19.92281334,  1.21369315, -0.89966723,
        1.64236891]), array([17.86596871, -1.59148724, 21.13650649,  1.47095452,  0.5418989 ,
        0.42867577]), array([16.27448148, -1.68247853, 22.607461  ,  0.67676361, -4.80517363,
       -2.42820198]), array([14.59200295, -1.58730337, 23.28422462,  0.04141089, -3.1226951 ,
       -3.10496559]), array([13.00469957, -1.39952741, 23.32563551, -0.46687129, -1.53539173,
       -3.14637648]), array([11.60517216, -1.16091847, 22.85876422, -0.87349703, -0.13586432,
       -2.67950519]), array([10.44425369, -0.89065659, 21.98526719, -1.19879762,  1.02505415,
       -1.80600816]), array([ 9.5535971 , -0.21252528, 20.78646957, -1.1855268 ,  1.91571075,
       -0.60721054]), array([ 9.34107182,  0.32997978, 19.60094277, -1.02221692,  2.12823602,
        0.57831626]), array([ 9.6710516 ,  0.76398382, 18.57872584, -0.66133918,  1.79825624,
        1.60053318]), array([10.43503542,  0.42641124, 17.91738666, -0.02907135,  1.03427242,
        2.26187236]), array([10.86144667,  0.13276857, 17.88831531,  0.47674292,  0.60786118,
        2.29094371]), array([10.99421524, -0.12921383, 18.36505824,  0.88139434,  0.4750926 ,
        1.81420079]), array([10.86500141, -0.36369128, 19.24645257,  1.20511547,  0.60430643,
        0.93280645]), array([10.50131014, -0.15380841, 20.45156804,  1.46409238,  1.88007335,
        8.28387453]), array([10.34750173,  0.03716811, 21.91566042,  1.6712739 ,  2.03388176,
        6.81978216]), array([10.38466984,  0.52973449, 23.58693432,  1.63065407,  1.99671365,
        5.14850826]), array([10.91440432,  0.92378759, 25.21758839,  1.47020049,  1.46697917,
        3.51785418]), array([11.83819191,  1.23903007, 26.68778888,  1.25917428,  0.54319158,
        2.0476537 ]), array([13.07722198,  1.49122406, 27.94696316,  0.95696336, -0.69583849,
        0.78847942]), array([14.56844604,  1.09571139, 28.90392652,  0.26557069,  0.92670822,
       -0.71354058]), array([15.66415743,  1.37656911, 29.16949721,  0.27681092, 11.34389275,
        4.94971498]), array([17.04072654,  1.60125529, 29.44630813,  0.28677115,  9.96732364,
        4.67290406]), array([18.64198183,  1.78100423, 29.73307928,  0.29125799,  8.36606835,
        4.38613291]), array([20.42298606,  1.92480338, 30.02433726,  0.29124831,  6.58506412,
        4.09487492]), array([22.34778944,  1.77767758, 30.31558557,  0.73299865,  4.66026073,
        3.80362661]), array([24.12546702,  1.51813529, 31.04858422,  1.08639892,  2.88258316,
        3.07062797]), array([25.64360231,  1.23705262, 32.13498314,  1.36911913,  1.36444786,
        1.98422905]), array([26.88065493,  0.94715948, 33.50410227,  1.59529531,  0.12739524,
        0.61510991]), array([ 27.82781441,   0.25772759,  35.09939758,   0.8918561 ,
       -14.65199485, -10.0248611 ]), array([ 28.085542  ,  -0.29381793,  35.99125368,   0.30066808,
       -14.90972244, -10.9167172 ]), array([ 27.79172407,  -0.73505435,  36.29192176,  -0.19418081,
       -14.61590451, -11.21738528]), array([ 27.05666972,  -1.08804348,  36.09774095,  -0.60834011,
       -13.88085016, -11.02320447]), array([ 25.96862624,  -1.37043478,  35.48940084,  -0.95596248,
       -12.79280669, -10.41486436]), array([ 24.59819146,  -1.59634782,  34.53343836,  -1.24948004,
       -11.42237191,  -9.45890189]), array([23.00184364, -1.77686743, 33.28395832, -1.49958404, -9.82602408,
       -8.20942184]), array([21.22497621, -1.90515992, 31.78437428, -1.69966723, -8.04915666,
       -6.70983781]), array([19.3198163 , -1.9866111 , 30.08470705, -1.85973378, -6.14399674,
       -5.01017058]), array([17.33320519, -1.89393967, 28.22497327, -1.98778703, -4.15738564,
       -3.15043679]), array([15.43926552, -2.01515174, 26.23718624, -2.01223335, -2.26344596,
       -1.16264977]), array([13.42411378, -2.11212139, 24.2249529 , -2.00650321, -0.24829422,
        0.84958358]), array([11.31199239, -1.73108814, 22.21844969, -1.10520257, -1.29711509,
       12.66751222]), array([ 9.58090425, -1.35290976, 21.11324712, -0.38416205,  0.43397305,
       13.77271478]), array([ 8.22799449, -0.98723145, 20.72908507,  0.19267036,  1.78688281,
       14.15687684]), array([ 7.24076304, -0.64485885, 20.92175542,  0.65413629,  2.77411426,
       13.96420648]), array([ 6.59590419, -0.34133863, 21.57589171,  1.02330903,  3.41897311,
       13.31007019]), array([ 6.25456556, -0.09820267, 22.59920074,  1.31864722,  3.76031174,
       12.28676116])]

Actions: [array([-0.24170787,  0.5       ]), array([-0.23916702,  0.5       ]), array([-0.23910379,  0.5       ]), array([-0.23904786,  0.5       ]), array([-0.23899629,  0.5       ]), array([-0.23894672,  0.5       ]), array([-0.23889695,  0.5       ]), array([-0.5       , -0.07927314]), array([-0.24356188, -0.5       ]), array([-0.17306478, -0.5       ]), array([-0.10207769, -0.5       ]), array([-0.06354701, -0.5       ]), array([-0.18165799, -0.5       ]), array([-0.14199069, -0.5       ]), array([-0.12115679, -0.5       ]), array([-0.08650301, -0.5       ]), array([-0.04563048, -0.5       ]), array([ 0.27421452, -0.5       ]), array([ 0.47406175, -0.5       ]), array([-0.5       ,  0.40245665]), array([-0.26573366,  0.5       ]), array([-0.16405009,  0.5       ]), array([-0.11620036,  0.5       ]), array([-0.0816361,  0.5      ]), array([-0.06927829,  0.5       ]), array([-0.05823427,  0.5       ]), array([-0.04791438,  0.5       ]), array([0.28122893, 0.5       ]), array([ 0.5       , -0.26600906]), array([ 0.5      , -0.4683916]), array([-0.26248368, -0.5       ]), array([-0.31201281, -0.5       ]), array([-0.5       ,  0.05287201]), array([-0.5       ,  0.28948498]), array([-0.5       ,  0.34410953]), array([-0.5      ,  0.4039441]), array([ 0.22539358, -0.5       ]), array([ 0.25423949, -0.5       ]), array([ 0.27500152, -0.5       ]), array([ 0.29617711, -0.5       ]), array([ 0.31507952, -0.5       ]), array([ 0.33277385, -0.5       ]), array([ 0.47805302, -0.5       ]), array([ 0.5       , -0.35335266]), array([ 0.5       , -0.18135871]), array([ 0.5       , -0.11954191]), array([ 0.226317, -0.5     ]), array([ 0.11986515, -0.5       ]), array([-0.5       ,  0.31579648]), array([-0.5       ,  0.39604883]), array([-0.5       ,  0.43700582]), array([-0.5       ,  0.46965971]), array([-0.5       ,  0.49977686]), array([-0.47035215,  0.5       ]), array([-0.43823434,  0.5       ]), array([-0.40928874, -0.5       ]), array([-0.24132055, -0.5       ]), array([-0.12968471, -0.5       ]), array([-0.04129655, -0.5       ]), array([ 0.03807818, -0.5       ]), array([ 0.5      , -0.2264887]), array([ 0.5       , -0.07379549]), array([0.5       , 0.15643436]), array([-0.18477581,  0.5       ]), array([-0.20836042,  0.5       ]), array([-0.23542869,  0.5       ]), array([-0.26032021,  0.5       ]), array([0.13714461, 0.5       ]), array([0.16021483, 0.5       ]), array([0.5       , 0.29363495]), array([0.5       , 0.16567723]), array([0.5       , 0.08301389]), array([ 0.5       , -0.05037607]), array([-0.09726786, -0.5       ]), array([0.5       , 0.06435437]), array([0.5       , 0.06532241]), array([0.5       , 0.06184107]), array([0.5       , 0.05824192]), array([0.23783487, 0.5       ]), array([0.09599323, 0.5       ]), array([0.02254439, 0.5       ]), array([-0.04248261,  0.5       ]), array([-0.5       , -0.38438015]), array([-0.5       , -0.41281679]), array([-0.5       , -0.43471528]), array([-0.5       , -0.45299546]), array([-0.5       , -0.46929039]), array([-0.5       , -0.48471006]), array([-0.49978917, -0.5       ]), array([-0.48366598, -0.5       ]), array([-0.46248317, -0.5       ]), array([-0.30465079, -0.5       ]), array([-0.5       , -0.42200373]), array([-0.5       , -0.39671653]), array([-0.04139103,  0.5       ]), array([0.03196076, 0.5       ]), array([0.09509636, 0.5       ]), array([0.14492631, 0.5       ]), array([0.17454845, 0.5       ]), array([0.17486823, 0.5       ])]

Trash Locations: [(28.055509817801806, 39.89844891401732), (19.145578076602796, 29.82727812853754), (15.109986411882048, 36.49689522989061), (13.95749668100737, 36.75234350147616), (19.621031492224876, 21.421535159159067), (18.407867616343506, 21.565182252295166), (11.46930784324385, 20.179259024644896), (12.38138348972588, 28.735442578752227), (15.495154257722426, 28.190385939962955), (27.0080501740617, 34.11921218669989), (13.175819556809081, 25.074536476558333)]