284.89328373025256
311.4735814862521
324.278236239253
392.539984396753
379.7484663767526
437.48501729575327
486.884258226254
471.62119426600304
502.6761953620031
511.3400888320036
515.1441383027524
513.242162218754
539.9744595850034
508.43648758300213
543.0565947362536
535.6366960375035
532.0748702980034
542.3887613807534
540.7668586435032
505.4352417895035
528.2435791810035
533.052434645503
532.6303639787528
525.139346124253
541.7000414777524
532.7486320585037
528.9457806700032
555.8193392642536
551.8030994845034
544.4669372087532
547.8944137675022
564.6943841117544
534.1141288412531
554.6024866502532
539.5983397600037
564.4609491265021
592.2544344985033
557.3132744710044
558.3575126845021
564.5347296452529
586.1952226052537
570.3455484107519
581.4765226967536
575.9524528645032
611.9522986855031
599.9674570637525
575.8227279587534
580.1477327365035
552.2762780095022
570.5420710367542
