-22254.487936220437
-20847.321720362514
-19531.396849762485
-18322.21275244779
-16954.27884227676
-16912.99473424654
-17753.108433151843
-16060.533357994253
-15460.651161088454
-14478.411349515794
-12436.154606826645
-11759.702112234321
-13264.11649677221
-12690.831229113204
-12315.563047782458
-11853.860773642396
-12574.590637665025
-11986.649286900834
-11753.493522153589
-11660.005363270757
-11038.833679874404
-11241.066428482416
-11084.911883937508
-10753.771841755035
-10617.020945765997
-10974.188613657727
-10168.711869659175
-10290.808936490115
-9574.824377598321
-9977.840043274786
-9001.18771595231
-9163.156046931352
-9495.950011029885
-9009.773587597572
-8970.468540828002
-8208.703448407148
-8848.41092045248
-8705.143004600624
-8319.515753508542
-8471.392582626637
-8285.716205246612
-8222.951976915652
-8306.41716783566
-8255.435487197696
-8082.625044199731
-8007.899987617243
-7979.959095666716
-8043.009320733829
-7773.684082177589
-7832.076537109797
