-21788.5078125
-19677.228515625
-15734.7392578125
-12292.482421875
-11083.484375
-6657.234375
-4114.740234375
-2172.7373046875
-911.2398681640625
-282.74432373046875
112.25373840332031
197.9991455078125
-205.0049285888672
920.4284057617188
985.2531127929688
1117.00048828125
1460.997802734375
1544.985107421875
1592.9884033203125
1598.9886474609375
1575.993896484375
1653.4957275390625
1681.9827880859375
1691.492919921875
1672.988037109375
1416.7459716796875
1707.0006103515625
1568.990966796875
1685.487548828125
1699.9935302734375
1226.492919921875
1706.501953125
1717.492431640625
1380.99462890625
1765.501220703125
1493.236572265625
1739.4976806640625
1741.487060546875
1693.9947509765625
1753.478759765625
1314.2515869140625
1779.501220703125
1780.991455078125
1782.990234375
1764.493896484375
1782.4873046875
1801.488525390625
1806.9964599609375
457.7410583496094
1778.254638671875
