-49491.98793622043
-29300.50579966391
-22966.73532108668
-22945.43177679638
-26371.96647808539
-26272.01130530728
-26426.316498951976
-24054.76068691577
-22713.300560628646
-21055.901756447136
-19911.32693969475
-18364.811736810367
-18006.922702791493
-17878.758907550244
-17333.2545788414
-16222.157537980887
-15167.229275237845
-15243.541052103552
-13626.217993394155
-13940.799981008313
-14822.969019716766
-14427.3543643935
-13104.870162506286
-12262.533873042195
-11891.187739157958
-12366.686398507172
-11577.314187067048
-11034.232200839915
-10028.903435853972
-10199.69606740427
-10065.598195805425
-9893.077900870976
-9691.014930783735
-10001.084036752563
-9288.263035921096
-9160.78412198254
-8755.647395910792
-8657.43926304504
-8478.849191544652
-8653.829822635513
-9123.85451065096
-8141.483869184
-8797.054183201286
-8289.490486178383
-8720.381611902256
-8345.675933299386
-8264.09876459718
-8304.37804792764
-8229.02579060936
-8276.19187830696
