-49491.98046875
-29300.48046875
-22966.712890625
-22945.400390625
-26371.94921875
-26271.994140625
-26426.28125
-24054.72265625
-22713.287109375
-21055.861328125
-19911.287109375
-18364.775390625
-18006.888671875
-17878.724609375
-17333.22265625
-16222.125
-15167.2001953125
-15243.5078125
-13626.189453125
-13940.779296875
-14822.931640625
-14427.3232421875
-13104.841796875
-12262.5048828125
-11891.1572265625
-12366.66015625
-11577.2890625
-11034.2021484375
-10028.8759765625
-10199.673828125
-10065.5751953125
-9893.0546875
-9690.9951171875
-10001.05859375
-9288.2421875
-9160.76171875
-8755.626953125
-8657.4169921875
-8478.8271484375
-8653.8076171875
-9123.83203125
-8141.4619140625
-8797.033203125
-8289.4697265625
-8720.361328125
-8345.6552734375
-8264.076171875
-8304.3564453125
-8229.00390625
-8276.169921875
